4.200000000000000000e+02 6.175298804780876560e-02 7.777874414063814038e+04
4.170000000000000000e+02 8.366533864541833565e-02 5.416051191155518609e+04
4.080000000000000000e+02 1.055776892430278918e-01 4.426405960394937574e+04
3.810000000000000000e+02 1.274900398406374480e-01 8.716016589827369899e+04
3.720000000000000000e+02 1.494023904382470180e-01 6.323983903724980337e+04
3.690000000000000000e+02 1.713147410358565603e-01 5.554161120100934932e+04
3.540000000000000000e+02 2.151394422310756727e-01 5.756185621912074566e+04
3.870000000000000000e+02 2.370517928286852427e-01 7.319267872283801262e+04
3.840000000000000000e+02 2.589641434262948128e-01 7.693327366616301879e+04
4.050000000000000000e+02 2.808764940239043550e-01 5.367160754036244907e+04
4.020000000000000000e+02 3.027888446215139528e-01 4.938003791967681900e+04
4.350000000000000000e+02 3.247011952191234396e-01 5.721378272729954188e+04
4.380000000000000000e+02 3.685258964143426352e-01 6.655387577112532745e+04
3.990000000000000000e+02 3.904382470119521220e-01 6.810778976065745519e+04
3.960000000000000000e+02 4.123505976095617198e-01 7.392041888086390099e+04
3.930000000000000000e+02 4.342629482071712621e-01 7.326419987743608363e+04
3.900000000000000000e+02 4.561752988047808599e-01 7.167955362850458187e+04
3.510000000000000000e+02 4.780876494023904022e-01 8.041861922969702573e+04
3.360000000000000000e+02 5.219123505976095423e-01 9.373133092064029188e+04
3.330000000000000000e+02 5.438247011952191956e-01 8.946426744869005051e+04
3.300000000000000000e+02 5.657370517928287379e-01 7.481516979236769839e+04
4.590000000000000000e+02 5.876494023904381692e-01 7.848544164523830113e+04
4.560000000000000000e+02 6.095617529880478225e-01 9.155082545222213957e+04
4.530000000000000000e+02 6.314741035856573648e-01 9.314323059358200408e+04
4.500000000000000000e+02 6.752988047808765604e-01 6.543707444545588805e+04
4.650000000000000000e+02 6.972111553784859916e-01 6.012048192915866093e+04
4.620000000000000000e+02 7.191235059760956450e-01 6.151824989936970087e+04
3.270000000000000000e+02 7.410358565737051872e-01 7.187420882686437108e+04
3.240000000000000000e+02 7.629482071713147295e-01 8.137182610797681264e+04
3.390000000000000000e+02 7.848605577689243828e-01 9.297171764517182601e+04
3.060000000000000000e+02 8.286852589641433564e-01 6.366677091946343717e+04
3.210000000000000000e+02 8.505976095617530097e-01 6.283377866455807816e+04
3.180000000000000000e+02 8.725099601593625520e-01 6.037757541729268269e+04
4.710000000000000000e+02 8.944223107569720943e-01 5.999585617023254599e+04
4.680000000000000000e+02 9.163346613545817476e-01 6.160724764860302821e+04
4.830000000000000000e+02 9.382470119521911789e-01 4.095410917004158546e+04
