3.617290761609390029e+04
3.864723676975254057e+04
4.384841326559842855e+04
4.695655889159949584e+04
3.910216458196840540e+04
4.742274333924828534e+04
6.801963557228285936e+04
6.693069620847694750e+04
6.646135336039231333e+04
4.563918654360223445e+04
4.568037462456919457e+04
6.245379052554827649e+04
7.309965207412582822e+04
4.657935413262443763e+04
5.174316049035197648e+04
5.829550637649806595e+04
6.255478040972830786e+04
6.052978430119676341e+04
4.166890021644256194e+04
4.229174778177568805e+04
4.437799318231826328e+04
4.853318918908415071e+04
4.225787054637744586e+04
4.006465680629559938e+04
4.905526053061448329e+04
5.353459818358151824e+04
6.087319861398134526e+04
4.743231364699627011e+04
4.911812879378937214e+04
3.847753094257795601e+04
5.789935465861903504e+04
5.234099131229081104e+04
5.348762112231687206e+04
5.168430599179312412e+04
5.046959897315590206e+04
3.699047271842870396e+04
