4.466983653723037423e+04
4.834703765290286537e+04
5.572416572376629483e+04
5.852893461944747833e+04
5.247796149064981000e+04
7.041405312484609021e+04
1.199167612219581933e+05
1.082187535140223481e+05
1.050017975607897679e+05
5.861642476482249185e+04
5.793694378397736000e+04
9.456909772224772314e+04
1.315954712480598537e+05
5.922506857254141505e+04
7.002897106266043556e+04
8.566264984647657548e+04
9.645156654286332196e+04
9.233107932555118168e+04
5.190082942024664953e+04
5.172239761918387376e+04
5.451630510304354539e+04
7.083225985507646692e+04
5.639440541752788704e+04
5.171436901521159598e+04
6.972305319941059861e+04
8.599684812134283129e+04
1.091691349413993157e+05
5.943474668541012943e+04
6.171166193325863424e+04
4.708626132476243947e+04
9.231357012912385107e+04
6.744352962903883599e+04
6.884787583485143841e+04
8.233619194658276683e+04
7.790211768251929607e+04
4.723028693985642894e+04
