1024
0 0
-20 0
80 0
-179 -3
317 12
-494 -30
708 65
-957 -124
1238 215
-1546 -348
1874 532
-2214 -779
2554 1097
-2880 -1498
3173 1987
-3412 -2570
3573 3248
-3628 -4017
3550 4867
-3306 -5782
2868 6734
-2208 -7689
1305 8602
-144 -9418
-1277 10074
2947 -10498
-4835 10617
6892 -10356
-9043 9645
11192 -8428
-13218 6667
14982 -4352
-16329 1509
17102 1796
-17146 -5445
16329 9274
-14554 -13069
11777 16575
-8026 -19509
3408 21578
1875 -22503
-7529 22049
13175 -20061
-18367 16486
22625 -11411
-25475 5074
26502 2126
-25402 -9645
22044 16821
-16507 -22934
9117 27271
-445 -29216
-8715 28343
17412 -24493
-24631 17844
29416 -8937
-31006 -1340
28970 11823
-23310 -21195
14526 28156
-3606 -31616
-8061 30886
18850 -25834
-27124 16979
31528 -5476
-31218 -7030
26023 18622
-16559 -27382
4211 31722
9030 -30700
-20866 24262
29085 -13344
-31999 -203
28828 13890
-19947 -25023
6922 31242
7701 -31059
-20866 24261
29632 -12080
-31863 -2954
26800 17487
-15365 -28070
91 32000
15378 -28063
-27125 16977
31971 -1369
-28387 -14771
17060 27073
-877 -31988
-15722 27871
27927 -15623
-31970 -1385
26361 18141
-12533 -29444
-5393 31542
21748 -23474
-31087 7591
30052 10994
-18691 -25974
680 31993
17734 -26636
-29851 11530
30987 7989
-20403 -24652
1859 31946
17571 -26745
-30125 10792
30497 9691
-18208 -26315
-1877 31945
21312 -23871
-31562 5278
27822 15809
-11437 -29886
-10346 30281
27435 -16472
-31559 -5297
20402 24653
895 -31987
-21893 23339
31882 -2741
-25436 -19417
5568 31512
17407 -26851
-31087 7589
27724 15981
-8825 -30759
-15208 28155
30620 -9296
-28202 -15121
9014 30704
15725 -27870
-30992 7970
27115 16993
-6147 -31404
-18866 25847
31806 -3523
-23935 -21240
87 32000
23950 -21223
-31732 -4131
17553 26756
9035 -30698
-29328 12801
28565 14424
-6917 -31243
-19961 25011
32000 12
-19788 -25148
-7707 31058
29328 -12800
-27917 -15640
4205 31722
23015 -22233
-31525 -5494
13961 28794
15382 -28060
-31806 3521
21000 24146
8089 -30961
-30192 10603
25553 19262
2077 -31933
-27930 15618
28201 15123
-2247 -31921
-25919 18766
29550 12281
-4788 -31640
-24718 20323
30051 10999
-5565 -31512
-24592 20475
29913 11367
-4593 -31669
-25569 19241
29076 13363
-1854 -31946
-27437 16468
27218 16828
2667 -31889
-29709 11891
23802 21389
8849 -30752
-31563 5273
18203 26318
16239 -27573
-31824 -3353
9949 30414
23821 -21367
-29076 -13364
-900 31987
29853 -11524
-22018 -23221
-13274 29117
31961 1588
-10136 -30352
-24719 20322
27722 15985
5400 -31541
-31495 5660
15873 27786
21021 -24127
-29624 -12101
-2080 31932
30993 -7966
-17053 -27077
-20723 24383
29395 12646
3648 -31791
-31530 5466
13958 28795
23953 -21219
-26795 -17494
-9979 30404
31939 1982
-5949 -31442
-29089 13335
19785 25151
19965 -25008
-28824 -13899
-7329 31150
31994 607
-5949 -31442
-29636 12071
17549 26759
23018 -22229
-26017 -18631
-13811 28866
30778 8757
3649 -31791
-31971 1360
6142 31405
30194 -10599
-14661 -28444
-26263 18282
21438 23757
21023 -24126
-26356 -18149
-15214 28152
29548 12285
9418 -30583
-31300 -6658
-4040 31744
31960 1591
-671 -31993
-31883 2733
4589 31669
31386 -6237
-7677 -31065
-30734 8912
9946 30415
30128 -10784
-11429 -29889
-29710 11887
12161 29599
29562 -12252
-12161 -29599
-29710 11887
11429 29889
30128 -10783
-9946 -30415
-30734 8912
7677 31066
31386 -6236
-4588 -31669
-31883 2732
670 31993
31960 1592
4041 -31744
-31299 -6659
-9419 30582
29547 12286
15215 -28151
-26355 -18150
-21024 24124
21437 23758
26265 -18280
-14659 -28445
-30194 10597
6139 31406
31971 -1357
3651 -31791
-30778 -8759
-13813 28865
26015 18634
23020 -22227
-17546 -26761
-29637 12068
5946 31443
31994 610
7332 -31149
-28822 -13902
-19967 25006
19782 25153
29091 -13332
-5945 -31443
-31938 -1986
-9983 30403
26792 17498
23956 -21216
-13954 -28797
-31531 5461
-3652 31791
29394 12650
20727 -24380
-17049 -27080
-30994 7961
-2085 31932
29622 12106
21025 -24123
-15868 -27788
-31496 5655
-5405 31540
27719 15990
24722 -20318
-10130 -30354
-31960 -1594
-13280 29114
22013 23225
29855 -11518
906 -31987
-29073 -13369
-23826 21362
9943 30416
31823 3360
16245 -27570
-18198 -26322
-31564 5266
-8856 30750
23797 21394
29711 -11884
2674 -31888
-27214 -16835
-27441 16462
1846 31947
29073 13370
25574 -19235
-4586 -31670
-29910 -11375
-24598 20469
5557 31514
30048 11006
24723 -20317
-4780 -31641
-29546 -12289
-25925 18759
2239 31922
28197 15131
27934 -15610
2086 -31932
-25548 -19270
-30195 10594
-8098 30958
20993 24152
31807 -3512
15391 -28056
-13953 -28798
-31523 -5503
-23022 22226
4195 31724
27912 15649
29332 -12791
7717 -31056
-19780 -25155
-32000 -23
-19969 25005
6907 31246
28560 14434
29333 -12791
9046 -30695
-17544 -26762
-31731 -4143
-23957 21214
76 32000
23927 21248
31807 -3511
18875 -25840
-6136 -31406
-27109 -17003
-30995 7959
-15735 27864
9002 30708
28196 15132
30623 -9285
15219 -28149
-8813 -30763
-27718 -15992
-31090 7577
-17418 26844
5555 31514
25428 19427
31884 -2728
21902 -23330
908 -31987
-20392 -24661
-31556 -5310
-27442 16460
-10359 30277
11424 29891
27815 15821
31564 -5264
21322 -23861
1891 -31944
-18196 -26323
-30493 -9705
-30130 10779
-17583 26737
1844 31947
20392 24661
30983 8004
29856 -11516
17747 -26628
-665 -31993
-18678 -25983
-30047 -11008
-31090 7576
-21759 23464
-5408 31540
12519 29450
26352 18154
31969 1401
27935 -15609
15736 -27864
-861 -31988
-17046 -27082
-28380 -14785
-31971 1353
-27134 16963
-15392 28055
74 32000
15350 28078
26790 17501
31862 2971
29639 -12064
20879 -24250
7718 -31055
-6905 -31246
-19933 -25034
-28821 -13906
-31999 -221
-29092 13328
-20879 24250
-9047 30694
4194 31724
16544 27392
26013 18637
31214 7048
31531 -5458
27134 -16963
18876 -25840
8100 -30958
-3608 -31796
-14655 -28447
-23663 -21542
-29620 -12109
-31969 -1401
-30624 9283
-25926 18758
-18557 26070
-9424 30581
467 31997
10127 30355
18678 25983
25427 19428
29909 11377
31896 2579
31387 -6231
28581 -14392
23828 -21360
17583 -26736
10360 -30277
2677 -31888
-4972 -31611
-12155 -29602
-18518 -26098
-23795 -21396
-27815 -15822
-30493 -9706
-31823 -3363
-31866 2922
-30736 8906
-28581 14392
-25576 19232
-21903 23329
-17748 26628
-13283 29113
-8669 30803
-4047 31743
467 31997
4778 31641
8812 30763
12518 29450
15865 27790
18837 25868
21433 23762
23663 21542
25546 19272
27108 17004
28379 14786
29392 12654
30180 10639
30776 8764
31214 7049
31523 5506
31730 4144
31862 2971
31938 1991
31977 1205
31994 615
31999 221
32000 25
32000 25
31999 221
31994 615
31977 1205
31938 1991
31862 2971
31730 4144
31523 5506
31214 7049
30776 8764
30180 10639
29392 12654
28379 14786
27108 17004
25546 19272
23663 21542
21433 23762
18837 25868
15865 27790
12518 29450
8812 30763
4778 31641
467 31997
-4047 31743
-8669 30803
-13283 29113
-17748 26628
-21903 23329
-25576 19232
-28581 14392
-30736 8906
-31866 2922
-31823 -3363
-30493 -9706
-27815 -15822
-23795 -21396
-18518 -26098
-12155 -29602
-4972 -31611
2677 -31888
10360 -30277
17583 -26736
23828 -21360
28581 -14392
31387 -6231
31896 2579
29909 11377
25427 19428
18678 25983
10127 30355
467 31997
-9424 30581
-18557 26070
-25926 18758
-30624 9283
-31969 -1401
-29620 -12109
-23663 -21542
-14655 -28447
-3608 -31796
8100 -30958
18876 -25840
27134 -16963
31531 -5458
31214 7048
26013 18637
16544 27392
4194 31724
-9047 30694
-20879 24250
-29092 13328
-31999 -221
-28821 -13906
-19933 -25034
-6905 -31246
7718 -31055
20879 -24250
29639 -12064
31862 2971
26790 17501
15350 28078
74 32000
-15392 28055
-27134 16963
-31971 1353
-28380 -14785
-17046 -27082
-861 -31988
15736 -27864
27935 -15609
31969 1401
26352 18154
12519 29450
-5408 31540
-21759 23464
-31090 7576
-30047 -11008
-18678 -25983
-665 -31993
17747 -26628
29856 -11516
30983 8004
20392 24661
1844 31947
-17583 26737
-30130 10779
-30493 -9705
-18196 -26323
1891 -31944
21322 -23861
31564 -5264
27815 15821
11424 29891
-10359 30277
-27442 16460
-31556 -5310
-20392 -24661
908 -31987
21902 -23330
31884 -2728
25428 19427
5555 31514
-17418 26844
-31090 7577
-27718 -15992
-8813 -30763
15219 -28149
30623 -9285
28196 15132
9002 30708
-15735 27864
-30995 7959
-27109 -17003
-6136 -31406
18875 -25840
31807 -3511
23927 21248
76 32000
-23957 21214
-31731 -4143
-17544 -26762
9046 -30695
29333 -12791
28560 14434
6907 31246
-19969 25005
-32000 -23
-19780 -25155
7717 -31056
29332 -12791
27912 15649
4195 31724
-23022 22226
-31523 -5503
-13953 -28798
15391 -28056
31807 -3512
20993 24152
-8098 30958
-30195 10594
-25548 -19270
2086 -31932
27934 -15610
28197 15131
2239 31922
-25925 18759
-29546 -12289
-4780 -31641
24723 -20317
30048 11006
5557 31514
-24598 20469
-29910 -11375
-4586 -31670
25574 -19235
29073 13370
1846 31947
-27441 16462
-27214 -16835
2674 -31888
29711 -11884
23797 21394
-8856 30750
-31564 5266
-18198 -26322
16245 -27570
31823 3360
9943 30416
-23826 21362
-29073 -13369
906 -31987
29855 -11518
22013 23225
-13280 29114
-31960 -1594
-10130 -30354
24722 -20318
27719 15990
-5405 31540
-31496 5655
-15868 -27788
21025 -24123
29622 12106
-2085 31932
-30994 7961
-17049 -27080
20727 -24380
29394 12650
-3652 31791
-31531 5461
-13954 -28797
23956 -21216
26792 17498
-9983 30403
-31938 -1986
-5945 -31443
29091 -13332
19782 25153
-19967 25006
-28822 -13902
7332 -31149
31994 610
5946 31443
-29637 12068
-17546 -26761
23020 -22227
26015 18634
-13813 28865
-30778 -8759
3651 -31791
31971 -1357
6139 31406
-30194 10597
-14659 -28445
26265 -18280
21437 23758
-21024 24124
-26355 -18150
15215 -28151
29547 12286
-9419 30582
-31299 -6659
4041 -31744
31960 1592
670 31993
-31883 2732
-4588 -31669
31386 -6236
7677 31066
-30734 8912
-9946 -30415
30128 -10783
11429 29889
-29710 11887
-12161 -29599
29562 -12252
12161 29599
-29710 11887
-11429 -29889
30128 -10784
9946 30415
-30734 8912
-7677 -31065
31386 -6237
4589 31669
-31883 2733
-671 -31993
31960 1591
-4040 31744
-31300 -6658
9418 -30583
29548 12285
-15214 28152
-26356 -18149
21023 -24126
21438 23757
-26263 18282
-14661 -28444
30194 -10599
6142 31405
-31971 1360
3649 -31791
30778 8757
-13811 28866
-26017 -18631
23018 -22229
17549 26759
-29636 12071
-5949 -31442
31994 607
-7329 31150
-28824 -13899
19965 -25008
19785 25151
-29089 13335
-5949 -31442
31939 1982
-9979 30404
-26795 -17494
23953 -21219
13958 28795
-31530 5466
3648 -31791
29395 12646
-20723 24383
-17053 -27077
30993 -7966
-2080 31932
-29624 -12101
21021 -24127
15873 27786
-31495 5660
5400 -31541
27722 15985
-24719 20322
-10136 -30352
31961 1588
-13274 29117
-22018 -23221
29853 -11524
-900 31987
-29076 -13364
23821 -21367
9949 30414
-31824 -3353
16239 -27573
18203 26318
-31563 5273
8849 -30752
23802 21389
-29709 11891
2667 -31889
27218 16828
-27437 16468
-1854 -31946
29076 13363
-25569 19241
-4593 -31669
29913 11367
-24592 20475
-5565 -31512
30051 10999
-24718 20323
-4788 -31640
29550 12281
-25919 18766
-2247 -31921
28201 15123
-27930 15618
2077 -31933
25553 19262
-30192 10603
8089 -30961
21000 24146
-31806 3521
15382 -28060
13961 28794
-31525 -5494
23015 -22233
4205 31722
-27917 -15640
29328 -12800
-7707 31058
-19788 -25148
32000 12
-19961 25011
-6917 -31243
28565 14424
-29328 12801
9035 -30698
17553 26756
-31732 -4131
23950 -21223
87 32000
-23935 -21240
31806 -3523
-18866 25847
-6147 -31404
27115 16993
-30992 7970
15725 -27870
9014 30704
-28202 -15121
30620 -9296
-15208 28155
-8825 -30759
27724 15981
-31087 7589
17407 -26851
5568 31512
-25436 -19417
31882 -2741
-21893 23339
895 -31987
20402 24653
-31559 -5297
27435 -16472
-10346 30281
-11437 -29886
27822 15809
-31562 5278
21312 -23871
-1877 31945
-18208 -26315
30497 9691
-30125 10792
17571 -26745
1859 31946
-20403 -24652
30987 7989
-29851 11530
17734 -26636
680 31993
-18691 -25974
30052 10994
-31087 7591
21748 -23474
-5393 31542
-12533 -29444
26361 18141
-31970 -1385
27927 -15623
-15722 27871
-877 -31988
17060 27073
-28387 -14771
31971 -1369
-27125 16977
15378 -28063
91 32000
-15365 -28070
26800 17487
-31863 -2954
29632 -12080
-20866 24261
7701 -31059
6922 31242
-19947 -25023
28828 13890
-31999 -203
29085 -13344
-20866 24262
9030 -30700
4211 31722
-16559 -27382
26023 18622
-31218 -7030
31528 -5476
-27124 16979
18850 -25834
-8061 30886
-3606 -31616
14526 28156
-23310 -21195
28970 11823
-31006 -1340
29416 -8937
-24631 17844
17412 -24493
-8715 28343
-445 -29216
9117 27271
-16507 -22934
22044 16821
-25402 -9645
26502 2126
-25475 5074
22625 -11411
-18367 16486
13175 -20061
-7529 22049
1875 -22503
3408 21578
-8026 -19509
11777 16575
-14554 -13069
16329 9274
-17146 -5445
17102 1796
-16329 1509
14982 -4352
-13218 6667
11192 -8428
-9043 9645
6892 -10356
-4835 10617
2947 -10498
-1277 10074
-144 -9418
1305 8602
-2208 -7689
2868 6734
-3306 -5782
3550 4867
-3628 -4017
3573 3248
-3412 -2570
3173 1987
-2880 -1498
2554 1097
-2214 -779
1874 532
-1546 -348
1238 215
-957 -124
708 65
-494 -30
317 12
-179 -3
80 0
-20 0
0 0
