4.200000000000000000e+02 6.175298804780876560e-02 4.000133914583839942e+04 4.000133914583839942e+04
4.170000000000000000e+02 8.366533864541833565e-02 4.000138151734953135e+04 4.000138151734953135e+04
4.080000000000000000e+02 1.055776892430278918e-01 4.000123858778212161e+04 4.000123858778212161e+04
3.810000000000000000e+02 1.274900398406374480e-01 4.000121290921216860e+04 4.000121290921216860e+04
3.720000000000000000e+02 1.494023904382470180e-01 4.000122375937795732e+04 4.000122375937795732e+04
3.690000000000000000e+02 1.713147410358565603e-01 4.000117886356032250e+04 4.000117886356032250e+04
3.540000000000000000e+02 2.151394422310756727e-01 4.000114866435858130e+04 4.000114866435858130e+04
3.870000000000000000e+02 2.370517928286852427e-01 4.000115939833120501e+04 4.000115939833120501e+04
3.840000000000000000e+02 2.589641434262948128e-01 4.000114003996202518e+04 4.000114003996202518e+04
4.050000000000000000e+02 2.808764940239043550e-01 4.000110094079899136e+04 4.000110094079899136e+04
4.020000000000000000e+02 3.027888446215139528e-01 4.000108475719219132e+04 4.000108475719219132e+04
4.350000000000000000e+02 3.247011952191234396e-01 4.000102656350928737e+04 4.000102656350928737e+04
4.380000000000000000e+02 3.685258964143426352e-01 4.000108694376690255e+04 4.000108694376690255e+04
3.990000000000000000e+02 3.904382470119521220e-01 4.000104366295367799e+04 4.000104366295367799e+04
3.960000000000000000e+02 4.123505976095617198e-01 4.000107480788089015e+04 4.000107480788089015e+04
3.930000000000000000e+02 4.342629482071712621e-01 4.000097483987841406e+04 4.000097483987841406e+04
3.900000000000000000e+02 4.561752988047808599e-01 4.000100134714559681e+04 4.000100134714559681e+04
3.510000000000000000e+02 4.780876494023904022e-01 4.000101246300718776e+04 4.000101246300718776e+04
3.360000000000000000e+02 5.219123505976095423e-01 4.000098185803903471e+04 4.000098185803903471e+04
3.330000000000000000e+02 5.438247011952191956e-01 4.000092705748342996e+04 4.000092705748342996e+04
3.300000000000000000e+02 5.657370517928287379e-01 4.000096386967610306e+04 4.000096386967610306e+04
4.590000000000000000e+02 5.876494023904381692e-01 4.000091000818598695e+04 4.000091000818598695e+04
4.560000000000000000e+02 6.095617529880478225e-01 4.000093768686806288e+04 4.000093768686806288e+04
4.530000000000000000e+02 6.314741035856573648e-01 4.000074592169400421e+04 4.000074592169400421e+04
4.500000000000000000e+02 6.752988047808765604e-01 4.000092632129610138e+04 4.000092632129610138e+04
4.650000000000000000e+02 6.972111553784859916e-01 4.000091983204963617e+04 4.000091983204963617e+04
4.620000000000000000e+02 7.191235059760956450e-01 4.000090750936970289e+04 4.000090750936970289e+04
3.270000000000000000e+02 7.410358565737051872e-01 4.000043504156814015e+04 4.000043504156814015e+04
3.240000000000000000e+02 7.629482071713147295e-01 4.000089468516370835e+04 4.000089468516370835e+04
3.390000000000000000e+02 7.848605577689243828e-01 4.000089965184328321e+04 4.000089965184328321e+04
3.060000000000000000e+02 8.286852589641433564e-01 4.000083105268220243e+04 4.000083105268220243e+04
3.210000000000000000e+02 8.505976095617530097e-01 4.000086131403595937e+04 4.000086131403595937e+04
3.180000000000000000e+02 8.725099601593625520e-01 4.000082972394057288e+04 4.000082972394057288e+04
4.710000000000000000e+02 8.944223107569720943e-01 4.000083697902178392e+04 4.000083697902178392e+04
4.680000000000000000e+02 9.163346613545817476e-01 4.000093278215650207e+04 4.000093278215650207e+04
4.830000000000000000e+02 9.382470119521911789e-01 4.000083327439628920e+04 4.000083327439628920e+04
