4.200000000000000000e+02 6.175298804780876560e-02 9.270653727403227822e+04 9.270653727403227822e+04
4.170000000000000000e+02 8.366533864541833565e-02 9.035930653171091399e+04 9.035930653171091399e+04
4.080000000000000000e+02 1.055776892430278918e-01 6.255570179981679394e+04 6.255570179981679394e+04
3.810000000000000000e+02 1.274900398406374480e-01 6.332826271499555151e+04 6.332826271499555151e+04
3.720000000000000000e+02 1.494023904382470180e-01 1.011666524644754536e+05 1.011666524644754536e+05
3.690000000000000000e+02 1.713147410358565603e-01 1.105182944543366175e+05 1.105182944543366175e+05
3.540000000000000000e+02 2.151394422310756727e-01 5.300334330370581301e+04 5.300334330370581301e+04
3.870000000000000000e+02 2.370517928286852427e-01 4.986573362198596442e+04 4.986573362198596442e+04
3.840000000000000000e+02 2.589641434262948128e-01 5.961504103737030528e+04 5.961504103737030528e+04
4.050000000000000000e+02 2.808764940239043550e-01 6.087836268983846821e+04 6.087836268983846821e+04
4.020000000000000000e+02 3.027888446215139528e-01 5.963243506958454964e+04 5.963243506958454964e+04
4.350000000000000000e+02 3.247011952191234396e-01 6.594374787780889892e+04 6.594374787780889892e+04
4.380000000000000000e+02 3.685258964143426352e-01 7.252130327819264494e+04 7.252130327819264494e+04
3.990000000000000000e+02 3.904382470119521220e-01 7.783282183072139742e+04 7.783282183072139742e+04
3.960000000000000000e+02 4.123505976095617198e-01 8.427244667718640994e+04 8.427244667718640994e+04
3.930000000000000000e+02 4.342629482071712621e-01 8.940164065841857519e+04 8.940164065841857519e+04
3.900000000000000000e+02 4.561752988047808599e-01 8.807020218287638272e+04 8.807020218287638272e+04
3.510000000000000000e+02 4.780876494023904022e-01 1.003737058049677144e+05 1.003737058049677144e+05
3.360000000000000000e+02 5.219123505976095423e-01 4.829846056302171201e+04 4.829846056302171201e+04
3.330000000000000000e+02 5.438247011952191956e-01 4.191503022391763807e+04 4.191503022391763807e+04
3.300000000000000000e+02 5.657370517928287379e-01 4.060731054733125347e+04 4.060731054733125347e+04
4.590000000000000000e+02 5.876494023904381692e-01 4.037312077018611308e+04 4.037312077018611308e+04
4.560000000000000000e+02 6.095617529880478225e-01 4.147938406635064894e+04 4.147938406635064894e+04
4.530000000000000000e+02 6.314741035856573648e-01 4.518359966966274078e+04 4.518359966966274078e+04
4.500000000000000000e+02 6.752988047808765604e-01 5.460415491596813808e+04 5.460415491596813808e+04
4.650000000000000000e+02 6.972111553784859916e-01 7.225585019998154894e+04 7.225585019998154894e+04
4.620000000000000000e+02 7.191235059760956450e-01 6.921908007743093185e+04 6.921908007743093185e+04
3.270000000000000000e+02 7.410358565737051872e-01 7.453629525830921193e+04 7.453629525830921193e+04
3.240000000000000000e+02 7.629482071713147295e-01 7.685499584259188850e+04 7.685499584259188850e+04
3.390000000000000000e+02 7.848605577689243828e-01 7.896823888344388979e+04 7.896823888344388979e+04
3.060000000000000000e+02 8.286852589641433564e-01 8.608368799629660498e+04 8.608368799629660498e+04
3.210000000000000000e+02 8.505976095617530097e-01 5.472006483078916062e+04 5.472006483078916062e+04
3.180000000000000000e+02 8.725099601593625520e-01 5.312984054621407267e+04 5.312984054621407267e+04
4.710000000000000000e+02 8.944223107569720943e-01 4.890390344042445940e+04 4.890390344042445940e+04
4.680000000000000000e+02 9.163346613545817476e-01 4.352597423843487923e+04 4.352597423843487923e+04
4.830000000000000000e+02 9.382470119521911789e-01 1.091760679299757321e+05 1.091760679299757321e+05
