4.200000000000000000e+02 6.175298804780876560e-02 8.979705467984534334e+04 8.979705467984534334e+04
4.170000000000000000e+02 8.366533864541833565e-02 8.695710772351914784e+04 8.695710772351914784e+04
4.080000000000000000e+02 1.055776892430278918e-01 5.970674573765050445e+04 5.970674573765050445e+04
3.810000000000000000e+02 1.274900398406374480e-01 6.103420490257065103e+04 6.103420490257065103e+04
3.720000000000000000e+02 1.494023904382470180e-01 9.655627518432735815e+04 9.655627518432735815e+04
3.690000000000000000e+02 1.713147410358565603e-01 1.038201223491643614e+05 1.038201223491643614e+05
3.540000000000000000e+02 2.151394422310756727e-01 5.243890391253142298e+04 5.243890391253142298e+04
3.870000000000000000e+02 2.370517928286852427e-01 5.081122298567969847e+04 5.081122298567969847e+04
3.840000000000000000e+02 2.589641434262948128e-01 6.004601002179799980e+04 6.004601002179799980e+04
4.050000000000000000e+02 2.808764940239043550e-01 6.124557441798719083e+04 6.124557441798719083e+04
4.020000000000000000e+02 3.027888446215139528e-01 6.045366146272798505e+04 6.045366146272798505e+04
4.350000000000000000e+02 3.247011952191234396e-01 6.551689950468185998e+04 6.551689950468185998e+04
4.380000000000000000e+02 3.685258964143426352e-01 7.252291682190979191e+04 7.252291682190979191e+04
3.990000000000000000e+02 3.904382470119521220e-01 7.711729218621049949e+04 7.711729218621049949e+04
3.960000000000000000e+02 4.123505976095617198e-01 8.343287616653733130e+04 8.343287616653733130e+04
3.930000000000000000e+02 4.342629482071712621e-01 8.761171751351446437e+04 8.761171751351446437e+04
3.900000000000000000e+02 4.561752988047808599e-01 8.469828967620937328e+04 8.469828967620937328e+04
3.510000000000000000e+02 4.780876494023904022e-01 9.701156243013676431e+04 9.701156243013676431e+04
3.360000000000000000e+02 5.219123505976095423e-01 4.549371412877544208e+04 4.549371412877544208e+04
3.330000000000000000e+02 5.438247011952191956e-01 4.070967935205140384e+04 4.070967935205140384e+04
3.300000000000000000e+02 5.657370517928287379e-01 4.075982729940925492e+04 4.075982729940925492e+04
4.590000000000000000e+02 5.876494023904381692e-01 4.134026918719073001e+04 4.134026918719073001e+04
4.560000000000000000e+02 6.095617529880478225e-01 4.260434129010781908e+04 4.260434129010781908e+04
4.530000000000000000e+02 6.314741035856573648e-01 4.637632122203069594e+04 4.637632122203069594e+04
4.500000000000000000e+02 6.752988047808765604e-01 5.574105680297838990e+04 5.574105680297838990e+04
4.650000000000000000e+02 6.972111553784859916e-01 7.195710892642180261e+04 7.195710892642180261e+04
4.620000000000000000e+02 7.191235059760956450e-01 6.932714616058308457e+04 6.932714616058308457e+04
3.270000000000000000e+02 7.410358565737051872e-01 7.207507310079867602e+04 7.207507310079867602e+04
3.240000000000000000e+02 7.629482071713147295e-01 7.042020409124136495e+04 7.042020409124136495e+04
3.390000000000000000e+02 7.848605577689243828e-01 7.961578823984005430e+04 7.961578823984005430e+04
3.060000000000000000e+02 8.286852589641433564e-01 8.566402938742589322e+04 8.566402938742589322e+04
3.210000000000000000e+02 8.505976095617530097e-01 4.980385344677463581e+04 4.980385344677463581e+04
3.180000000000000000e+02 8.725099601593625520e-01 5.005379115702206036e+04 5.005379115702206036e+04
4.710000000000000000e+02 8.944223107569720943e-01 4.680219341663940577e+04 4.680219341663940577e+04
4.680000000000000000e+02 9.163346613545817476e-01 4.198009294279010646e+04 4.198009294279010646e+04
4.830000000000000000e+02 9.382470119521911789e-01 1.036475646769692394e+05 1.036475646769692394e+05
