# f_r [MHz] A m phi D delta_r delta_ere delta_eim a
2.900008362933127160e+02    1.000049746441467713e+00    -9.209486541612889321e-04    2.151972204954248494e-04    1.629712637753113741e-22    2.681224896295342629e-05    1.484182313309382487e-05    1.960885822480383608e-08    1.299720652801432952e-01
2.899997862843699181e+02    9.986237796904272601e-01    -6.549226647791256840e-04    -9.804112368946432947e-05    7.570318404780465763e-25    2.521810144267998529e-05    1.389745171091029179e-05    1.106866295237073899e-06    5.691584241738529421e-02
2.900007608749145334e+02    1.002411254335002999e+00    -9.370202635581982228e-03    6.727425314799191473e-05    8.862567481520443107e-04    2.702889516312013217e-05    1.450151275048337954e-05    1.763059468219160182e-07    1.345897200988898368e-01
2.900004098068475287e+02    9.985193159193280765e-01    8.487467811343977738e-04    9.443319947538429866e-05    5.338087231140034996e-18    2.720035375637948265e-05    1.475755757999653206e-05    2.111520303144222631e-08    5.268703879655454309e-02
2.899999017314212324e+02    1.001441999452623799e+00    -4.262997136393908461e-03    -4.863015239595844919e-05    1.166266210285309502e-17    2.225231246088676414e-05    1.222540274316713334e-05    1.234038117360595746e-07    9.727903894168410062e-09
2.899999645307404990e+02    1.002188911658310255e+00    -2.770767978392688416e-03    7.781627840652065808e-05    3.579175646630238265e-04    2.315695100558797935e-05    1.302569251460627762e-05    -1.828365313752523418e-08    1.218508790770763892e-02
2.900000966148521115e+02    9.984209664132993600e-01    -8.763183797380382986e-03    3.367197305699371466e-04    3.488786866891057174e-21    2.060032428387702981e-05    1.220537330296063700e-05    5.285694979324670224e-07    4.620980460020326225e-02
2.900000102849037376e+02    9.999209813770016941e-01    -9.878509173038471300e-03    -3.012041317781207622e-04    4.580392100744021935e-17    2.334232394734933740e-05    1.349447541913013816e-05    1.294513377727038379e-07    3.674929660712028366e-11
2.900004447939770671e+02    9.984337848757630640e-01    1.523868403974318895e-03    -3.435270909027801959e-04    1.485406302289067554e-19    2.113296370105583925e-05    1.310123129350045919e-05    -1.559750293671933269e-07    9.192880750355912622e-02
2.900005592140394128e+02    9.998218077975590257e-01    -3.823101550324540902e-03    3.586386074646099632e-04    6.050461867563082605e-04    2.334261900760969087e-05    1.358245530229689335e-05    3.172765086437546532e-07    1.387402169172438915e-01
2.899999252902359785e+02    1.003015786765422801e+00    -6.527722183749208248e-03    2.461818300072318288e-04    1.633758808540882995e-24    2.479293211308378274e-05    1.415160224757147826e-05    1.021622260359908115e-07    7.776841241390317668e-10
2.899999643572508603e+02    1.001752390065305587e+00    -9.926430795014817843e-03    -2.470646001283485099e-04    6.413436056756889126e-05    2.419573909874653462e-05    1.417271481580822519e-05    2.384607317688700279e-08    1.126748596138998091e-03
2.900009257721845870e+02    9.983418226352277491e-01    5.281328914671963234e-03    1.430385801898568328e-04    1.025633673908478470e-03    2.274395184245816336e-05    1.367705012947619571e-05    -6.002795340665189560e-07    1.178501842330462596e-01
2.899998238516083120e+02    1.000833226999461978e+00    9.370754156996530596e-03    -1.330144989464442302e-04    4.463373582288013243e-04    2.554788272869993110e-05    1.453040030830364405e-05    5.625537544777171230e-08    1.401528358306958602e-08
2.900008022269159937e+02    9.967932039928143473e-01    -1.543200947627829068e-03    2.949756650469646563e-04    6.392504965034880179e-23    2.127041550463582952e-05    1.273007674603956705e-05    -9.461798469259158453e-07    1.109694579541729426e-01
2.899997359102393943e+02    1.001435492655100123e+00    -2.650929853792402882e-03    8.296980875677806332e-04    5.479339440568793843e-30    2.569042080686049061e-05    1.499381746751468037e-05    1.691963114356285018e-06    2.249378460806176539e-11
2.900001427720412153e+02    1.000671297233646451e+00    7.237835816019969233e-03    1.444430196780979768e-04    2.380816980020699367e-17    2.463399351590421640e-05    1.408104718086770901e-05    -1.534869278286158865e-07    2.799494001184517437e-08
2.900007039541447398e+02    1.001262149874946328e+00    5.579511852733629474e-04    -6.677148116688235401e-04    3.687161259510097966e-20    2.456299603852756552e-05    1.377010235597943760e-05    -1.237644677361684533e-06    1.074523865284106455e-01
2.900007963613329593e+02    9.970720823993592941e-01    -3.401960601186558315e-03    -3.114055723774009597e-04    9.350779736369022653e-27    2.177465075362780520e-05    1.264788516601372981e-05    -1.112517612505601171e-07    2.166323664146240224e-01
2.900001572036970288e+02    9.994008705676261650e-01    -1.946680646349258298e-03    -4.202584196389306062e-04    1.750824905687016052e-03    2.421909184963998114e-05    1.347114548608772266e-05    2.761347065694963515e-07    2.320541550410602089e-02
2.899998149094269593e+02    9.954920649947470723e-01    5.452761130634704856e-03    1.627559038641688638e-04    2.419618504681581358e-18    2.179845991874745855e-05    1.314793580736491610e-05    6.119343244435833355e-07    1.089423205867102019e-08
2.900004587253291675e+02    1.000148638599966722e+00    1.321104595759424634e-02    -3.073319078572992000e-04    1.083932368768169056e-15    2.579602036277300648e-05    1.460345972551041394e-05    -1.202276897147379349e-06    6.574729413546398504e-02
2.900004082168547370e+02    1.003781396034522766e+00    1.262580063140159893e-03    -6.112873994348110365e-04    1.260815018949793540e-04    2.396022073244611953e-05    1.356585848424773994e-05    -6.706038195552701913e-07    4.418816011487250450e-02
2.899999380268015443e+02    9.978136253504199527e-01    2.670211032002556013e-03    -6.521417855162824073e-04    7.150538836103554566e-04    2.251213532173489734e-05    1.359291771306098140e-05    6.147932797548230326e-07    4.113839842899007530e-13
2.900001046106503395e+02    9.993754562092370675e-01    -3.873753250080041489e-03    1.709111428844269640e-04    1.061408678651726140e-19    2.245052786236625121e-05    1.427357251810271509e-05    -2.698335754810594712e-07    2.625732619860215999e-02
2.899999563263052664e+02    9.996646002011674303e-01    1.162639476468887599e-03    1.473480968769545372e-04    6.156857368679369637e-18    2.487213851191361386e-05    1.356326775728461837e-05    -2.424152453990138015e-07    4.950037186067876287e-13
2.899998734532868525e+02    1.000378029750753628e+00    -1.457897255310057483e-02    1.647201247545629983e-04    6.504109852210546422e-27    2.285265432094890482e-05    1.389468208874880885e-05    -4.194000266647163036e-07    1.841657549799713178e-09
2.900007098511279651e+02    9.992484698517031250e-01    -3.474117942739335038e-03    2.605640564193662163e-04    9.246589153963510522e-16    2.251299459557795540e-05    1.364235052009720646e-05    2.701785470744891607e-07    1.412870042103807899e-01
2.900000806986146245e+02    1.000616512011799575e+00    8.674424357056140103e-04    -1.338638341749611100e-04    6.343167187509866824e-04    2.064122766999351220e-05    1.238797679733018384e-05    -5.724183430092330407e-07    1.428644422956834424e-10
2.900005044512505492e+02    1.000347527924125846e+00    2.070292706074929696e-04    4.731485498041066514e-04    4.347942472451415811e-04    2.337751350653828931e-05    1.432136187400038898e-05    2.415600521335039636e-07    1.116362961600349674e-01
2.900005873972515928e+02    9.990069217894008702e-01    1.020056962864245888e-02    -5.771763457575056254e-04    2.004523763563516477e-03    2.367668174876755511e-05    1.352554886159312427e-05    -3.768925597402606330e-07    8.005766329736248299e-02
2.900004337894893069e+02    1.004186618144527143e+00    4.401548873954979593e-04    -1.694592643072618729e-04    1.388775298123270073e-03    2.299663119313564570e-05    1.365903394926298956e-05    3.928242901457988720e-07    1.385365453436168126e-01
2.900000773890658365e+02    9.988239066680677514e-01    -3.039570744069831475e-03    -3.990281330226253605e-04    3.693551387022113455e-27    2.340982820226701307e-05    1.367519442504619586e-05    -8.299282419173099401e-07    4.906291515910828681e-11
2.900002117867425113e+02    1.000482254693223272e+00    3.276256050886175658e-04    -3.991334966689813078e-04    9.969261359003939214e-20    2.671737597641999905e-05    1.514034221619018214e-05    -7.206571549064769206e-07    1.686590672773417149e-02
2.900000303808034801e+02    1.000953830766099450e+00    -2.126035630919794785e-03    1.137605905009196275e-04    4.069074901843818766e-27    2.477862061717577623e-05    1.431188108682441498e-05    2.718010562616632238e-09    2.779362472952061694e-03
2.899998321027078987e+02    1.003390868311497375e+00    -6.212085824330460665e-04    3.235847568850275507e-04    4.001707824474458206e-23    2.347645626722867719e-05    1.375962221841897835e-05    -1.256723228269076748e-07    1.385665920265093535e-08
2.899998254767959907e+02    1.000505341196277653e+00    6.693971309158797687e-04    3.073461809678409810e-04    2.527915696416501877e-04    2.586955074281648372e-05    1.442209720829290525e-05    2.309203548804635836e-07    3.011596301128117298e-03
2.899997780985624445e+02    9.997765738607560237e-01    -7.242557221928611934e-03    4.213922090709702056e-04    9.811218920988203258e-04    2.118655116547751941e-05    1.240561855395822903e-05    1.994246210508185116e-07    6.705783661332163775e-14
2.900006088222695553e+02    9.995482509743769395e-01    -3.587221896895129158e-03    1.402223370900288640e-04    1.372318306972209330e-22    2.504481894993161462e-05    1.412091180411983126e-05    -4.254964584536742423e-07    9.912277596266649837e-02
2.900006434811903091e+02    1.002087123906801214e+00    -6.685641500559065748e-04    2.544647106359079563e-04    3.606783907985685055e-05    2.645388412457559923e-05    1.435362292066932228e-05    -7.883433360675590385e-07    1.024640783975536568e-01
2.899998540732928518e+02    1.001802650562926944e+00    8.179191816606534715e-03    2.100962677035913119e-04    1.366967304285585843e-03    2.491881068457882460e-05    1.455447624717222220e-05    2.613437801249933004e-07    3.014617068836651589e-11
2.900000971052564296e+02    1.000093484739473348e+00    -6.658342970768020043e-03    6.780784567858733763e-04    2.875510219660507081e-04    2.544356779288594041e-05    1.403031069156148721e-05    -2.735799692148867914e-07    2.867927778908862824e-10
2.899997306173164020e+02    1.001633930675097206e+00    -1.061149439441325289e-02    2.713196693967493572e-04    1.844710000386383256e-04    2.549320090059961421e-05    1.436791209483295117e-05    3.146565539469597298e-07    2.553299473121326108e-11
2.900000311251533276e+02    1.000962145920393676e+00    2.627690517491905031e-03    -4.285461928411308944e-04    5.786677484632063193e-18    2.416062515435597825e-05    1.422144535075936110e-05    8.647317445688752566e-08    1.009465362796882655e-02
2.900002367550778786e+02    9.986412725165988435e-01    6.325664366848795205e-03    2.176431721782642707e-04    1.024860485730580262e-31    2.219150831442493645e-05    1.293779854189693730e-05    -2.877672715046892182e-07    4.296576524478379692e-11
2.900000360883061603e+02    9.998207018557204728e-01    3.954482591780152274e-03    7.123602377230168255e-04    3.801596184594401965e-24    2.321427194339882144e-05    1.330600541303760170e-05    5.443167798630194586e-08    6.885101617701944177e-02
2.899999708421700575e+02    1.001032813887284600e+00    3.544051325694955266e-03    1.953753190465194745e-04    1.271375343246080688e-06    2.535140885468543367e-05    1.430264476889722203e-05    3.498916912185355176e-07    2.020957998257807292e-10
2.900000305663587596e+02    1.002166846618826712e+00    -1.479360827885268246e-03    -1.970615136136530214e-04    4.440396981646740448e-04    2.458556989943502246e-05    1.335270123670769847e-05    4.804707334234676889e-07    2.659867158832980583e-02
2.900001989790827679e+02    9.982681163225767262e-01    1.005745432705810322e-02    -2.614952501945479028e-04    2.418357612751598912e-03    2.092167612491138389e-05    1.309910742167162280e-05    -5.856757186072117337e-07    2.520840994103888504e-11
2.900000332622312840e+02    9.978891248816903481e-01    3.117009800440655610e-03    2.861665453610624864e-04    9.906576683966017774e-04    2.285329602911176272e-05    1.373502430451806723e-05    1.583788807073673056e-07    6.023250163497785581e-02
2.899999204374076953e+02    9.987448868244583888e-01    4.908813235073317951e-04    3.962800798220263696e-04    1.033101691273175605e-16    2.411807671684949208e-05    1.305346782169929906e-05    5.037719046584132041e-07    3.426641107876755839e-09
2.900002355891215302e+02    1.001686020939948074e+00    9.190960316641395150e-03    3.376650913717777250e-04    2.302344291499641704e-03    2.276504387085562085e-05    1.316864212752731828e-05    -1.518180762196413154e-08    3.601793123627658466e-02
2.900008181047818425e+02    1.000181851960570745e+00    6.394414547623526561e-03    -5.946168532417761429e-05    1.616355121641698325e-04    2.503447441361061082e-05    1.374775647617272610e-05    6.549241269229600566e-07    1.178702023189238252e-01
2.900004648074433362e+02    1.001631066794463676e+00    5.943790127122394219e-03    -4.500116598628299026e-04    1.804270897274576216e-03    2.630787735536997918e-05    1.474047205170212773e-05    2.024337188419183527e-06    1.731180071111544927e-01
2.899999931780658358e+02    1.000200326157697273e+00    3.182859235799398358e-03    -3.482925242371468486e-04    2.316730321950821064e-04    2.380234133939023155e-05    1.380710109802941309e-05    5.945538393535441833e-07    1.458889873751073986e-12
2.899997545162597135e+02    1.001957536992241771e+00    6.901127240048451558e-03    -1.747497838444268153e-04    1.020195666872568560e-22    2.355889312351881659e-05    1.347633162903952119e-05    6.599828322122066487e-07    1.026007928667306917e-08
2.900000751079946326e+02    1.000578106990048344e+00    1.334643297104153893e-02    4.450555844979821600e-04    3.775710704778013599e-18    2.392473347193260424e-05    1.356655936855637258e-05    1.043143686839381155e-06    4.694830098903123722e-02
2.899995658937172038e+02    9.992503900151539220e-01    2.306608545208538395e-03    6.472484627899216807e-05    7.822519686550300768e-04    2.430096873503781294e-05    1.367523163626816549e-05    3.286759162100051011e-07    3.657152395000741101e-13
2.899996257987608033e+02    1.002499569726391204e+00    9.735707853749571167e-04    -1.103073862340312616e-04    6.633132480985550585e-24    2.731382352048675245e-05    1.465469084303518531e-05    1.121877091169705824e-06    5.173611696910633449e-10
2.899999593310900536e+02    9.979672175929931166e-01    3.484125739187394263e-03    6.780770087827833314e-04    1.980216209525146719e-03    2.160948731778448634e-05    1.312007781809576445e-05    1.644617740978192108e-07    1.309168116459197800e-09
2.899996596335669210e+02    1.000376006483393310e+00    7.862016846068967807e-03    -1.769135433918981334e-04    2.458905405875275834e-21    2.433658478053289502e-05    1.311512586148969994e-05    8.279902165478148867e-07    7.409110395590365493e-09
2.900003641123570901e+02    9.987563916942947539e-01    -3.200380896434476194e-03    -3.605684442648994937e-05    4.352381770954008882e-24    2.471224003450759346e-05    1.440085410629750572e-05    -9.314330229218592029e-08    3.507019931345656955e-02
2.900004397877634688e+02    1.000149360530234066e+00    5.494038225096265111e-03    -2.087665934928537525e-04    4.553149192211828511e-28    2.362614205223491476e-05    1.340970495699472277e-05    -6.246360890533288379e-07    4.081631913608369661e-02
2.900000424822078458e+02    9.990049536652886308e-01    -2.212934277142280734e-02    1.438390143404502577e-04    1.374232641691330902e-03    2.183324902263215824e-05    1.281245878972081069e-05    5.481585159567246332e-07    8.105418002836374536e-02
2.900003030837826827e+02    9.976779081376504488e-01    -8.386950926730604369e-03    -3.972366169005503672e-04    5.059724116626034603e-04    2.500564735412729250e-05    1.422651026491407141e-05    6.927616307221439752e-07    1.470026393177201463e-01
2.900001420505992655e+02    1.002539131197647926e+00    8.653277847948163959e-03    3.109055856329513999e-05    2.174528407194477580e-03    2.425119285778870099e-05    1.378987773088558078e-05    -7.134241199372815066e-07    2.952685594942821955e-10
2.900000903144810991e+02    9.969466995980894586e-01    1.013946595593123549e-02    -2.529843583901760862e-04    4.743194993478582992e-29    2.462774389565160741e-05    1.422839831711772460e-05    3.916026071897935805e-07    3.776031673062630808e-03
2.899998906791589661e+02    9.992362668236803858e-01    5.731890182231803334e-03    -4.018391249616209385e-04    1.181354610160119632e-27    2.222122191653200132e-05    1.295889148165847626e-05    1.902615910271213451e-07    2.112949622580087908e-02
2.900003148417246734e+02    1.002285292720564325e+00    5.530011009247085343e-03    6.460977262605925392e-06    1.154251727371336038e-30    2.296939584198287617e-05    1.377225779545244662e-05    5.575835287851934345e-07    1.321207671981084464e-01
2.900002983135959767e+02    1.004045939847000746e+00    2.258766959502233468e-03    -1.073314115688310511e-04    1.564929609120278925e-18    2.276499609456887597e-05    1.382596031671832618e-05    4.923590066505035063e-07    1.068281104464453707e-01
2.900006323349670083e+02    9.982384387882516918e-01    -1.062385294728574988e-03    -1.255308685259463116e-04    2.972880254746409475e-22    2.217875433419450406e-05    1.298265109015353112e-05    -3.407951778256667088e-07    1.227066498222830065e-01
2.900001565853146985e+02    1.003541895118995386e+00    1.116597197699730794e-02    5.882670401030943045e-04    6.576353297507835105e-05    2.364827032890318124e-05    1.411643357112742084e-05    8.942995783523876350e-07    5.239613019915547593e-02
2.900002536967558626e+02    9.988964459983616928e-01    -4.249153557158836733e-03    -3.215938917116966788e-04    9.955465302925417970e-04    2.536882138090662780e-05    1.369806366531221210e-05    -2.338798193002281074e-07    3.288592613522388353e-02
2.899997381715508595e+02    9.963821201350502310e-01    -9.301045525064499664e-03    3.659382294596378194e-04    5.407220383768512753e-04    2.235238980568829965e-05    1.303935166090802485e-05    7.919913514002792535e-07    3.294591095669823985e-03
2.900004621224874768e+02    1.000793288813330628e+00    4.177261025050360913e-03    -2.762845161142048265e-04    3.940701599952636737e-04    2.344075473111501977e-05    1.312212987875232394e-05    -2.745405185208984172e-07    6.948540758011764740e-02
2.900004670694382867e+02    1.001483498279642559e+00    -8.385055132475404543e-03    1.474263963937243573e-04    3.550988996347697881e-29    2.393424688689946549e-05    1.431945123212106302e-05    -2.354105808059551857e-07    6.842345268467003860e-02
2.899997333560583002e+02    9.966280598851475769e-01    2.563950152951437601e-04    -1.937150196536971652e-05    1.164664606851466120e-04    2.483704669088907302e-05    1.328396398850393168e-05    4.418716182887701730e-07    4.020882706611006858e-12
2.900009569342036002e+02    1.001043948858232113e+00    1.142530091742736779e-02    -4.651345823879970628e-04    4.025749183691788316e-17    2.413897127470589462e-05    1.357042282805917534e-05    -7.612636681204008035e-07    1.092832777605135947e-01
2.900001587705158954e+02    1.001146268074303736e+00    5.190310220133093457e-04    -4.219169696750191983e-04    1.016187681383991846e-17    2.431052279236077938e-05    1.392542383149901872e-05    -4.540835164992162278e-07    4.048859991330052026e-07
2.899999707445213062e+02    9.989468272417023620e-01    -4.184068833401855328e-03    -1.110869510820435653e-04    3.089800394565741242e-25    2.410499910809611301e-05    1.429801816116812362e-05    -1.702397036150201698e-07    8.338182404060236082e-11
2.900005871842879515e+02    9.987508862411381694e-01    -6.172975143344808929e-03    2.866844852888800869e-06    1.180345228943038727e-31    2.379314721197430086e-05    1.355381551372209939e-05    -1.225347432362656573e-06    6.026043326905749511e-10
2.899995707684575450e+02    1.000346600467895364e+00    -5.997215862652183378e-03    3.885288083590657379e-04    1.291135828597206030e-31    2.290193892317015273e-05    1.381652916203220027e-05    9.578685383232548554e-07    6.292579978796198380e-11
2.899999083894135197e+02    1.001327439521800367e+00    -1.061336169162831883e-02    4.733612583446165293e-04    1.714135822240598826e-27    2.513357487797142359e-05    1.444400927463369466e-05    4.815743292003109146e-08    9.248931534419761486e-12
2.900002228763149787e+02    1.002629620441206182e+00    -2.677752314224504746e-03    -1.622112173127424496e-04    6.820415710685567932e-04    2.330588867346162937e-05    1.395254570575913456e-05    -5.299600300386066683e-07    5.348547512141749250e-13
2.899998339272988233e+02    1.000694118070501792e+00    1.011208081433835615e-02    -3.544452404094242326e-05    3.966351584304353829e-04    2.567926256385502277e-05    1.441810020051402528e-05    5.833941702572032723e-07    3.322370644927365947e-11
2.900000864759077217e+02    9.965053450275391800e-01    4.147326990611864897e-03    1.086269872872755606e-04    6.878563118996607571e-04    2.072008428917038842e-05    1.221817415067175876e-05    4.461883501188094971e-07    5.045862753179768750e-16
2.900000771949860336e+02    9.970150793579252158e-01    1.276572682420122097e-02    1.148799520886218452e-04    1.847117098948016416e-21    2.239439128546968897e-05    1.305399133212076930e-05    -3.063330960194449896e-07    8.637765565057474614e-09
2.899999721766345715e+02    1.001215204105524448e+00    -1.071116716884107714e-02    -2.555539470579764320e-05    1.624554194269212538e-03    2.375113183511306099e-05    1.391690149349380403e-05    -3.802804364058193691e-07    3.266563093506579321e-03
2.899996717512836995e+02    1.000819290415164931e+00    -1.803943158356587301e-03    8.042333672796668942e-05    1.724322271017327098e-31    2.254282814359821754e-05    1.283182908550184252e-05    4.930357198460967194e-07    1.982018260232891547e-03
2.899996925850173284e+02    1.001150397095555755e+00    1.068960436366069543e-02    -3.494401221595841672e-04    2.976346461933074847e-04    2.729246952430379767e-05    1.413440417547759714e-05    5.355436853201515243e-07    5.980369596990376107e-13
2.900006307438854378e+02    9.989499216422697003e-01    4.712458354740702081e-04    1.116384570318702796e-04    5.289771968854806031e-04    2.342625677819012352e-05    1.477150779284654192e-05    -8.271146125383753594e-07    8.006289314544980107e-02
2.900000905994418758e+02    1.001706979896300309e+00    4.053525626606253852e-04    5.080561881129740933e-04    7.280561383801473847e-05    2.341037310517203715e-05    1.370043814248159987e-05    1.668261326574092333e-07    4.371758031785438064e-02
2.900001649220018294e+02    1.001834092529524600e+00    2.382492437932739061e-03    -7.924587964949251985e-05    2.950109892570414519e-03    2.193152014987502583e-05    1.355985024396327340e-05    -4.342148665179924286e-08    4.014477194595002024e-13
2.899998210353757599e+02    9.982369399581101366e-01    -3.986178630949228788e-04    -2.629936571167316821e-04    1.938753149845134655e-03    2.024429763367889063e-05    1.240413878072562181e-05    -1.926156022214521000e-07    3.279903506467763772e-13
2.900004418897474352e+02    1.000399864055629973e+00    -7.982752805411342731e-03    -2.857878475503672369e-05    6.159585661500420266e-14    2.570852469837881942e-05    1.490766393812117130e-05    -7.042887093780269836e-08    6.515708488935828546e-02
2.899998561557311518e+02    9.964706497302328048e-01    -5.582885912275498304e-03    -3.173319336093660464e-04    2.747521966500504225e-21    2.344871741425040530e-05    1.233794679359430783e-05    8.085174252244290749e-07    2.983569163078823571e-12
2.900004731511782552e+02    9.982328611644032401e-01    5.887392056102879259e-03    -1.267074465230400243e-04    5.607167720183176040e-04    2.462687980514803761e-05    1.378965646378837466e-05    4.569033447657976989e-07    1.314676021144933482e-01
2.899998295800180017e+02    9.999177473106716230e-01    -3.732772777966358087e-03    3.073489322723888298e-04    2.171441190126521380e-03    2.209115831658855695e-05    1.279252257210355238e-05    -5.190131132867354523e-08    1.478200234870820481e-09
2.900008423991658333e+02    9.998727018583761783e-01    -4.150276741049809676e-03    6.459208445395460668e-05    1.545855502476147863e-19    2.612172497048015913e-05    1.455420968837844830e-05    -8.957653871646506868e-07    1.124731633860816676e-01
2.900005575152549682e+02    1.000598393347488235e+00    1.541136269877941634e-03    -1.288569803335203089e-04    1.012091613695059930e-18    2.368732184644307026e-05    1.307518659449763276e-05    -5.946787933771827567e-07    5.570208794781136147e-02
2.900000283733806441e+02    9.974658288732998201e-01    -8.954706682656729316e-04    -1.472780363963124590e-04    1.467682001929129917e-03    2.279522514149019270e-05    1.287692304147044670e-05    8.416994182339365036e-08    1.848653783953750282e-02
