# f_r [MHz] A m phi D delta_r delta_ere delta_eim a
2.899998380719509896e+02    1.001858050919103071e+00    -3.642908982885765222e-03    7.556466084471682272e-05    2.086305924487558117e-04    2.752335056826193057e-05    1.836653524320883458e-05    6.014936128390382215e-07    3.521747080305607375e-02
2.899998017681804185e+02    9.996470077324527415e-01    1.669109680044959451e-02    -1.153770173976445670e-04    3.976041340097814450e-29    2.737803511789118420e-05    1.786239149573140832e-05    1.282407469155471505e-06    1.713010089572364425e-10
2.900001010165811408e+02    1.000731429796630545e+00    -9.454868078774377599e-03    9.684297485345520849e-05    4.009084907181003818e-04    2.624616822598987637e-05    1.634576844263778609e-05    -6.118518257702829402e-07    2.764411720418626369e-15
2.900002193663759726e+02    9.994178474358442754e-01    6.810655252341745250e-03    -4.499725406568426812e-04    1.262719400142129312e-19    3.030853309680963157e-05    1.886802315850687379e-05    2.406460305899416917e-07    6.341472778289550249e-02
2.900002060178642296e+02    1.001155635685766043e+00    -1.205947232826711998e-02    2.663532493909742779e-04    2.564971845098359656e-04    2.561290406512122889e-05    1.783992798192745262e-05    8.617009905743665148e-07    6.047489794857014572e-02
2.900007403438489746e+02    9.970847764272768865e-01    2.463387852797131565e-03    -8.798075010393154526e-05    4.194434156971827886e-21    2.771362663198507456e-05    1.752357749482175676e-05    6.048053172322164186e-08    1.417478079432662463e-01
2.899998760740419925e+02    1.002168542878005830e+00    1.559800919803568239e-03    -1.753974628331257625e-04    5.178462168473490796e-04    2.715772772427149293e-05    1.830327275764107934e-05    -3.972670985780786166e-07    2.804507242077744084e-12
2.900004525742572241e+02    1.000489569081504548e+00    1.510202911105945275e-02    -3.415517578854292699e-04    7.570271325832310296e-04    2.784685445043661063e-05    1.822809099938144019e-05    7.755305476195828783e-07    6.979009922016489453e-02
2.900004053154396502e+02    1.004009931352113805e+00    6.372846423830689014e-03    9.784777223265031661e-05    7.648657950052917873e-20    2.814511761269225889e-05    1.808346463372245016e-05    -8.797346199928961535e-08    9.543337038118586413e-02
2.900004270743519328e+02    9.996910521019339857e-01    6.084219025786975071e-03    3.866462942963382055e-04    8.856973242688938338e-20    2.706636026031905868e-05    1.761743195978832306e-05    1.075666970718535683e-06    1.029180196119544588e-01
2.900005030955073266e+02    9.979638723849885151e-01    1.143053281811658856e-03    4.245125664548978438e-04    7.327538493330203054e-04    2.691334824277123681e-05    1.803500332149341595e-05    5.671324921577192921e-07    1.360211752044245548e-01
2.900004815785347887e+02    1.000888995477590804e+00    -1.612961169177227561e-03    -5.278213802591552595e-04    4.310262256347645511e-04    2.853125794245414096e-05    1.776384091797851973e-05    3.780541541144271179e-07    6.098929613390224186e-02
2.900001895216493040e+02    1.000654012521380309e+00    -1.641693139365343760e-03    2.012222362637832151e-05    1.446037483142678757e-04    2.699563993649371386e-05    1.734866577736696375e-05    -5.450182100467392362e-07    6.756745677343753530e-11
2.900000684374156776e+02    1.003008998559686393e+00    -4.349652321190188888e-03    1.554686926323860393e-04    2.417618380285160717e-28    2.694098756435817408e-05    1.843686502734296270e-05    1.093941086109824488e-08    6.498414627941604728e-13
2.900001601166655405e+02    1.000880173566416120e+00    1.229501203405217397e-03    3.889366360372829997e-04    7.499951427372940662e-32    2.903242835286780685e-05    1.739107771989144923e-05    -7.288208729426981428e-07    4.474580002313436062e-12
2.900001778123623239e+02    9.992303222857140677e-01    -7.250841254481910428e-03    -2.460157098323493478e-04    6.348422598359695465e-35    2.768433830962561192e-05    1.834639287837150188e-05    -1.021988671465348894e-06    1.622627838466456085e-02
2.899998724393156522e+02    1.002210805987719278e+00    -6.421418033152042661e-03    -1.408861622291136936e-04    1.264858421979898757e-27    3.073560669931851993e-05    1.891845940448132554e-05    1.048175493765244626e-06    9.633715837859253451e-09
2.900001043742268507e+02    1.001419146015954942e+00    -9.297411685098479900e-03    -3.536386592978160801e-04    3.477800567467592952e-32    2.475612472434073714e-05    1.662524521007034860e-05    -7.349491024398766751e-07    8.665239388872639394e-09
2.899997744749645108e+02    1.000417714381408585e+00    -3.790358782773253950e-03    1.941528450613895518e-04    1.487901674001920272e-29    2.802072228242892416e-05    1.794536694806838533e-05    7.182212456503525834e-07    3.309381745281393009e-12
2.900004099544416363e+02    1.002483263953387382e+00    -4.336775548587487247e-03    3.777880742178478459e-04    5.521126138287001106e-04    2.591362754243809954e-05    1.627745935359100945e-05    3.597027792928029785e-07    9.708327561608891265e-02
2.900008106944346764e+02    1.002128302632274481e+00    1.009938494589605884e-02    -2.468636878685089497e-04    2.704310838499337874e-15    3.111466433472525928e-05    1.848399390239994575e-05    -1.146823408813792465e-08    1.221106081211343619e-01
2.900005348811634462e+02    9.975202408180471325e-01    -5.463066807493293514e-03    3.894702929705245998e-05    6.974799649049308737e-18    2.867904734552401385e-05    1.792792499183521560e-05    -2.361211870541766944e-07    4.296915820528818264e-02
2.900000538036820785e+02    9.985389210517323644e-01    2.756252332777737058e-03    -1.013081430850552141e-05    1.736453548444405123e-03    2.672487809502848612e-05    1.734673250385260741e-05    -6.139466636230019245e-08    1.388046215874821534e-16
2.900001752019148284e+02    9.973194408299813629e-01    -2.545324490989465081e-03    -2.060483038310786670e-04    1.060286197686477775e-03    2.766558908785382508e-05    1.728200502236422977e-05    -2.678695309821969244e-07    4.157167731393520207e-11
2.900007799369864188e+02    1.002749374404110050e+00    8.936461990755647372e-03    4.300587231496729368e-04    8.364769948487885327e-05    3.035736247126006283e-05    1.799964818428174252e-05    -2.253891014346723772e-07    1.143609211846614154e-01
2.899997715179693500e+02    9.977661872134792054e-01    -3.143215877493543958e-03    8.563374092485215023e-05    5.944074539699547026e-05    3.089378069073312627e-05    1.907547828418572060e-05    8.689630651478003883e-07    6.282949839284486094e-11
2.899995946713102626e+02    1.002110149892265101e+00    -9.151575991540596491e-03    -6.945948874550621124e-05    1.761363058735185740e-21    2.742066839072138641e-05    1.845184910554142921e-05    7.057529241737550405e-07    6.773164985142665065e-09
2.900002719907039932e+02    9.969488986591003021e-01    1.853325608887399607e-04    -1.778377532034727620e-04    4.096705676123110480e-04    2.700501895186168284e-05    1.829663459924821042e-05    -5.177835929425362580e-07    2.987407062644895778e-02
2.900006009052517015e+02    1.004012145967457359e+00    -2.119485222974328183e-03    -4.223332361527267647e-04    1.737659684739166274e-18    2.893095057886151440e-05    1.817094632202233124e-05    2.505763314290975634e-07    1.086666003968157629e-01
2.900000308923745820e+02    1.000955524407889374e+00    3.982955287265986868e-03    -7.566198048418248468e-05    5.620464581370337552e-27    2.557215145178708747e-05    1.756948938082958926e-05    2.207118972485742012e-07    8.770383784320059939e-03
2.900008747888167022e+02    9.994448320576666545e-01    9.323933114451406212e-04    -2.800651356603194812e-04    8.024472119240390507e-05    2.974351744304257249e-05    1.826514254672701495e-05    -9.928458094471043202e-07    1.087967829505572664e-01
2.899999793514895146e+02    1.001012661045444174e+00    5.856761649454527742e-03    -1.053407901731794559e-04    4.899605029128100342e-04    2.718384877125187423e-05    1.745708019559102524e-05    1.299938718293183819e-06    3.893056703105067518e-02
2.900003098891551758e+02    1.000331968885610268e+00    -1.873352603051458383e-03    7.934678510451709244e-05    5.266963266755617384e-33    2.875705163141579652e-05    1.762794052596073163e-05    -5.416712292509944611e-07    1.602692302752890124e-02
2.899998847860764499e+02    9.998466804213376191e-01    1.371740282658653193e-02    5.940991308042687345e-04    5.622526471714480063e-04    2.664459503598951037e-05    1.710353845513407946e-05    8.889644685328350179e-08    2.155980741655101781e-13
2.900002737230201433e+02    1.003899521044715026e+00    -7.013649084116588316e-04    1.280414800096563610e-04    1.564735858071468691e-30    2.548264587778648285e-05    1.727352343728911699e-05    5.089587759269082362e-07    5.153838753917792948e-02
2.900005454927882624e+02    1.001112140992179267e+00    -8.568361432016384505e-03    1.526675713399772757e-04    9.087637477735317207e-04    2.621587040695787951e-05    1.724737625373148534e-05    -8.747168865581579923e-07    8.476795438295536833e-02
2.900000332163676262e+02    1.001520885196658162e+00    -6.075896903075989758e-03    -4.434261255931633034e-05    2.142033735033209592e-04    3.019259440469029544e-05    1.904227540538773296e-05    1.442580044514544873e-07    2.029295282875188955e-02
2.900001805827256476e+02    1.001109759009107814e+00    3.173029510285607559e-03    -6.107813288183616370e-05    7.275255508461243815e-04    2.857706898820219619e-05    1.867240403883377580e-05    1.106435511158476551e-06    6.528506955341560614e-02
2.900002266519273348e+02    9.996952470074619290e-01    4.430562659042245992e-03    6.087248788461756922e-05    2.912893215735228717e-19    3.111714804811652505e-05    1.832645149719132899e-05    -8.189243708885093981e-07    1.813207994105743223e-02
2.900011015965947081e+02    1.000509249298259462e+00    3.043437490476981477e-03    2.060809197963719129e-04    2.554608853001933775e-20    2.933222428465618852e-05    1.876429167975884248e-05    -1.192039361286044863e-06    1.517768749623484292e-01
2.900004724674209911e+02    9.998883584130104918e-01    -2.021807914827413995e-04    1.435731122278599830e-04    2.380325072766152934e-23    2.927378513652684715e-05    1.809974699079879706e-05    -1.432784431905484920e-07    7.883392860534367552e-02
2.900003125238316670e+02    9.992508253453332712e-01    1.030208959974244316e-03    2.777103648462056246e-04    4.039407055770753751e-04    2.953776242783840136e-05    1.901855992754628746e-05    -9.173121751018740306e-07    1.444247902789826266e-11
2.900003924051529793e+02    9.999923898273925804e-01    -6.333014420477884807e-03    1.739730571671833502e-04    1.211261258805637012e-03    2.695542720717658476e-05    1.757100406906540898e-05    -4.964548778805178915e-07    5.700798514210286133e-02
2.899998456949468846e+02    9.987881770520790070e-01    -8.286269354671079584e-03    -5.006036165430385377e-05    3.809224949257334898e-04    2.714093447587856572e-05    1.725037044399774857e-05    4.871877829496191305e-07    6.446001710918095040e-10
2.900006275532719542e+02    1.003135818840557913e+00    5.601230507684046289e-03    -5.557949216323993837e-04    1.249823467412839503e-03    2.788637063985059837e-05    1.756124143878864301e-05    7.764695527144078967e-07    8.475086483942889659e-02
2.899996720750753525e+02    1.002106505180322849e+00    -3.338814086404932099e-03    -2.334512104251047207e-04    5.992141982738121223e-04    2.852884131729909007e-05    1.748786972287756929e-05    1.449647025013881621e-07    9.661378589792393913e-12
2.900001550987955170e+02    9.996529181878582859e-01    2.785535776346635423e-03    4.189584590063840991e-04    2.161732007842283095e-23    3.001134692666898693e-05    1.924150954915083978e-05    -4.842430392943138924e-07    6.752226616207362619e-11
2.900002504902702185e+02    9.980671703552461693e-01    3.478904914466003466e-03    -5.373356229834860918e-04    1.250270331148728604e-03    2.713208739860492133e-05    1.790341567295959904e-05    -7.902753335268725632e-07    1.192122762950550045e-21
2.900001225130528155e+02    1.002088649328016556e+00    -1.790028714714659783e-03    1.503269993415487495e-05    7.502459688973753867e-04    2.928425333960958120e-05    1.782746795363878068e-05    1.236294439750944494e-07    2.823813490454233002e-16
2.900004545272594214e+02    9.990646970691018369e-01    3.287056932546548235e-03    -2.195433562008555902e-04    3.007586922910149876e-20    2.789864436004093370e-05    1.746151044604461535e-05    -9.741290547242765497e-07    5.510171465038665034e-02
2.899999310052808141e+02    1.000390895321108031e+00    5.669169880203797814e-03    2.539101380923613712e-04    6.277880232304201626e-21    2.984034368574583321e-05    1.919119793134713058e-05    4.022862903239061266e-08    4.732269244658202853e-10
2.900000979063465252e+02    9.957501106961407222e-01    7.836534283546489274e-03    3.592136243139876510e-04    2.830752864264983871e-04    2.778199373959023329e-05    1.798744423648472804e-05    -5.498061212664615127e-07    4.038641640673879115e-10
2.900000654156689848e+02    9.984149099092801682e-01    -1.032948794868057685e-02    -1.069708671538141282e-04    1.823150676711579210e-15    2.598960962746254313e-05    1.729382951950592299e-05    -6.684272403744825346e-07    1.113403597626877288e-02
2.899996163315826720e+02    1.000841316967263195e+00    8.232612135798839451e-03    -2.242171914442516172e-04    4.690476826787031155e-04    2.609789329651858816e-05    1.779336588337190314e-05    7.656085864964640534e-07    2.031736887600739739e-12
2.899997452655424581e+02    1.000863857373101018e+00    9.200442696556090233e-03    -8.882255496800809671e-05    1.424297226306635474e-04    2.641914441878148446e-05    1.733037206179427497e-05    3.696390145980196503e-07    1.833997396789200094e-10
2.900006867633042020e+02    9.984791356798409234e-01    -6.909540006433160901e-03    -2.893444059148598028e-04    5.144389638992734964e-26    2.760120411763083680e-05    1.782822335060073614e-05    2.702301090639240381e-08    1.158977840178761903e-01
2.900001183643940408e+02    9.971168892175397147e-01    8.796219991301831831e-05    -1.452473714131631783e-04    3.117075279308842827e-22    2.842441561680445516e-05    1.795943932069661076e-05    -8.242695207915613561e-07    3.498121388470285072e-09
2.900002011733737390e+02    1.002902034109993457e+00    9.072789231906445593e-04    -2.691787017452273740e-04    1.759737710709951544e-03    2.675115620400694879e-05    1.752734202475552275e-05    -6.347585769328599605e-07    2.111495406754204662e-02
2.900001439072377707e+02    1.001221426569407269e+00    -8.604764974601832386e-03    -4.390495010404265322e-05    2.297163240807907533e-21    2.613378060135463811e-05    1.737449148430088926e-05    1.399005524351769601e-07    3.573366640023015878e-02
2.900003783312473615e+02    1.001284813209534219e+00    2.494120898509138463e-03    3.270691048918528891e-04    5.052708226826652018e-04    2.702782123996732717e-05    1.793048171350847785e-05    -8.064262746757268192e-07    9.358143636312073752e-14
2.900001346990246134e+02    9.963813763442319615e-01    -4.979155005834768298e-03    -2.179243269493891754e-04    2.464490752932097788e-29    2.766566457924069926e-05    1.790642917133511528e-05    -3.680802249834950535e-07    2.923300370359836753e-02
2.899998909279345867e+02    1.001425127084985434e+00    -4.659190848832261977e-03    4.038699000310932790e-04    6.701927847943066991e-04    2.922427640792735914e-05    1.745895011390870269e-05    -8.312571186129401139e-07    2.171286834033405457e-09
2.899999641828241010e+02    1.002820525266706397e+00    7.627092856167359478e-03    -1.752516448645954721e-04    9.877253003308938961e-04    2.601431373904498939e-05    1.760936287544856199e-05    -6.785821966206228974e-07    1.287447389794639892e-11
2.899997552461276769e+02    1.000510191364540447e+00    -3.661880263786316311e-03    2.951553106226239382e-05    1.474228154260355028e-26    2.945581089971798742e-05    1.899804929470114034e-05    1.680201260172679831e-07    1.219231776405628465e-02
2.899997843436834728e+02    1.003155391498165461e+00    2.400479317429096097e-03    -3.411758783660896461e-05    6.528863115523570295e-04    2.664919122727641332e-05    1.720946541233888733e-05    2.884627966609321935e-07    1.878004581861702379e-15
2.899997133700487097e+02    1.000837168692571222e+00    3.637039412729087349e-03    2.314851607708740412e-04    1.622579661156182216e-27    2.707417931016383949e-05    1.716626261820603568e-05    1.283685741024923241e-06    2.260611153930994365e-12
2.900001012252050145e+02    9.986327987608394352e-01    3.223903873418191689e-03    -3.108100315898475598e-04    2.645833695669613340e-25    2.810557942748799083e-05    1.799370945996524475e-05    4.458891319297302582e-07    1.767874082322587123e-02
2.900002693578810522e+02    1.001924568930049553e+00    7.729134742778904707e-04    4.679468522268193288e-05    7.512248066187075501e-34    2.946282422983304664e-05    1.919440999542070382e-05    -3.063529147569428632e-07    1.600166397157107162e-08
2.900001090836723279e+02    1.003809456944536382e+00    4.963974691788441973e-03    3.470229917715508426e-04    6.008868561063750157e-22    2.592863376397399217e-05    1.676001319160876399e-05    4.299611106866676634e-08    2.372607396577568542e-02
2.900008616700360449e+02    9.992691683811236736e-01    -1.459030831238319198e-02    -3.739655118818666210e-04    2.342943396974068310e-03    2.506053809729479081e-05    1.694645571735900100e-05    2.636989404986157168e-07    1.715668304306326719e-01
2.899997561988050734e+02    9.988607849618010848e-01    2.013423888539285413e-03    -1.785077050569223815e-04    5.393780112807883176e-21    2.888366037458329542e-05    1.796204182203440015e-05    3.889376274844025339e-07    1.008189509180643377e-10
2.900000059191369814e+02    1.001317390060353363e+00    1.035836201381922297e-02    -1.407915358581302489e-04    2.718618626143249926e-32    2.850799267517167352e-05    1.877373049431487370e-05    7.218157802038301994e-07    5.663880096602486036e-03
2.900004624022589610e+02    9.993920628058691191e-01    -5.355228767942759368e-05    -1.710033510553372918e-06    1.603736781068477177e-03    2.804011593289178173e-05    1.751980538288786226e-05    5.474203478539498736e-07    1.133242750168626800e-01
2.900000928397436724e+02    9.999566145422266183e-01    5.757102304731001336e-04    2.422941365593830453e-04    6.504492474592006025e-26    2.605588933591882896e-05    1.711483237855852458e-05    5.327944703140660101e-07    4.547932902910926251e-02
2.900009398117504134e+02    9.999071222445419238e-01    -6.765736385528146575e-04    7.112168368569948362e-05    5.407347675947937719e-27    2.988195760800320253e-05    1.927910118888597133e-05    -2.873114388367514214e-07    1.228161458877989193e-01
2.900002286094478450e+02    1.000373477648853759e+00    2.420607462622404490e-04    3.439194813249299302e-04    1.139922787722538533e-21    2.920210379886928610e-05    1.862714029678182791e-05    -1.799036227642858481e-07    5.485905829489041291e-02
2.899999589838546399e+02    9.984905793070915081e-01    -5.667790511610374532e-03    9.820928699304032957e-05    2.273757105893102979e-23    2.687859798249779715e-05    1.655372325030260322e-05    6.790302076155984223e-07    1.882088300315935825e-02
2.900003313875644153e+02    1.000117825678766170e+00    -3.295176264100857424e-03    -1.222896640453738446e-04    3.706903826271485151e-04    2.854288243338885085e-05    1.849910291389481357e-05    7.039356716070290820e-07    8.166976864544100989e-02
2.899999026443633738e+02    1.001544299487739265e+00    -7.311325569031448292e-03    -5.816771129503846082e-05    2.089582182233089280e-03    2.855371477171117161e-05    1.849989173420249803e-05    6.948363732338785208e-07    1.825133762844591279e-02
2.899996176691933556e+02    9.988219891707637021e-01    4.376555167171411985e-03    -2.080492468164137966e-04    1.358870879213901508e-20    2.769038159114561498e-05    1.678168745692993122e-05    2.552036847511237030e-07    3.959001426676852387e-10
2.900004773632909973e+02    9.977503676233272500e-01    -4.527586379748446341e-03    9.079117343192994198e-05    1.751728510248515671e-03    2.403702264061005300e-05    1.599685112753809838e-05    -7.264584816059253401e-07    3.227735064669352144e-02
2.900003906604698045e+02    1.000023130664173809e+00    2.792276460444812272e-03    4.155954530851089764e-04    1.690643716297132992e-26    2.790567655842106029e-05    1.805402272399971806e-05    2.710814681872665381e-07    3.802684203619092346e-02
2.900000411718198166e+02    9.985167387006522732e-01    -3.676475656312747000e-03    5.377338349543012109e-04    1.943525355763575840e-16    2.822029662105259414e-05    1.823784605057344308e-05    2.015781058587123311e-07    3.773691257354624549e-13
2.900002172269192897e+02    9.973218497158522489e-01    3.915528307196641106e-03    5.186928113694826278e-04    2.405848817038780255e-04    2.899859038026696096e-05    1.789443453924898975e-05    2.375453260047773637e-07    1.712831923710106397e-02
2.900001245596116064e+02    9.993881877207246855e-01    -9.078037486850570881e-03    6.178387541504081946e-05    2.406400723432017301e-21    2.720664506736898683e-05    1.753618903596377871e-05    -1.268668578098232496e-06    2.489658045766812703e-10
2.899998808630170402e+02    9.990843173257796250e-01    6.348379242774032779e-04    -1.334220995051651050e-04    4.772197390721934140e-20    2.725529146354035431e-05    1.817622311759207649e-05    6.138752028687860249e-07    6.180052658213503781e-03
2.899999995139981479e+02    1.002286602616638378e+00    1.674792353617801958e-03    -9.071444392569324229e-05    1.101037441939430590e-23    2.831260533777315555e-05    1.678898020378914754e-05    -1.866986326561280047e-08    5.344827557247365770e-09
2.900000244889554892e+02    9.973531956417650557e-01    -1.372729294327596113e-02    3.430404269255758737e-05    1.223690066775475371e-29    2.720235012112735354e-05    1.735250318667403557e-05    -1.509964289379950707e-06    1.330161095436447274e-12
2.900013086303600858e+02    1.000887046977778860e+00    -4.555932773729350939e-03    3.213778714781756712e-04    1.128758745883842209e-03    2.677000377498107999e-05    1.657810866630742767e-05    -5.871186576473732835e-07    1.816678110668067114e-01
2.899993769744672818e+02    1.001618387203249805e+00    -7.815479831309668848e-03    -1.918435533491604644e-04    4.853481583802045387e-21    2.767269386119725348e-05    1.747882047297193302e-05    1.207230087288760562e-06    4.407529920852829037e-09
2.900005450150466118e+02    1.000303662167948193e+00    7.550896638957958242e-03    -1.667725926812693935e-05    1.458590575241927719e-03    2.726148892253080680e-05    1.777307342424766341e-05    -1.296105386484643052e-06    6.480007611258911671e-02
2.900004995621540616e+02    9.997991571723757742e-01    -7.528862171340843954e-04    -1.690050254093672496e-04    1.412617145301107189e-25    2.935671759698779749e-05    1.912227563231536686e-05    -7.731620016215293529e-07    5.619722885588408767e-02
2.900002516016099889e+02    1.001683734378394641e+00    1.338228829341836209e-03    1.011849269759052412e-04    3.301935099771839509e-05    2.781163683546115749e-05    1.847942464749927657e-05    -8.934187752933058232e-07    1.595636443730586232e-02
2.900004568820054374e+02    1.002178975969374886e+00    1.996242000209063304e-04    -5.395972805941627636e-04    8.949045833874637399e-04    2.932089017831278013e-05    1.897268478856822775e-05    -1.942440290518414724e-06    4.497584090919025696e-14
2.900006094143658402e+02    1.002132344853930102e+00    1.154610422164673803e-03    -1.648644042755891871e-04    4.642084236340588880e-05    2.933975748399174165e-05    1.874626550806579266e-05    -5.647592638017141528e-07    6.210858604958360146e-02
2.900004696342653006e+02    1.000078200222778158e+00    8.592410682663604443e-03    -3.930243855060150870e-04    8.275454588613080134e-28    2.840369618203136771e-05    1.820742714809348042e-05    -6.196207934529035442e-07    2.808154591019490151e-02
2.900001835459769381e+02    1.001401502442866409e+00    1.871670703560185736e-02    -1.159331113571423550e-04    1.594549338480811748e-03    2.863897302710248361e-05    1.859386648539570187e-05    -7.443348666325164185e-07    4.773406974465334491e-04
2.900000013982271980e+02    1.001105139400020327e+00    -3.806929815828352485e-03    1.175186429125838020e-04    7.550680777850411438e-21    2.953225554938899706e-05    1.884176576623495961e-05    -7.614246589382578736e-07    3.689082318486062857e-10
2.899996182368514042e+02    9.979467367315091320e-01    -1.089935369608532878e-02    6.037753943985622830e-04    9.570094438825511599e-18    2.946369698325380180e-05    1.915724832412538174e-05    6.831077535503325082e-08    9.987827958378291154e-09
2.900002121042030012e+02    9.982314078216117936e-01    -8.484156220606556970e-03    -5.882143160610954708e-05    5.798241801475801730e-24    2.726669169971048174e-05    1.753728039364955751e-05    3.034079340212797026e-07    6.562599598427598657e-02
2.900003366129744791e+02    1.000182185031569304e+00    -6.447038385106719505e-03    -3.042123089931042090e-04    1.120415981603930557e-03    2.966399143406508107e-05    1.857776686315635889e-05    -1.152655006781780324e-06    2.620348872000258667e-04
