# f_r [MHz] A m phi D delta_r delta_ere delta_eim a
2.899997199818567992e+02    9.990178296130620694e-01    -6.017237075925482848e-03    -2.116606319489444031e-05    2.830987880084445433e-26    2.651689806498995275e-05    1.652495989992375431e-05    9.680387298413373653e-07    1.428379293292929840e-10
2.900001933894967010e+02    1.001630189633408774e+00    3.138248298668075680e-03    -2.883629062387308285e-04    1.210387458016937742e-04    2.672049921845379169e-05    1.673621045093541274e-05    2.590878927794298207e-07    6.573339572321037008e-03
2.899998374754447354e+02    9.990894422047217338e-01    4.867988825844171870e-03    -1.278354423059937599e-05    7.698464399676569533e-04    2.423021311294691998e-05    1.493998880949423405e-05    6.127854501240750095e-07    1.277743512734176752e-10
2.899999514465916377e+02    1.001671497938530608e+00    1.056023515999208150e-02    4.546178744288663798e-04    1.613819970286472160e-04    2.634121725176254681e-05    1.666709500273427457e-05    3.624450709687202711e-07    3.942560045137680907e-02
2.900000785848060900e+02    9.977858942367929806e-01    7.624861884664932594e-03    1.816364615599590020e-04    1.157904398334268378e-26    2.468183790038751122e-05    1.606890206928925349e-05    7.372692076324443157e-08    5.475309651227884767e-10
2.899999660829345203e+02    9.971158286391098580e-01    -2.860760586832798778e-04    -3.300463565477960255e-04    1.517464821901445501e-04    2.715443384590047676e-05    1.643412598552448497e-05    1.882647737494007757e-07    8.041859041822018373e-13
2.900004601136832321e+02    1.000613309489080782e+00    7.800552312201469631e-04    -3.346457246494322622e-04    2.921637653910933217e-26    2.737957797595404013e-05    1.592858174187162824e-05    -1.265190622972619182e-06    2.482670914289140536e-10
2.900002202017727768e+02    9.982289070149362731e-01    -8.520911398833325894e-04    2.006065520386484736e-04    4.252682335588746107e-21    2.562910646118374898e-05    1.685586724244128576e-05    -2.059237374953120289e-07    8.815515637720867387e-10
2.900000687114820721e+02    9.986850305115422266e-01    -1.258444572149494288e-03    1.452306116552507713e-04    1.973016244504695749e-03    2.670570590286455592e-05    1.660602297906093168e-05    -7.271264186284941090e-07    2.321303171442484799e-09
2.900000229689072739e+02    1.002698492816516351e+00    8.127561915897334264e-04    -3.569310274264257156e-04    5.671203596660320557e-06    2.632511289596906883e-05    1.564677023144769584e-05    -1.516843112349546974e-07    5.873461585823650237e-09
2.900011816071459521e+02    1.001050398535600072e+00    6.729353816016193836e-04    1.950527591630471524e-04    3.870270592128300141e-24    2.777319235323489580e-05    1.596435262634427726e-05    -1.747395068905258091e-06    1.270790616264338702e-01
2.900006643760823977e+02    9.993025141665181632e-01    -3.270086793279475268e-03    -3.869638461133252791e-04    9.821950418408540375e-25    2.468991354107621478e-05    1.536328746146462391e-05    -3.385907911629334318e-07    1.069758821721334546e-01
2.900000000463942342e+02    9.977277326513347422e-01    3.087722597113097458e-03    1.510904485805528218e-04    1.043302197276999065e-03    2.613909226769681776e-05    1.602256605004616754e-05    6.529227206908706373e-07    3.489502921511903038e-03
2.900002889190935207e+02    1.003359225390439535e+00    6.876838478925785883e-03    2.779024395442498572e-04    8.461210042099852354e-20    2.634497260640444565e-05    1.568898218902069018e-05    -2.466358021110566160e-07    2.509181584267555776e-02
2.900000923130134538e+02    9.998376425603872075e-01    -7.101440227552388053e-03    1.729521085362694971e-04    1.224154862935013677e-03    2.571651323330461275e-05    1.583052111951541483e-05    3.584085416170922675e-08    5.846584407868158576e-14
2.900005987763877897e+02    9.988616942116003150e-01    -8.512901791537585278e-03    -4.599901583814516360e-04    7.522843439904679556e-05    2.686311527856967632e-05    1.658120577559723112e-05    -3.408145356437274430e-07    5.640053274886604184e-02
2.900000679080095551e+02    1.001938860818628596e+00    -1.027441612948460162e-02    -3.695001013515086704e-05    2.107088308405521463e-23    2.863213213064366895e-05    1.684781236835670998e-05    -3.691482543138003351e-08    5.408173322070788608e-10
2.900003209855705109e+02    1.000989930039093645e+00    6.270938126568295981e-03    -3.463511546184718529e-05    1.623121916569017454e-03    2.864947740618220640e-05    1.659682567400479571e-05    1.124946154245920554e-07    3.632487096189123126e-16
2.900003522812140204e+02    9.996766319374114085e-01    -7.175764998208785869e-03    -1.375233981622277614e-04    4.758644231365292835e-04    2.582456838816963205e-05    1.598346875799730549e-05    -8.804179360186154768e-07    1.297785029440539609e-14
2.900006592777033347e+02    1.002996165011101226e+00    3.234401231003742206e-03    3.158715137569045981e-05    9.426594431041547019e-04    2.518021621143384727e-05    1.581259746000852000e-05    1.150930590044497281e-07    1.050539233284045054e-01
2.899998527027345290e+02    1.000671773687912269e+00    1.244837259758571277e-02    -1.663458925895170088e-04    5.001766415504010639e-05    2.437580507903394902e-05    1.554815185437399946e-05    1.177662580483929789e-06    3.906676551030665526e-12
2.900000006568004096e+02    1.003828177680896827e+00    -5.297442610121885602e-03    2.527426279366147338e-04    1.118116487973925535e-03    2.617986903087503368e-05    1.564931240610927459e-05    4.435778852099980061e-07    1.307766272576789672e-09
2.900005852886242224e+02    9.999384599181342370e-01    1.263160311516987758e-04    5.879853985309150448e-04    1.471979014366348168e-03    2.456261640152103515e-05    1.529063497650193861e-05    -5.980453475650414855e-07    6.800591410122325264e-02
2.900001838404303385e+02    9.970564858921499019e-01    -2.535538554468769450e-03    -1.153785791788156171e-04    2.275323294719501454e-28    2.613736641994210486e-05    1.629824210171302155e-05    -1.121935425903031487e-07    1.217965109877891614e-09
2.900003032707932675e+02    9.981865784555783438e-01    5.601422193514944518e-03    -2.696678545639546120e-04    1.102266568510228732e-21    2.616006563884190980e-05    1.673417857530253784e-05    9.123129017634687097e-08    6.477225907326486509e-02
2.899999579464194426e+02    1.000288290577676875e+00    -4.528857251649589036e-03    1.979464204365087468e-04    1.220045132232994904e-04    2.550052460230924171e-05    1.617870757361015684e-05    -2.722953229428526436e-07    4.131435637257921054e-10
2.900005922524026687e+02    1.001633718200547918e+00    1.755988450496192427e-03    1.131257128791052192e-05    1.415568007842715921e-03    2.645780657455342814e-05    1.653273573322893187e-05    4.819908500789167128e-08    1.033985040347857598e-01
2.899995457763152444e+02    1.003545080053788841e+00    -6.277101955633966265e-03    9.634940680357835378e-05    3.229162968795356082e-22    2.700554260161983064e-05    1.662181970520395415e-05    8.927837416055904897e-07    5.057815782039191323e-09
2.899997208703899219e+02    9.974785083688278986e-01    1.043392302736689640e-02    -3.004734584917348613e-04    6.102088582701701083e-23    2.513013390230501711e-05    1.671649755412249979e-05    6.835794830582202947e-07    1.108016593962548727e-09
2.900002852194189700e+02    1.000299693005704205e+00    1.625630717813016687e-04    8.672400057880543054e-04    1.256809892860116795e-03    2.756863188071932602e-05    1.617051238001625968e-05    -3.465874437892026438e-07    6.965338938074093489e-02
2.899998677920227124e+02    1.000066226083997645e+00    -2.783721632468626802e-03    4.819738289672370461e-04    8.661065681971214653e-04    2.819360501735736281e-05    1.689538696043004135e-05    8.997025139340460478e-07    1.686450784187673757e-07
2.900005763396505927e+02    9.981807556508883739e-01    -3.871058569459936375e-03    9.982314323684783456e-05    2.198377412742036835e-20    2.740152896216622086e-05    1.663573316735715351e-05    -5.939513909744515918e-07    5.533326368644292392e-02
2.900000743163918742e+02    1.002786600422292729e+00    5.535097590667245040e-04    -2.954124220153743572e-04    5.940194965305416099e-04    2.508659790244739760e-05    1.599936713601333302e-05    -4.346948934448987200e-08    4.284271242546279501e-02
2.899998011108785363e+02    1.000461592040176928e+00    8.472065261976254903e-04    5.890334985493386223e-04    6.560248329024064044e-24    2.795433659904354305e-05    1.703787361373645942e-05    6.987282593042881109e-07    7.651218676742124573e-03
2.899998911250101514e+02    1.001615988714466443e+00    1.143304947446100242e-02    4.206196285251053942e-04    1.497859048344639312e-03    2.343484872143661551e-05    1.552267801407275052e-05    7.194786558948895933e-07    9.772101435469411016e-04
2.900005329925544970e+02    1.001213969456357766e+00    8.161521947205411034e-03    5.376436724929325181e-04    2.595145596560350678e-20    2.689564538407718326e-05    1.610380393366676026e-05    3.048631785459762938e-07    7.874449708070213605e-02
2.900007270641606851e+02    9.966993994773251098e-01    2.166496923418439330e-03    -5.245919124321865882e-04    1.198557242412107877e-17    2.699490828087465475e-05    1.665733718257586990e-05    -5.905200859661985322e-07    1.287926147289850387e-01
2.900000728577823566e+02    1.000072019412936219e+00    2.681471191518453381e-03    3.340365760456762319e-04    1.601971458262440575e-03    2.831385443952475013e-05    1.644936995872843825e-05    -2.684857439976643701e-07    6.302520242611997010e-15
2.899998888961603143e+02    9.993741961797913964e-01    -9.731771740725364246e-04    2.302863322796262150e-04    1.145414145954249101e-03    2.580525457903820008e-05    1.648957656041004881e-05    3.486268139376007793e-07    5.618257767846428024e-14
2.899998636881156813e+02    9.989066829732271557e-01    -7.885839287926890619e-04    2.030328399759303269e-04    1.243481940742582154e-24    2.380658353486617148e-05    1.530452290254938306e-05    1.658530728383083154e-07    3.129686378826857898e-13
2.900000593460393929e+02    1.000250072442136595e+00    8.250291957031316700e-04    4.448512295067095492e-04    1.933936843826916576e-03    2.962789773090621401e-05    1.641234167353529120e-05    -2.455394482656817007e-07    1.169179388401653648e-14
2.899996484071325540e+02    9.965578607549909762e-01    3.203720694229331319e-03    -1.779716710566765022e-04    3.845964222300511767e-04    2.454596333291152147e-05    1.574585245135167016e-05    8.426499580608086522e-07    8.272410235503602330e-10
2.899999548808523286e+02    1.000304145123770416e+00    5.010778482384062836e-03    7.955803437884131522e-04    1.257397127047605581e-23    2.489175685979230673e-05    1.544777217568062496e-05    4.863149981487516812e-07    2.612689519084681570e-12
2.899994396711381341e+02    9.972488550841900334e-01    3.470892666808455401e-03    -2.029937576872667821e-05    1.041641094490850963e-21    2.483630010090684328e-05    1.550551007371977433e-05    2.066372073214320560e-06    3.201155837622182697e-09
2.900001606173926803e+02    9.972194170676488278e-01    5.117311434039234497e-03    -1.211076694494578278e-04    1.577408020478069354e-32    2.530269498733830807e-05    1.547540856754122562e-05    3.661523463877413156e-07    1.472098745930452849e-03
2.900000341126306580e+02    9.998893205120554795e-01    4.945187501635954323e-03    -1.025064483402578067e-04    2.493495680924069386e-04    2.684015473499287553e-05    1.712610577749912720e-05    4.195091331205280841e-07    3.949453819935787523e-12
2.900001820933409249e+02    1.000187960745540616e+00    1.784448640777808095e-03    -1.761829260992549628e-05    2.336006572974869072e-34    2.452558487603560339e-05    1.567485682279209176e-05    -6.367378468736657188e-07    5.461242728915963185e-02
2.900009569078679306e+02    9.984630683899707870e-01    1.227056717600424549e-02    -3.352699835334049653e-04    1.200160313630491181e-03    2.561231944715079760e-05    1.546660693453517937e-05    -5.502567427095166642e-07    1.539571988094273758e-01
2.899999983472573604e+02    9.982810252290040820e-01    5.924721649042094437e-05    -2.117881690747814910e-04    9.491123921101485816e-24    2.194178093365877554e-05    1.451330301329974235e-05    -1.047206161605301194e-07    2.830644646796316968e-12
2.899998774008340092e+02    1.001009362010609527e+00    3.239235945520874300e-03    1.231848846842060520e-04    6.013087768796000994e-24    2.726047467197930080e-05    1.619505712911130689e-05    4.133229639932925080e-07    9.426538502601915577e-10
2.899998979487786528e+02    9.986611266434703982e-01    -8.926701653437437182e-04    -3.298410578659397843e-04    1.859710117272608308e-23    2.668933892504779136e-05    1.633152441476571533e-05    2.756105852974684640e-07    1.893442137259343863e-02
2.900001993380670910e+02    9.993052821663008789e-01    2.173871479102377959e-03    -3.375782593039192646e-04    4.323853867402949535e-21    2.507489536176032711e-05    1.549504115107993256e-05    -2.802937958255847289e-07    2.034784347923139340e-11
2.899999033798886785e+02    9.993882198696257824e-01    -4.822160361280991049e-03    -2.625488206749435646e-04    1.516922080343262543e-22    2.599956630486781979e-05    1.614705425463761022e-05    2.044603285627485643e-07    2.659707595704502127e-10
2.900001426746226798e+02    9.995717156204485532e-01    -1.541441520056742454e-02    5.313643914964074396e-04    1.238548911435973909e-03    2.517723830956210637e-05    1.524655412688606051e-05    -7.514862830777033392e-07    2.480017752323467398e-02
2.899999838343326815e+02    1.001026702925170930e+00    3.234501158228410278e-03    -9.570005419862904616e-05    1.822057405188621561e-03    2.530301091055264814e-05    1.580441332563898026e-05    -6.626967413707201573e-09    2.043242473372506874e-10
2.900005775293520287e+02    9.971363904095683628e-01    6.415763673735721401e-03    -4.856553839339837106e-04    9.017836475279103828e-04    2.492312630920259748e-05    1.660271463309757260e-05    4.591268196803858961e-07    9.317826153746204543e-02
2.900005971990723310e+02    1.002669545885447100e+00    -3.914574875412330825e-03    -4.081607266734123838e-04    1.544352320689625817e-03    2.483555012783770870e-05    1.565361418931007171e-05    -2.115385802226102221e-07    1.061687705630330325e-01
2.899999480780554677e+02    1.000956148070689666e+00    4.579764641332560032e-03    -2.523387972833099108e-04    9.288904890218920728e-23    2.493696868601385193e-05    1.573048368739176142e-05    1.303109650978869259e-07    4.701039402815934095e-09
2.899999896406856124e+02    1.000949452894392300e+00    4.071898126836789346e-03    3.631566555715315262e-05    1.612452033901761755e-23    2.597586838323618323e-05    1.628328672314978997e-05    -6.998774241003280255e-08    1.698269776940444225e-10
2.899994674148775857e+02    9.994424703051767445e-01    1.232961304805275590e-02    1.433641873847982891e-04    1.402675100943805977e-03    2.718374848933510096e-05    1.617782107823381322e-05    1.429586400665332782e-06    7.476001170693031224e-13
2.899999446369492944e+02    9.990721553068363514e-01    5.637046300746895861e-03    1.289404476147671058e-04    2.943140385750391062e-04    2.483889339286007562e-05    1.539995280310775693e-05    8.928876650790941337e-07    3.260606154028989541e-13
2.900000993505073552e+02    1.001989712646204511e+00    1.252577359973255228e-02    1.155509128048649956e-04    1.632506769140541890e-28    2.793157639480069439e-05    1.711555648679896806e-05    -9.080760886055975475e-07    1.219049160760943944e-11
2.899999941640119800e+02    1.003061188128358427e+00    -8.914090706575160958e-04    1.628774421487101610e-04    2.266178154955917910e-26    2.668226371598565337e-05    1.563414152545776850e-05    -5.233001243333808991e-07    6.428519063610546176e-09
2.900000468837574772e+02    9.974480136427117394e-01    -1.119636985223508747e-02    -1.639514860735776175e-04    6.241271428463424304e-04    2.312174669920685153e-05    1.524589011890752884e-05    -8.478620575256018048e-07    1.362180747470642314e-02
2.900002309877268658e+02    9.989919044156849726e-01    -4.102875140709053535e-03    1.776577597481950033e-04    7.797418966390453200e-05    2.847886672255489930e-05    1.720673834391248637e-05    -9.031084932807936234e-07    3.820459290181597856e-02
2.900000465628034476e+02    9.976328610785801798e-01    4.963515717725993162e-03    1.283462331619923760e-05    2.423686748085869046e-22    2.427864191744935802e-05    1.541195744266671952e-05    1.372698609597768237e-07    1.002550042885272760e-10
2.899999370402896943e+02    9.989698775591916435e-01    -1.121017362728987015e-03    6.840234255844799497e-04    2.418478076906987028e-21    2.658437263968546429e-05    1.528662332482686912e-05    -1.394864043297677857e-07    1.222856059882763898e-08
2.900002394370282559e+02    1.002584530287689235e+00    7.442630252125375691e-03    -2.048001254997070257e-04    9.671817687836492472e-26    2.721351205895613154e-05    1.611442053945144262e-05    -7.739240644722945163e-07    3.439145277145214959e-10
2.900001987366470075e+02    1.002253274754382195e+00    3.107698849711303373e-03    9.062610850184751724e-05    3.244843699648018416e-04    2.405886808355417607e-05    1.579497379761857302e-05    -1.177750696475200576e-06    3.491438874838438127e-16
2.900008167044228458e+02    1.000031888175859418e+00    -3.540021182753913531e-03    -6.816981746179336154e-04    3.751402448565747841e-04    2.448231711905830821e-05    1.518652180674369482e-05    -3.216731462193596939e-07    1.002425281825035236e-01
2.900001312725439675e+02    9.997791730798856191e-01    -4.144184392153439471e-03    6.407290545130239311e-06    4.658968222634749647e-21    2.754113405185601023e-05    1.697122451698871088e-05    5.518155784669503385e-07    2.479737450972482719e-12
2.900004551948034646e+02    9.995320584157491028e-01    -1.106063459547168386e-02    -1.253775915041266604e-04    1.014767532853683601e-22    2.557984405949652491e-05    1.575696978114445685e-05    -7.689051809379478587e-07    3.198470646299278984e-03
2.900001784829772760e+02    1.001321001537274880e+00    -5.029674965169624165e-04    2.711985386887843358e-04    1.074592909102265988e-03    2.497321307882852383e-05    1.607548960902242729e-05    8.590342023587460143e-08    6.035786162065723964e-02
2.899999759657331424e+02    9.995967473541463866e-01    -8.939769610772443226e-03    2.437813380742028988e-04    9.853645699757784555e-04    2.746800670533471812e-05    1.629979057954118122e-05    -7.108632180055781628e-07    2.452260770206653173e-10
2.900008985526564516e+02    1.000050587210766562e+00    4.797078039246123796e-04    5.136187711357333673e-04    1.403792414256683671e-22    2.397461139664097124e-05    1.434030204931639885e-05    -8.691021447757727160e-07    1.067449328420582988e-01
2.899998682367338461e+02    1.001340116300583283e+00    -3.476074787539967705e-03    -3.338420174002010104e-04    3.576993418642100144e-04    2.936940535652071173e-05    1.646175990603663218e-05    -6.871985843097124732e-08    8.058675785924382472e-11
2.900002735880819387e+02    9.994306696920742805e-01    3.821529258182975591e-03    2.057946828057869023e-04    1.300893996027058041e-18    2.676244774535834286e-05    1.643191853196941709e-05    -2.768887627412289126e-08    4.143132827725007350e-02
2.900004225493020726e+02    9.957004220042673381e-01    -2.935481926024721081e-03    -1.654704516969179805e-05    1.377863850053761543e-03    2.756585307053263466e-05    1.629381140055765221e-05    -1.403943148786209041e-06    5.969218007619257749e-02
2.899998062148183635e+02    1.000014737606227166e+00    -1.128762894838824518e-03    -5.079744737445501118e-04    3.688803737316344914e-33    2.679226071010035572e-05    1.630735013576007823e-05    -3.230741853464564678e-07    1.069283700785445001e-05
2.900002340586518699e+02    9.999645361964609735e-01    8.923372039519272131e-03    -2.144384791729885963e-04    9.962091135259614473e-35    2.702697951305664816e-05    1.595966831941801988e-05    -8.359813563210828148e-07    1.733477899169321573e-02
2.899998967911117234e+02    9.973380592960412461e-01    -1.195252526365010986e-03    4.921933013436186191e-05    1.828633859817462536e-05    2.282508738979361238e-05    1.521660238822902491e-05    3.641390364107271503e-07    3.860500161758249264e-12
2.900003257784309199e+02    9.983999653336492752e-01    7.458432494593626554e-03    3.118969464557942272e-05    1.523783483101733222e-03    2.470205915527147274e-05    1.573137956708262801e-05    -1.623876115146937236e-07    4.921507996050412947e-02
2.900005685128373329e+02    1.000789957129838426e+00    -2.804238792703743488e-03    2.275178111822039788e-04    6.259975355205700418e-22    2.825982687748688303e-05    1.697224409528563674e-05    -7.598164419626630469e-07    2.687977232486119666e-02
2.899995468907766281e+02    9.991772628462057826e-01    -1.336642590835932648e-02    -2.661903914760610653e-04    5.557173068357328799e-04    2.464717924889062571e-05    1.575418554737578877e-05    6.690760883634301304e-07    2.066274573168887241e-03
2.899999716282383702e+02    9.977009840691140052e-01    2.604806374186938688e-03    -1.600966624160041630e-04    8.709824252286515155e-04    2.490139276680465287e-05    1.625695060132400049e-05    -1.458789127023895287e-08    5.145294266154102241e-11
2.900000699850131127e+02    9.976408019986978681e-01    6.630649463757900750e-03    2.945356558146615942e-04    1.854861106944979531e-04    2.544664524201140871e-05    1.650602080666791968e-05    4.588092970172893267e-07    6.915530419179234320e-03
2.900008420073951356e+02    9.995268476345778863e-01    5.131355228329645760e-03    -3.157219684411049056e-04    1.502613114263576066e-21    2.693533146595970649e-05    1.655295888246538985e-05    6.136506851974749543e-09    1.547248611598751600e-01
2.899996705885337747e+02    9.997275087046932907e-01    4.649078298705227284e-03    3.576235926142554123e-04    1.265003555908552485e-03    2.466805903550364318e-05    1.554271310616573234e-05    1.016830190270589527e-06    2.524964715064608130e-13
2.900002366204247437e+02    1.003094398496388706e+00    8.790359735093303479e-04    -4.425403985457683969e-05    4.134758409543900083e-04    2.295123792576759310e-05    1.470527409766259237e-05    5.597755253724244852e-08    4.613112946590647301e-02
2.900000902381080436e+02    9.988373022864459605e-01    -5.972344673024870300e-03    1.117870031715493460e-04    1.307213227281756903e-19    2.555339655830179488e-05    1.536215180928983610e-05    -9.413939586190647221e-07    2.865729302822209940e-11
2.899999655852830642e+02    9.985728167049549020e-01    -3.715632105762158542e-03    -2.070967974686138062e-04    3.285429139945737916e-04    2.588562426280648727e-05    1.595149839225723349e-05    -1.973177644866379889e-07    1.105569890620794567e-13
2.900002949880791903e+02    9.992119132321798380e-01    5.668532219949051591e-03    -1.661396617466959495e-04    1.102536559251680653e-03    2.219175375870059539e-05    1.428936453889970552e-05    5.825873570237018071e-07    7.866692958566150196e-02
2.900005108192659691e+02    1.000424336026924932e+00    5.288724583532183367e-03    2.580011873825482785e-04    3.366303314108054631e-04    2.624879379835837783e-05    1.612093113295184137e-05    -1.274217733938937153e-06    6.373626335151986117e-12
2.900005784306362102e+02    1.002356975836162789e+00    -1.067714085644962639e-02    6.754245464851439109e-05    1.497651173838035563e-03    2.594886010212765228e-05    1.565787580703868024e-05    -1.205294894517618691e-06    9.119215035737021635e-02
2.899998759060077305e+02    9.992332055030518356e-01    1.702949821504273721e-03    8.297317931881880652e-05    1.983662390568047631e-18    2.688041549253178511e-05    1.655266255387671885e-05    -1.142945523693553819e-07    2.730128891651797150e-09
2.900002727524833404e+02    9.998556587975712118e-01    -3.036732822840661813e-03    -6.744074216804582609e-04    1.239149587983100079e-03    2.434714527789540533e-05    1.573873183096487495e-05    -1.114410249690977808e-06    6.340831062884876840e-12
2.900000382996317967e+02    9.999703626048818128e-01    -2.495142672422497564e-03    -5.410943284523408395e-04    9.940832586576128956e-04    2.588507189744838002e-05    1.561964605319057691e-05    -2.678060844304567933e-07    4.035577144585894560e-02
2.899998768552616752e+02    1.002684052442229579e+00    -2.232521556083181136e-03    -2.579433952745399943e-04    1.215487679333763192e-03    3.043398131009781164e-05    1.675496845592785102e-05    1.030670138129632915e-06    1.995419972250068281e-08
2.900002715858951206e+02    9.975967840321435798e-01    -2.029387496685997570e-03    -5.289786194795979791e-04    7.403876875528875735e-04    2.413980127589435346e-05    1.608675990516153300e-05    -5.465346555135525910e-07    1.960640598733157743e-11
2.900002036888087673e+02    9.981418153132006754e-01    5.464917094665179033e-03    -2.188551855618749658e-05    1.357584911948408109e-21    3.009047928808166031e-05    1.808876514218539974e-05    4.773995286485448134e-07    1.486711954396768495e-02
2.900001900237091377e+02    1.001496683077272465e+00    1.130112427261685884e-02    -9.519159851070759187e-05    7.083761476895350626e-19    2.442184704362214843e-05    1.610669713671109525e-05    -2.282450227495864029e-07    4.168811794023552613e-09
