# f_r [MHz] A m phi D delta_r delta_ere delta_eim a
2.900005759432286254e+02    9.989221694437484533e-01    -9.466852080941867351e-03    -1.275670706310783043e-04    6.213412183682894936e-20    1.947528528790935361e-05    1.024351687139351473e-05    -1.645210207020187240e-08    8.526588209519234129e-02
2.900006710849572755e+02    9.978715078524368343e-01    1.142039625707339748e-03    -3.416176883620203309e-04    7.731182810330793654e-19    1.984392441506711721e-05    9.727588380634977013e-06    -2.598580073952365537e-07    1.288860865507935327e-01
2.900009302689980473e+02    1.004390602687641243e+00    -1.946193992087629786e-05    -5.279317429448958550e-04    1.597652865861520814e-31    2.009376860152465531e-05    9.786384512250137038e-06    -1.899752452088868952e-07    1.744689007666731517e-01
2.900003134940162681e+02    1.000750209792657719e+00    3.457869052126292132e-03    -3.357465093531589688e-05    2.360963457460888744e-05    1.852620919371575763e-05    9.389425172771075784e-06    -4.353957136933526438e-07    6.764347685966445867e-02
2.900007485360264923e+02    9.990322058769203206e-01    -3.227065866426525893e-03    -1.474257790086666207e-04    8.565617158990817923e-30    2.052117210921894835e-05    1.047060554890259277e-05    -3.208313146863507411e-07    1.641375023027345781e-01
2.900000882017327513e+02    1.002233533534947707e+00    2.973580243589809755e-03    6.885798759678280400e-05    1.820856513803305928e-03    1.954976100744829654e-05    1.053353530535760427e-05    3.323388362359796829e-08    4.322800505754340823e-11
2.900004141949584664e+02    1.000843887067691673e+00    -1.091491466576371104e-02    -3.710947815675435212e-04    1.375016142763723765e-12    1.995558072151013983e-05    1.041880441868979211e-05    2.267564333843308813e-07    1.288142468250142725e-01
2.900004948925899271e+02    1.000332256791133911e+00    -4.110434344363758045e-04    -1.826328959240120712e-04    3.663549751702672866e-04    2.049444368405646183e-05    1.050132934155337104e-05    -9.609793265018572373e-07    4.546424874039476510e-02
2.900002485586525154e+02    1.002297810480167417e+00    9.272959660762575620e-03    -4.354020534930038528e-04    6.148149097632314150e-21    1.918421020078777347e-05    9.715152134088329413e-06    2.868362001354563700e-07    4.465557510792059204e-02
2.900008357935257095e+02    1.000240755475937826e+00    6.425828303746329920e-03    3.460777381890952595e-05    3.592703128864232421e-22    2.264388275294192801e-05    1.076931794692340233e-05    5.751556394956524789e-07    2.009401394604500291e-01
2.899999246297737727e+02    1.001287052827774193e+00    -5.030524267313717796e-03    1.486511084324082315e-04    1.459136820153144167e-03    1.857821398794731686e-05    9.959707323709308886e-06    -1.162921045720418084e-07    3.567446627791595891e-11
2.900002511145466428e+02    1.000214658861527495e+00    5.409133255058613983e-03    3.177009316301889798e-04    1.760208304571063869e-21    2.160687579352779674e-05    1.095793417110182449e-05    -1.896248014627280888e-07    1.153972588782924803e-08
2.900001426183009698e+02    1.002024600447869451e+00    5.481079336288760540e-03    -7.150923153978809793e-05    2.407504586840757058e-13    2.048590475783411741e-05    9.581034989863869438e-06    -1.813511907680650398e-08    2.495653181873534049e-06
2.899998165163196404e+02    9.996176021750562413e-01    -6.716562470434688306e-03    3.393253651332839272e-04    5.823555170258602797e-04    2.022157069681082152e-05    9.594510677874706233e-06    -6.632420103567344776e-08    5.312311509744908807e-09
2.900000722021204638e+02    1.001706001163263915e+00    9.025313647381103671e-03    -3.242998182194892123e-05    1.246711388416624992e-03    2.043379542580574322e-05    1.037754642726843249e-05    -8.870906093637025771e-07    1.955505810492685885e-09
2.899999900704582956e+02    9.975428586627026473e-01    1.109549533882857840e-02    -2.975508391601464769e-04    1.779053513256524407e-20    1.968894169044899936e-05    1.001686888816259007e-05    -2.506268673008635937e-07    4.662221284127143603e-09
2.900003969073487156e+02    9.956529861078605714e-01    4.021205188061586187e-03    -2.224944938176602941e-04    1.319416165698397970e-26    1.881108534488072577e-05    9.615921682926088440e-06    -8.630183834669088255e-07    8.163770160666498910e-02
2.899997978422091478e+02    9.977406041979958173e-01    -5.303729911703006575e-03    1.450894728533731488e-04    3.695448389569302390e-27    2.160676479237143044e-05    1.063212699292313791e-05    -1.732960088568358131e-07    2.272149769901696890e-10
2.899998853806856118e+02    9.989038310974359680e-01    7.451681543143894373e-03    -2.436575684825808760e-04    3.851746505473328534e-18    1.974641784420677883e-05    9.965274449157160262e-06    -2.918238258230618423e-07    1.089820533763060035e-10
2.900008953567116237e+02    1.001048657134825604e+00    -6.055656720877524747e-03    7.892570728607743757e-05    1.682490974068464370e-03    2.094753222053675394e-05    1.079914061154512553e-05    -3.491827839443312424e-07    1.123696713184991064e-01
2.900003142108944303e+02    9.970485759920267865e-01    1.130478845929653014e-03    -3.876153811963303146e-04    9.093098922636507321e-04    1.962079181720971911e-05    1.059468873084073945e-05    4.366496086995533837e-07    1.034192123187635537e-01
2.899998263318991008e+02    9.980367697135505978e-01    -5.744632154180829946e-03    2.747769082901371806e-04    2.111469310621536725e-30    1.859379436592770475e-05    1.016487552033315077e-05    4.050918692423242015e-07    1.541944581512268847e-07
2.900004052364478184e+02    1.002371322313436508e+00    1.916554130670310510e-03    -4.332880845985755298e-04    2.872875307142831107e-22    1.969491077831121687e-05    1.091189174850214295e-05    -6.808821988258275027e-07    7.477512158149102195e-02
2.900000567563559457e+02    9.984085831792541832e-01    -3.569957744693294348e-03    9.498933237705789174e-05    7.495808163810055652e-04    2.153289956255718168e-05    1.038903839590943939e-05    1.271198928809805985e-06    3.258623980965395794e-02
2.900000869584855536e+02    9.995169063365147988e-01    9.316985793346804767e-03    -7.079584693185597504e-05    5.612456171875732222e-04    2.114534361002181896e-05    1.081231988271561126e-05    -2.682160802361287214e-07    2.275965446470614039e-14
2.899999479393469528e+02    1.000799013901067624e+00    -1.070016943576586246e-03    1.989695598578356678e-04    5.747873907712548703e-04    1.784643457243735654e-05    9.630637418047373449e-06    1.732744508558855382e-07    6.195326810529613972e-12
2.899999963938220162e+02    9.989159372954922178e-01    5.599566112595984885e-03    3.973546218718428162e-05    1.073446910020598409e-03    1.756520314929290851e-05    9.689291177855264623e-06    1.324960660265791249e-07    7.034857062838006613e-10
2.900000845547301083e+02    1.000509565643725063e+00    -3.053197769409137646e-03    -5.105479254025531736e-04    4.980559389721260662e-19    1.822893429497087950e-05    9.997470331238603725e-06    -2.828767404871375772e-07    5.395078804827565383e-02
2.899999344526174241e+02    1.000067678681809680e+00    -5.686208933971652509e-03    -2.986098026161646923e-04    3.275048373920630057e-33    1.649509709352639221e-05    9.837676721109227864e-06    -3.009671873594344485e-07    2.204204710235389123e-09
2.899997389928990401e+02    1.001757787536611932e+00    -8.374139040146914501e-03    6.168984362140484453e-04    1.764097424181991405e-04    2.095316912323452849e-05    1.133587661161769553e-05    1.042089333183991966e-06    6.398661861507646187e-13
2.900007218036465702e+02    1.001780926403073257e+00    -8.785330227122219518e-03    2.770649864186690457e-05    1.167530210908362267e-26    2.260692173534394121e-05    1.150457879234684991e-05    4.305172519499652912e-08    1.686283533557956515e-01
2.900001510685057156e+02    1.001524796578528997e+00    3.236406655061764212e-03    9.075895495022909601e-05    2.421096785798995080e-23    2.060207048300765828e-05    1.046118711019453799e-05    -2.922463819776363627e-07    8.546825108252958850e-11
2.900001951498427388e+02    9.973735323349084414e-01    4.147652628258076575e-03    2.338730312083073975e-04    8.977288229706835247e-05    1.852655323550173369e-05    1.059362449292601284e-05    -1.864830117699698400e-07    1.171719766828388798e-01
2.900001778688247782e+02    9.976739572544093271e-01    -1.666002802179890416e-03    1.944101520375517687e-04    5.644185773508728554e-04    1.951754865914841745e-05    9.649832834121056059e-06    -1.592669316627305494e-07    1.233372961062926058e-10
2.900009512827782032e+02    9.956097908268023433e-01    1.205846228542724850e-02    -2.413183886068676282e-04    3.012389880261307141e-27    1.884080088349786904e-05    9.900334004794542314e-06    4.096359225298047597e-08    2.567443329840728983e-01
2.900000566930718833e+02    1.001850106666288376e+00    4.414407980359828440e-03    -4.419848016184215736e-05    3.679333918976053770e-23    1.920242336034537703e-05    1.012684034478186646e-05    4.182806044253588543e-08    7.659774659435826825e-09
2.899997098027658353e+02    1.001276265420424139e+00    -1.574366159714006130e-03    -6.675865703701046230e-04    6.122815375220659587e-29    2.323565776596639613e-05    1.134320473515916766e-05    2.165367498243025978e-07    3.793320145254482079e-02
2.900000330020824890e+02    1.001294962733797478e+00    4.263549020892692248e-03    1.068635910336733136e-05    1.805272184969567963e-18    2.218364825611373727e-05    1.030361898629014940e-05    1.041315667943397201e-06    1.083313567662547855e-01
2.900002909137380698e+02    9.984228242841398648e-01    2.873664300173617899e-03    2.520011387986363909e-04    1.854025350108139342e-03    1.706675901039563382e-05    9.308345997906303422e-06    -4.220246769519976255e-07    5.266326405910058813e-06
2.900002075164530879e+02    1.002144075570227999e+00    -2.658312116676947098e-03    5.084838423179112790e-04    8.118403415396433344e-04    1.892900706116299925e-05    9.991969312861189267e-06    9.270601500766084185e-08    7.512541665181853012e-02
2.900002998363544293e+02    9.985456313537907080e-01    3.782387889296116683e-03    3.611662245351975682e-04    7.650120833994183765e-21    2.278539703491093950e-05    1.058874848878274449e-05    -2.878738782256343653e-07    9.819843032864057630e-02
2.899997683751802242e+02    1.002575622830495394e+00    4.910837986254246168e-03    -8.447472892470789740e-05    2.405299005287984949e-23    2.074114264568542492e-05    1.047908199723352104e-05    9.716480898470157931e-07    2.252868005199350943e-10
2.899998135779749191e+02    1.003751486688582384e+00    -7.791221995898162632e-03    -4.417110780186220666e-04    5.608592383109011013e-04    2.279606346047656886e-05    1.079852296984080876e-05    2.778493971219394449e-07    7.515242492531819654e-14
2.899996162077852659e+02    9.992553856622689024e-01    3.774459649286825234e-03    -2.949812251374134189e-04    3.610486269617870949e-22    2.263277553535753795e-05    1.039510025090247175e-05    6.123387141581866683e-07    4.898052138085334628e-13
2.899999421460585154e+02    9.992848542140834178e-01    -7.874912508432033859e-03    -1.421569300738027020e-05    6.080729152383254908e-05    1.767489617103055983e-05    9.553310338345053794e-06    -2.405429434057496304e-07    5.750351427763643526e-07
2.900001302931163991e+02    9.996625260393994239e-01    -8.774087739170859795e-03    2.881865800321703063e-04    2.336934623822357185e-29    1.865483328574266158e-05    9.467200467043915976e-06    -3.520598948124265989e-07    7.246698755950543169e-09
2.899999855932518358e+02    9.991346383522409225e-01    -9.379519461362368401e-05    2.317414800211854687e-04    4.742953347156709902e-04    1.935720917361076249e-05    1.079971506773325931e-05    6.085961768039845976e-07    9.275247982291025262e-02
2.900004864598971039e+02    1.001354646105783397e+00    8.736187960570717878e-03    -1.405447731692704570e-04    2.589675221377215436e-20    1.796981688480061399e-05    9.283632925525997552e-06    4.279703404314974324e-07    2.078191563672392161e-01
2.900003798843252412e+02    1.002029429934244931e+00    8.972667001784206606e-03    7.297255362017023397e-05    4.596612976817526865e-17    2.131338117987920957e-05    1.097099412341541507e-05    4.100357046523170312e-07    6.108834873248568387e-02
2.900002818762092147e+02    9.989885488591075946e-01    -5.605986852456420859e-03    9.241284713221819657e-05    2.634097823815921738e-27    1.999098054983663241e-05    1.028377044414452208e-05    -1.237201338583666764e-07    2.833631815383669261e-02
2.899999905835160803e+02    1.000497511011655627e+00    -3.671797479947422923e-04    -1.251954454239596621e-04    2.779228166669855016e-04    1.856989624695111975e-05    1.009248036945551122e-05    2.761128926776511973e-07    2.327821934431903076e-16
2.900004699669619299e+02    9.985272112748869722e-01    -1.368708745168606454e-03    1.095129291646440068e-04    6.634803304172444925e-04    2.031951044386628928e-05    1.035862937586316105e-05    -4.906371734026939489e-08    1.232920423789559961e-01
2.899995441475596749e+02    9.986742101039819408e-01    -1.235984137203530696e-02    -3.930230249512847799e-05    1.048287147552157545e-04    2.140648422383822973e-05    1.021819769146809078e-05    1.229865235206059042e-06    1.516265134374187116e-11
2.899995936200130018e+02    9.991890319721803415e-01    2.250129024389681265e-03    -3.593621441825349495e-04    4.785941922294151440e-26    2.123268453708748171e-05    1.055969168781296095e-05    8.038964557617587493e-07    2.407943017951019516e-10
2.900000208624286415e+02    9.998584699253847408e-01    1.748503680956901970e-03    -1.223984921091145152e-04    1.405896576118273976e-03    2.017162912584647116e-05    9.760958786140594353e-06    -2.956959227321299745e-07    3.516783684035483526e-09
2.900000325714938185e+02    1.001448616077760034e+00    -6.314278284969060927e-03    1.348502251749047890e-04    6.369276578799560468e-04    2.146565322644909316e-05    1.058587044836006619e-05    3.748797269818180488e-08    1.210508070768431810e-02
2.900006432481496290e+02    1.002423076986838302e+00    6.038074637953356853e-03    -2.781136474487277402e-04    9.325130085728457938e-19    1.952133020502700930e-05    1.042227288222980240e-05    -4.912150053827594319e-07    1.106280853365598643e-01
2.899998882918379195e+02    1.000251559940883439e+00    7.362375112098786195e-04    2.040744485780813554e-05    1.563850800222100392e-25    2.147065681047672362e-05    1.147998788737425133e-05    6.304894189131378166e-07    2.536873717942327610e-10
2.899995686845353475e+02    9.966669400294767556e-01    1.175556488807901834e-03    1.731654128259257604e-04    9.321926909155619765e-21    1.959804663583006274e-05    1.091285985338755241e-05    -1.058469000480992980e-07    1.881523658655288151e-09
2.899997144947754464e+02    9.991121057316155740e-01    -3.969081319555401409e-03    -2.103644440667930694e-04    1.212514791650725482e-03    2.079057337447702674e-05    1.108172446745783407e-05    6.285097874336613106e-07    6.478215485301253015e-12
2.900012416640847164e+02    9.977101346704283502e-01    2.716294828574395900e-03    -2.724003224857142469e-04    5.346485164613264856e-04    1.924749421594610513e-05    9.830849176014564358e-06    -5.160231747281551656e-07    2.604013319952517835e-01
2.900000194031571255e+02    9.995216064805675371e-01    -4.665674646434554186e-03    -1.864104895256794045e-04    1.928389902975416199e-03    1.929192325414772315e-05    1.049628451725373321e-05    -7.426342507349314568e-07    1.619097302789970078e-10
2.899996315774172899e+02    1.000975083927865716e+00    6.558521340240266832e-03    -3.304829110696674605e-04    3.397752617463461740e-04    2.082624112617270925e-05    1.006359694221671826e-05    8.192378460603520412e-07    8.846541481536724058e-11
2.900000989577123960e+02    9.987779456712394532e-01    -1.187173400071959463e-02    4.146755511985952131e-04    1.519320320523057720e-20    1.898365731786960987e-05    9.657784274929927417e-06    -4.671895886168089464e-07    4.814840072936401418e-11
2.900009367669993026e+02    9.997081577314448353e-01    -1.512841317081185799e-02    -2.646303608072731432e-05    3.158535767849025931e-29    2.137640326352088682e-05    1.031098415944305569e-05    1.434405277521750231e-07    1.659168185394878647e-01
2.900002433578357000e+02    1.003160015119804349e+00    6.092893775849022014e-04    3.159471719223124484e-04    9.129925463701226504e-28    1.917790583588431500e-05    1.012732982665412881e-05    6.008263569993935584e-07    7.131920521409737534e-02
2.899998625620012831e+02    9.994545862707229222e-01    8.102267527650303461e-03    1.780607314936886868e-04    3.367178991895601599e-21    2.315811961134498585e-05    1.206861555920994830e-05    -9.960589201339262719e-08    3.364456327753776747e-10
2.900004510897146019e+02    1.001387661329130818e+00    -6.181758810218589140e-03    -1.096224508421506555e-04    5.884405774543549194e-04    2.042011767195609669e-05    1.041373526396138456e-05    -1.399830394461367526e-07    3.495568166430606957e-09
2.899996349211064057e+02    9.988646286095831384e-01    -4.425800296341261993e-03    3.379626423753852668e-05    1.877909066322515494e-04    2.039561060703647076e-05    9.991197655492455441e-06    4.480523190782628664e-07    9.622166450087286767e-10
2.900008033760390731e+02    9.988174908468633317e-01    7.792265191311840110e-03    -4.753167155870305360e-04    5.683890866290868211e-25    1.734701066340720466e-05    9.026253537475193738e-06    8.974361739186504917e-08    1.979814059161388307e-01
2.900002161842401733e+02    1.000343746487658114e+00    1.236354053121349605e-02    -2.279867059685347928e-05    5.247067052932050069e-21    2.295656696880001856e-05    1.085353409367858291e-05    -1.583841415984380740e-07    6.249825647926220140e-02
2.899998741516927225e+02    1.000711273695128689e+00    9.744946025499447162e-03    2.000592994928259826e-04    2.102951662594085181e-36    2.067583683569795705e-05    1.055852677395411933e-05    1.037183328552495004e-07    3.937417707050920818e-07
2.900002973868916456e+02    9.997188541663302175e-01    -2.349502750353198253e-03    3.562436886694838906e-05    1.476678137231096264e-04    1.955256250019727453e-05    9.627224105054966091e-06    5.194047604551301396e-07    5.599818445521678953e-07
2.900002073051284697e+02    1.001126386235520638e+00    1.296456873126968987e-02    1.663887025318443917e-04    1.898569372257604583e-20    1.976380793929305782e-05    1.064991530509693808e-05    -3.453442221818120850e-07    1.870519010928697358e-07
2.900001226769448408e+02    9.989320255451319408e-01    -5.901354112737426313e-03    3.395242923382300231e-04    7.618840287189786913e-04    1.981469429339790701e-05    1.072042596486928582e-05    -2.822902429224172380e-07    4.453113641792621341e-02
2.900000635410038967e+02    9.979551923033783689e-01    3.453020552507181720e-03    -3.131424813458619639e-04    7.547276266025503916e-18    2.124119909294390187e-05    1.048366445447424116e-05    -4.562214981681838967e-08    2.911073689003643640e-09
2.900009121663902079e+02    1.000134971849122367e+00    6.537698217334906789e-03    1.468676550191518081e-04    7.715985379429990964e-33    1.938899696851039347e-05    9.771433489083460684e-06    6.934621979150827199e-07    2.738860743303050960e-01
2.900001843313506242e+02    1.000297726411610189e+00    7.164655890039500243e-03    1.355782667201263710e-05    2.321401312697292548e-04    1.961074385543630632e-05    1.035882374376932199e-05    4.532455254540954533e-07    1.022179790115850528e-01
2.899998408601266533e+02    1.001778113798143410e+00    1.081434638689892855e-02    -2.255520045387143324e-04    1.965991450144041232e-03    2.073950386927628836e-05    1.098908493717995919e-05    3.516966250378032315e-07    7.430855163792969564e-02
2.900004125555165615e+02    9.984984823149867239e-01    1.683501357984859862e-03    1.435482940572109696e-04    3.353868421165933750e-19    1.817595768403333788e-05    9.544371227354288859e-06    -2.878417918538861325e-07    7.894215702801561652e-02
2.900001763404368376e+02    9.974121807921947358e-01    1.062324087964101188e-02    -8.224070046607373334e-05    4.753503664681292605e-04    2.143659956449602883e-05    1.039030348254151324e-05    -4.254673908351851990e-07    1.467472774493713960e-07
2.900000384609920161e+02    9.974254935275257417e-01    -3.957961875375457309e-03    -3.924249364141577719e-05    1.317173207256099260e-03    1.902072874862566126e-05    1.017074324502909637e-05    4.297836227187891259e-07    1.819768042537438235e-03
2.900000289437847414e+02    1.003584514233099467e+00    9.926418964311241539e-06    6.267214375034443940e-04    1.972916075150307053e-04    2.189696857570083653e-05    1.084192867733593757e-05    -6.748897407188125276e-07    1.194422291558348472e-10
2.899998884919839384e+02    1.001752300244590499e+00    8.464017607500859408e-03    3.338417383129810962e-04    8.330882126679095990e-04    2.098499476765479290e-05    1.059276242332111802e-05    9.605775867464231886e-07    5.329304316502859044e-12
2.900006000134613373e+02    9.964054992245281461e-01    -4.408237441072902340e-04    4.491371660652159468e-04    7.054420926585802708e-05    1.617052503940990412e-05    9.191827282003488394e-06    -4.313163088908030849e-07    9.711049220343079269e-02
2.900013862556601794e+02    1.001491297836067496e+00    -8.708931559974821338e-03    3.498263776940361159e-04    1.095907246324940828e-03    2.154347723903979084e-05    1.094682331834322627e-05    -8.288525573805361938e-07    2.431166624588368408e-01
2.900005435139563019e+02    9.988051696771312882e-01    -2.494340248299444212e-03    4.055811891256493507e-04    1.668255846274558419e-30    2.097493117489392588e-05    1.090192937934930678e-05    3.962159260634874673e-09    9.006068640763563449e-02
2.900000017246775883e+02    1.000846467075208857e+00    -2.489452042206328347e-03    -3.837708840539431492e-05    7.110078564003451075e-04    2.292498952554724163e-05    1.131027853510501822e-05    -6.663462239827299993e-07    1.774420257398585943e-02
2.900003232995842950e+02    1.000911082682504949e+00    4.080186044681378792e-03    6.138752271695072180e-04    1.382627748172630627e-29    2.447303485713407331e-05    1.134521262744488922e-05    -4.774235159038045249e-07    2.575522460315948266e-09
2.899996065540049699e+02    1.000426097966243155e+00    6.741799607097799692e-03    -1.408461678081108751e-05    8.209883181472966476e-23    2.276823000674808655e-05    1.070172649366844095e-05    1.391558101112057477e-06    2.091828068808881515e-09
2.899995320147160101e+02    9.973501175610703928e-01    1.276573861983380971e-02    2.694271821590151742e-04    1.391124396510118574e-05    1.894635068518647105e-05    9.682923840454069110e-06    1.029002195126886632e-06    1.163217505409910171e-09
2.899998657373635638e+02    9.969209886202787807e-01    6.539209492809506131e-04    -8.629359047291135167e-05    8.537892602554216122e-24    1.822769586236915095e-05    9.627815848776516034e-06    3.577429316240921455e-07    1.045665604609388703e-09
2.899994569981421364e+02    9.998399855393473867e-01    1.123103661832461873e-02    3.875253021360327866e-05    6.528789955349570510e-26    2.233335837025390733e-05    1.087848639580547835e-05    1.685044999946229222e-06    1.842598819506629305e-12
2.900001990430549199e+02    9.988830622593268815e-01    2.983085638528383283e-03    8.973450292531571018e-05    5.411269539137737711e-19    1.965906981035187858e-05    9.624259769414852576e-06    -2.028548628955413873e-07    2.181166831324223071e-09
2.899999717374176953e+02    1.002075208655509808e+00    -5.780296382598497026e-03    3.458208601006673840e-04    1.014371662509988732e-03    1.959012155076931798e-05    1.106414918766576228e-05    1.926006260675645212e-07    1.334521307510634174e-09
2.899999669322908744e+02    1.001690601558827609e+00    4.950079602630422584e-03    -3.379309539323096211e-04    1.016363283293437916e-03    2.031447965109377845e-05    1.001010808154596872e-05    8.261818582777169773e-08    1.694561124798715457e-14
2.900001657529743397e+02    1.000433843798045785e+00    1.514012630516595225e-03    -6.289716667802485069e-04    4.589750886153427410e-04    1.786935041477757569e-05    1.030704197921594902e-05    -5.923740936146609999e-08    4.119561213637348146e-02
2.899999735629993438e+02    9.988490270922610881e-01    5.671859171901193382e-03    -1.448605140983010618e-05    2.113166795131230922e-22    1.804581248423625957e-05    9.798247675264391902e-06    4.314690905312559604e-07    3.122972215988935318e-02
2.899999848504886018e+02    9.979486792406789819e-01    3.640392906926030476e-04    -4.647058300343227854e-04    4.204625060456642443e-32    1.878414165461343902e-05    1.004463775327645248e-05    3.307758352345095224e-07    9.691534913967972398e-03
2.899999644691830554e+02    9.986447937686828702e-01    4.893577966092099631e-04    -1.010297724223772648e-04    3.603257431594462731e-32    1.873546359607008784e-05    9.768387292176270521e-06    4.264218643247795516e-07    4.671444501874662952e-02
2.900001280761022144e+02    9.990069513229126175e-01    4.862602071944195116e-03    5.017971306145683217e-04    8.067816201984402987e-23    1.832581042817620241e-05    1.004789878067469244e-05    -4.008263951335829676e-08    4.098212821586184884e-02
