# f_r [MHz] A m phi D delta_r delta_ere delta_eim a
2.900001058248600998e+02    9.979478803638039963e-01    -3.058775588264935150e-03    3.656574834873572185e-04    4.428220396149025006e-04    2.778470999206535363e-05    1.706779289240838797e-05    4.426406291271316552e-07    6.174914297685841352e-02
2.900004669892444440e+02    9.988765340230090217e-01    -1.049970093637256005e-02    -1.554408269336983179e-04    5.711769082563785416e-32    2.740729030838003419e-05    1.724088716209879981e-05    -6.597553950934327080e-07    2.885157803588646319e-02
2.900004449464542517e+02    9.989024368512346985e-01    -1.477702088440955956e-03    4.387129569179281535e-04    2.821990628421078978e-03    2.697105196311936761e-05    1.591197418412959247e-05    5.645649120930341269e-07    1.035809133652984271e-01
2.900000609922551575e+02    1.002334489868972556e+00    -8.718709774039958699e-03    4.788643072872777406e-06    3.422918930991977250e-04    2.798510276604194340e-05    1.644632884723637271e-05    -3.979038302087908218e-07    4.264800428081459672e-10
2.899998415191292338e+02    1.000433781749597184e+00    2.939812034275983074e-03    2.085696782281253015e-04    1.040414393541139702e-03    2.775916566364157386e-05    1.679237018701688889e-05    -1.467814933097829884e-07    3.192797327007417991e-10
2.899997817178976334e+02    1.000387219303686459e+00    6.625089014344415434e-04    2.443771736781001082e-04    4.556414592336441782e-04    2.833623692706775213e-05    1.720987117192271777e-05    3.551218216407459686e-07    7.402517484234652439e-13
2.899998291314872745e+02    1.002320231276836227e+00    -4.240830954357656390e-03    4.287678507479048863e-04    1.912384145006942537e-19    2.797424858421468540e-05    1.691408568709650484e-05    1.371519743621774656e-07    1.340491992177407961e-10
2.899999167487401337e+02    1.000143763341079461e+00    2.350702926327195809e-04    -3.278730888181375199e-05    1.648900858417345471e-03    2.360370658670940091e-05    1.494718081275736103e-05    -4.132038940321513703e-07    1.458969813931382822e-12
2.900000400767194151e+02    9.996231030382951577e-01    -7.120053564030513586e-03    -4.967759041010374706e-05    5.483333322590215348e-04    2.609084914988388780e-05    1.638919665856593245e-05    -2.231219251718251567e-07    4.197842292391013659e-10
2.900008248124153738e+02    1.000524143434016411e+00    3.905174862953679406e-03    -5.193042413242533869e-04    6.130049420569786730e-18    2.727015870191954429e-05    1.719843472683109552e-05    1.191517661780963057e-06    1.405371914962980640e-01
2.900002487635685497e+02    9.988238289264679270e-01    -3.673579397110097143e-03    1.779149751522127404e-04    5.424776535828232229e-26    2.694651533297996585e-05    1.630648262263984649e-05    -5.507735889887889867e-07    9.690594648553364082e-03
2.900001406827599908e+02    9.998669279606149374e-01    -4.562175562814257783e-03    7.365548976060510330e-05    1.153944044925380970e-03    2.549304255861907872e-05    1.677941322953681755e-05    8.861564759365571764e-09    6.256066740577920227e-02
2.899998103506243865e+02    1.001292638854241579e+00    4.850694492779803954e-03    2.881540335689869925e-04    1.356225546527149875e-20    2.586421242903552174e-05    1.671792321182098931e-05    7.635341861431220978e-07    3.980207873748184411e-02
2.900003922467443545e+02    1.001890716048309260e+00    -1.201296788896404934e-02    -4.769081206107791309e-04    1.316531481415265816e-22    2.754796068082218102e-05    1.703605091642291727e-05    -6.384514097516183174e-07    5.338343353763593025e-10
2.900003069101733217e+02    1.000022591334503552e+00    4.285225428369755611e-03    -1.612700331939975783e-04    2.711593411110787123e-27    2.549812239817038408e-05    1.601617982718541366e-05    1.275310223926175488e-06    9.942737957662517445e-02
2.900002900857651298e+02    1.001434207721176195e+00    2.490871095368617921e-03    -1.065460154099562626e-04    5.333320618429695251e-29    2.622218800466313485e-05    1.699349348096407096e-05    -8.341363903140469521e-08    1.953699783742975146e-11
2.899998937758248303e+02    1.000178694181993233e+00    6.097780615607062416e-03    -6.363891161569538285e-05    1.228535358553188166e-15    2.830279490238890144e-05    1.727049974907421778e-05    8.370467158139547650e-07    7.640467762417672837e-02
2.899999555191933496e+02    9.997800136347138045e-01    -6.739170539292430213e-03    -4.738186189896044010e-04    7.833064952112693794e-21    2.547154541251961572e-05    1.607212819229433931e-05    -8.753908384624427476e-07    5.570291948009134262e-09
2.900000155744316430e+02    9.985248222625027203e-01    1.381729588105128125e-03    -7.694692103182665026e-07    2.089869498341210153e-03    2.361385093008453882e-05    1.486563494826572245e-05    3.512864684700023466e-07    1.186972467420436565e-12
2.899998973652947143e+02    1.001037595004926173e+00    3.827566225369615025e-03    1.385257542691250968e-04    4.504861150137191394e-04    2.827628662157078869e-05    1.770175988878769220e-05    -5.912600364944240237e-08    1.357999094332772421e-03
2.900000649335570415e+02    9.990463971562600909e-01    -3.044326995755519683e-03    2.808680993715440151e-04    8.887531484191720975e-24    2.480124801280065018e-05    1.591517810227229576e-05    1.427877347280730816e-07    9.831364456014283022e-11
2.900004590168743448e+02    9.994610180276403133e-01    5.379912063273672475e-03    2.893202029464265654e-04    8.598795343581318784e-04    2.628137199005704840e-05    1.715102130635259248e-05    2.964840327741550068e-07    4.120893790444755955e-02
2.899998924050336200e+02    9.993271708543116638e-01    -1.612206414884719604e-03    1.031914570102554127e-04    6.459285776952060106e-29    2.615135296033965732e-05    1.598614425248088023e-05    8.937650323879832496e-08    3.465293637169088728e-13
2.900005728624367975e+02    1.000766846395099163e+00    7.761365759114092870e-03    -9.981932187936504088e-05    1.140032154676360069e-03    2.486391558604056321e-05    1.575840285717050208e-05    -3.990434629608681041e-07    4.314271220052797590e-02
2.900003376790747325e+02    1.000537933331679730e+00    -1.076255337846286457e-02    -1.157254624440473778e-04    5.214329488740451508e-04    2.453256735046775182e-05    1.571821891476955603e-05    -3.814743155219836001e-07    9.041193558105696526e-02
2.900004720233325202e+02    9.982645067270584649e-01    3.292842572227779735e-03    6.053089294220843377e-05    7.786297892938707967e-04    2.659314320070027473e-05    1.624176661588492814e-05    3.304163798236358431e-07    1.122569976809197484e-01
2.900002316922423802e+02    9.986095650464947848e-01    4.334680882292633528e-03    -1.412330789038351473e-04    8.680760935726585380e-22    2.513135183295874328e-05    1.548237350630897265e-05    8.218062917509146830e-08    4.299253708234047768e-10
2.899998002868435378e+02    9.996854336008338393e-01    -1.105077920116019456e-02    2.570163124216333708e-04    1.049759142918857023e-03    2.701023825373100121e-05    1.664391318204645274e-05    6.027268874409191707e-07    1.449230327747453619e-02
2.900000018694200890e+02    1.004347300986646818e+00    2.243208058735767397e-04    -4.699610020720075727e-04    8.886330990826910546e-04    2.955051022876002621e-05    1.722184489847184398e-05    -3.745927849479127269e-07    1.043702283154640878e-09
2.900001098530244121e+02    9.966891060000292457e-01    2.026818819707345946e-03    -9.955059809906103489e-05    7.549050721979888983e-24    2.579876271084785441e-05    1.605879723343803283e-05    -2.108161084945422191e-07    8.194060376866166867e-09
2.900000115409127943e+02    1.000082868903608091e+00    9.167792900383064242e-03    -2.737816821754341019e-04    2.936257801102598492e-16    2.676425545860815835e-05    1.718137879571907909e-05    2.059456546271607954e-06    7.720631244396622406e-02
2.900001453559784750e+02    9.988207715331334224e-01    2.077975738596213838e-03    2.358935807616937132e-04    4.024439553316511847e-04    3.022886902097968447e-05    1.769905933561190175e-05    -8.332603404790151848e-07    2.772405245440455641e-12
2.900008259016925649e+02    1.000611914551913673e+00    -5.119882886532649453e-03    -6.070064476139925246e-04    5.423377499277770565e-28    3.153512334537801484e-05    1.743587974401736206e-05    -1.531834470171815963e-07    1.353658554235452338e-01
2.900001987686442817e+02    9.983643188671664781e-01    2.132806699335984633e-03    -3.207566003679024769e-04    8.598100531185533823e-19    2.528779731764756755e-05    1.618707525398065526e-05    -3.969511383915040973e-07    2.678575166119822118e-02
2.899998988208861874e+02    9.977776202259012184e-01    1.222666638916990525e-02    3.186398573501837499e-04    2.226616137858273246e-03    2.532239785679695537e-05    1.728628957844404525e-05    8.321644922438267959e-07    5.154410730076272595e-02
2.900003023277636771e+02    1.001625138266301285e+00    -1.710994296836181689e-03    4.036961554744391959e-04    1.208917519402871000e-05    2.657340772614619518e-05    1.598599962247266093e-05    -1.177377790610757609e-06    2.173641515094026054e-03
2.899996796699317088e+02    1.001418672399925880e+00    -2.764299452958941523e-04    3.291055099047298228e-04    7.095449496654625016e-05    2.526877892241944287e-05    1.630572378804614372e-05    -1.452763144933635624e-07    1.019271491324668288e-12
2.899998935116988719e+02    9.984288428969360085e-01    8.547075037499938382e-03    -2.538581491810662440e-04    2.100366429651211981e-20    2.694034310527894594e-05    1.665054480094467124e-05    4.810068053429965104e-07    9.257429661005886456e-10
2.900004382346617717e+02    1.004089324346926215e+00    -2.626738170610939428e-03    -5.843161720419788287e-05    1.488340699598280021e-03    2.639719471839171798e-05    1.691338732881885165e-05    -1.693786350325647874e-07    9.566466900662828898e-02
2.899996336702860731e+02    1.000949188559530301e+00    2.237081078419571756e-03    -1.792656341037023927e-04    1.412802653381225104e-03    2.693539794711991014e-05    1.618503478362753168e-05    9.349871967103277351e-07    1.852722320641629715e-16
2.900001294428146252e+02    9.979277259670140676e-01    2.479135735596966518e-03    6.433479726978651029e-05    3.708597395710245265e-14    2.817507788558981356e-05    1.767007417603304439e-05    1.224518442146868388e-06    6.109433906470617542e-02
2.900009252602737888e+02    1.001981224294493433e+00    2.280220597901679892e-03    6.506233958378755742e-05    8.233947885371916764e-04    2.970043051741958615e-05    1.741100330986191942e-05    6.113741979791006095e-07    1.586385976521719199e-01
2.899999178672950393e+02    1.001145854444269068e+00    5.936661035891107772e-04    -5.766540483178889137e-05    2.965327835282288885e-26    2.724986878890119524e-05    1.703168192072565692e-05    2.361141053218196627e-07    3.785008200319325833e-02
2.900000165587522929e+02    1.001053124376753534e+00    -3.548871298698501580e-03    9.785711700979486042e-05    1.462314016113037919e-03    2.523654495361352251e-05    1.594842982678421194e-05    -4.113085659854009451e-07    1.546376803598361813e-10
2.900003566617027104e+02    1.003554649313517233e+00    -8.877610203550804005e-04    3.650531675108598952e-04    4.605319151856734629e-21    2.746718895945077788e-05    1.755233939398713445e-05    2.977999778746408768e-07    3.088251975438838573e-02
2.899997871116884198e+02    1.001400270164829243e+00    3.158159459832871659e-03    3.442146112499410923e-04    6.615931921629126703e-19    2.923417563080721847e-05    1.730596296275334442e-05    8.004007482184933737e-07    6.689725552490128019e-09
2.899997909374539518e+02    1.002315673838935162e+00    -8.848976155242955631e-05    6.751070579276807044e-05    2.407636722652055488e-27    2.537163431968345392e-05    1.632390198143208589e-05    3.370225702919445579e-07    3.076855500202427924e-10
2.900004950335426770e+02    1.000176690058940387e+00    -6.099357587421008232e-03    -4.355901927045342640e-04    1.011403230150301705e-17    2.530308804967137631e-05    1.657916936353437821e-05    -1.224465471791245122e-06    2.474610902324519621e-02
2.899998408478296597e+02    1.000897420339934119e+00    -4.859027406988377382e-04    -4.632442294904363369e-04    7.092843089626858841e-23    2.825953782407551236e-05    1.678297295152162905e-05    2.616036937350373668e-07    2.073943022285685070e-02
2.900002216802981820e+02    1.001938280616935462e+00    7.045321113641647530e-04    1.331722586633154082e-04    1.843301024916307396e-03    2.691257364384240459e-05    1.611661429040292081e-05    8.398224156616655945e-07    7.941042273435068577e-02
2.900000593538160842e+02    1.001598208135190626e+00    -3.985735100768863213e-04    1.367989553693345199e-04    6.049508882137669927e-31    2.637205298511950737e-05    1.606190472214750431e-05    -6.955606536801271720e-07    7.906209164193144304e-03
2.900005439075216032e+02    1.000653920255024865e+00    -1.029917390476431036e-02    3.123180742794170496e-04    1.054223311594410612e-03    2.992096292822925423e-05    1.687558962255449624e-05    1.618733120907712831e-07    9.940554792964768904e-02
2.900006098488987050e+02    1.000264714847837411e+00    -7.255276159152074071e-03    -4.900832711100993125e-04    1.548259973107971770e-03    2.611499905433389785e-05    1.619964222682519935e-05    2.473376247259357705e-07    1.075513859825301538e-01
2.900006340800571820e+02    9.990845443482309074e-01    -5.366893041198277613e-03    -1.535749788539177250e-04    1.679453302973121440e-04    2.630730461353023182e-05    1.694533894754942467e-05    -1.406911438314297099e-06    3.705692649327103905e-02
2.900007945056508447e+02    9.997036794171421104e-01    2.013023211758435942e-03    -9.697420663284130038e-05    9.644287673485274076e-28    2.848757597678958198e-05    1.730438155387734929e-05    -3.667303867627469482e-07    1.134847097033790386e-01
2.900001656848947391e+02    9.979493622969245470e-01    -2.274348037452864416e-03    -1.355596545148077432e-04    8.026213342023022221e-14    2.544453479132972935e-05    1.760056858977479202e-05    -9.525223596898923375e-07    8.976020635661753622e-03
2.900007492677467553e+02    1.000224348747197789e+00    -1.166149693665998778e-02    -4.968809128378522903e-04    2.219190177473096773e-03    2.598234007993001300e-05    1.589666329486103761e-05    -8.455957744936854484e-07    1.361958254307929495e-01
2.900004085825835318e+02    1.000969065099988065e+00    -1.684824119941098763e-02    -9.174118969957881415e-05    5.023760089364072726e-24    2.576391789499094537e-05    1.601971738860314938e-05    -4.692343464936097894e-07    8.229432013523635403e-02
2.899998576589991899e+02    9.980866165896288278e-01    7.096047236552514631e-04    2.347946852759576989e-04    7.436595978910481158e-04    2.729204472165523132e-05    1.695532929641813577e-05    2.865075772302866999e-07    5.143192218469427868e-09
2.899998590266097835e+02    1.000391832747204113e+00    -2.292393266808672586e-03    -1.110978472685490725e-04    1.049783656921481062e-25    2.534943529246865956e-05    1.609090886587705247e-05    6.324764378932855540e-07    3.529566368611526474e-10
2.899998804611680043e+02    9.998547282548039261e-01    9.527793667387171248e-03    -3.157843666043750556e-05    4.836057468562495729e-24    2.549708721458708764e-05    1.687376509843877952e-05    3.364294618424002652e-07    4.016507213078898166e-03
2.900002920139738762e+02    1.000319044080716813e+00    5.968145088238744006e-04    -7.876320765332861886e-05    2.313324958821306597e-04    2.777465870302360599e-05    1.786258924064316886e-05    -9.619081687136854376e-07    1.392437252946259923e-12
2.900001032910199683e+02    9.966399440308965074e-01    1.027309936247152930e-02    9.095423545254417729e-05    6.888851689816907840e-05    2.745375962478887875e-05    1.716386469527132969e-05    -2.353473973740503125e-07    1.408474182301511980e-11
2.899997330598340000e+02    1.001568886213967335e+00    9.926337277284225883e-04    -2.818063344774772959e-04    1.181316577464411322e-03    2.576277749426099452e-05    1.676763367354205519e-05    -5.098090494989062986e-07    8.378300721429237622e-10
2.899995481390432133e+02    1.002453964178898760e+00    3.787521600240558502e-03    -9.881796770377484552e-05    9.066850195210396889e-04    2.686602035348224928e-05    1.655492547255576263e-05    1.543925650554966489e-06    2.551175304192277515e-13
2.900010454500038577e+02    1.002215333511489836e+00    -1.536651495754678270e-02    1.000573329528203244e-04    2.000533891022529976e-17    2.806491264518294856e-05    1.631148556489275087e-05    -1.319511638408691386e-06    1.122387509521631382e-01
2.900002154246805617e+02    9.980415404995168771e-01    -1.564146502435747070e-03    1.209830397188736201e-04    3.506192769605094160e-05    2.726530992155617916e-05    1.710176013778098812e-05    -9.627808347788900504e-07    3.324752419036332050e-15
2.900002603327849897e+02    9.977157195559864800e-01    3.268546455224253036e-03    9.700149046999309913e-05    3.228853563991587152e-22    2.611687112165137463e-05    1.679702358482151975e-05    -1.255554857532116612e-06    2.583899823763148352e-10
2.899997073555804832e+02    9.996307459942951334e-01    -4.005921887814038393e-03    -2.832282680874442858e-04    5.841801708873110135e-31    2.808140920152273792e-05    1.745801816310116485e-05    1.307216567184504968e-06    2.769521573744940624e-13
2.900003103304594561e+02    1.001195398428194938e+00    -7.493616744904959583e-03    2.759742331829025228e-04    3.450833189637341034e-04    2.822831997798283556e-05    1.732175323440978044e-05    5.797996415044648830e-07    7.023155712515956328e-02
2.900000903329017774e+02    9.984409071100107669e-01    3.492571573875875510e-03    -3.971673757707147568e-04    3.800004087934408491e-32    2.600056268421894307e-05    1.639648979089479975e-05    1.063970564925418116e-07    1.199055750241390106e-02
2.900003027018894386e+02    9.968002407977789581e-01    4.730440647761364331e-03    1.902350056649517677e-04    2.610237180887687202e-29    2.513716244353929221e-05    1.591965448421359109e-05    -1.280331657151351559e-07    9.953988519439019994e-03
2.900002483879778765e+02    1.000132989787020588e+00    9.614368848399185751e-06    -3.613469232184813380e-04    3.188107124487509845e-21    2.487565989327956471e-05    1.620123870039307600e-05    -8.025675743377093431e-07    1.275968678569112787e-10
2.900004623540833677e+02    9.992370307362034021e-01    -8.120492061362196562e-03    -6.712094430550536676e-05    8.296252036262183034e-05    2.449075111812046431e-05    1.610570899442058577e-05    -1.122000993503331876e-06    1.518506754338489438e-02
2.899997674592904104e+02    9.977831742946955407e-01    -3.566865062590346760e-03    7.583209354616011837e-05    1.542664569322014748e-19    2.346084264502195120e-05    1.533358974189360873e-05    -2.910036883824845924e-07    7.689908780111595675e-09
2.899998451401499437e+02    1.000541714368224255e+00    2.101757077511988685e-03    1.563086688179292634e-05    1.338044850572680536e-17    2.717487441576507711e-05    1.743152430591359223e-05    1.135792356956845268e-06    2.110233780696074912e-10
2.899999157175316213e+02    9.992355642171816266e-01    1.448370409378572097e-03    -2.637466230534950599e-04    2.005288461029667177e-19    2.449533462251153541e-05    1.573757085004100638e-05    4.835112232170509843e-07    1.032434655869845013e-12
2.900001324035010839e+02    1.000913605856926791e+00    -7.522491675705102188e-03    3.479669531105814072e-04    5.493540635233602363e-04    2.638525892770870337e-05    1.616743298769289996e-05    4.727837466736153114e-08    1.958812066893822338e-10
2.899995168588313277e+02    1.001634466560671122e+00    7.148821108675191757e-03    1.249410915794131561e-04    2.650396888345635618e-04    2.761930949181501659e-05    1.708132219611673542e-05    8.679235419997653087e-07    9.010033212870086549e-12
2.900005996015635787e+02    9.978210813854155870e-01    -1.059810254299374099e-03    9.656793748468066384e-05    1.830994193406484487e-22    2.850279529670138136e-05    1.750683963066313766e-05    7.758655304447105711e-07    1.533345814774474680e-01
2.899999974602667407e+02    9.994483682469200714e-01    -9.008858291251644126e-03    4.427266430928776184e-04    1.741273409446807835e-03    2.667129862756985594e-05    1.635614608124083408e-05    3.752491469110975969e-07    5.268175158750440512e-02
2.900000843433951445e+02    9.988246280110438802e-01    9.758343292691980947e-03    -1.299855364383537763e-04    9.963814102814320516e-04    2.909006484611555236e-05    1.751618476077864678e-05    3.693126330242206806e-07    5.817822904360468034e-02
2.899997663400773149e+02    9.992531615639762554e-01    -3.243510701415498829e-03    1.847028684788085844e-04    3.464395009299879640e-21    2.766949563490391629e-05    1.675183725377892366e-05    3.034860390436201994e-09    6.183824319478190549e-09
2.899997722230108934e+02    9.965939258744898055e-01    -1.003611563814809163e-02    1.663752370403139642e-04    1.550722023471965512e-03    2.584967970283547802e-05    1.636333288938685167e-05    2.610560113267218551e-07    3.863373123164191570e-11
2.899998652947372193e+02    9.952313484703138036e-01    -5.502795457583682312e-03    -5.449769028415824007e-05    6.524280501757704753e-04    3.005170304691914766e-05    1.744860228191912077e-05    -1.646135558007891782e-07    1.891921065639725258e-13
2.900002879206992930e+02    1.000716636657369873e+00    4.948664444267674919e-03    -3.163349800748015725e-04    8.125224207112098857e-04    2.729529416079317880e-05    1.671429927909694020e-05    9.432672921261422366e-07    7.191778976373680576e-02
2.900008762978260961e+02    9.995516464547792301e-01    9.013946025949742466e-03    -5.334752171997808904e-04    1.407676210560289169e-20    2.787256652603172443e-05    1.683105775640125661e-05    1.735542448081118150e-07    1.564438408167869166e-01
2.899999850641368084e+02    1.000928792540019208e+00    -7.173169449042487295e-03    -2.266709078827246974e-04    7.541242816746248192e-04    2.670464076071287111e-05    1.714133309328504795e-05    -2.850640828048714295e-07    1.985483792628688771e-11
2.900000798428850430e+02    1.000215524956455493e+00    1.048290605959702887e-03    -6.498549879247405518e-05    9.788984269610606279e-05    2.632886457466171321e-05    1.668609479493798794e-05    -3.957674463301818100e-07    9.515765796875029535e-12
2.900019536584602520e+02    1.000291226670798173e+00    5.283203192025596150e-03    -4.903921643767246105e-05    1.379463695710131661e-19    2.720233168388304482e-05    1.691928892328782656e-05    -4.358601328258164021e-07    2.549204740615978459e-01
2.899997934009575715e+02    1.000723757707563166e+00    9.661907246790765302e-04    -1.943385517403008352e-04    8.790023747586523588e-28    2.690592025020437184e-05    1.624208863729426948e-05    4.663899569895243057e-07    2.149125604140907759e-09
2.900001023461323939e+02    9.978093387100986922e-01    -8.053369423188462897e-03    5.141554154206614928e-04    1.049801636809752891e-21    2.694655415303963064e-05    1.630761966074907539e-05    8.790745939584902354e-07    3.056059347205590873e-02
2.900000103017817992e+02    1.000921765140729391e+00    7.310516779404419886e-03    2.134036607209769028e-04    1.426935600513472117e-03    2.914239014749856678e-05    1.699587284148265995e-05    6.691086731661739854e-07    1.377677583601379899e-13
2.900003184854604115e+02    1.001450875290869735e+00    -4.914915834985154539e-03    7.230717353975936945e-05    8.755952601616692884e-04    2.411381220470141450e-05    1.641043976149786411e-05    -1.162298318582548509e-06    1.448646947113745205e-02
2.900005556342990189e+02    9.989150574436144181e-01    -6.078722996818868712e-03    -3.821193335471424665e-05    6.108226632219235744e-34    2.673272641738974218e-05    1.683852940330698322e-05    -4.303769922290818743e-07    4.543920612971186633e-13
2.900000685498933990e+02    1.001445874676624825e+00    -5.071451931324777104e-03    -2.277397086358478123e-06    4.029889801874823753e-31    2.623692125027179519e-05    1.644179605860945012e-05    -1.918199219821843971e-07    9.428811923671668318e-10
2.899998867660286237e+02    9.956193381915252605e-01    2.369139063992260850e-03    -1.192120684424120532e-04    3.995047420579048852e-04    2.485595947034814436e-05    1.591083542751670795e-05    7.866187601002137259e-07    1.549238580177757598e-13
2.900004310707498689e+02    9.991603721425051932e-01    -3.889094038145440857e-03    8.792324946452581037e-05    7.135149005350172368e-19    3.056995372758547079e-05    1.763909445632684252e-05    -5.211330084615777150e-08    4.469683122802958070e-02
2.900003354571099408e+02    9.965077048711845631e-01    -1.295027823879420659e-03    -2.521615903866970907e-04    1.086756919577640021e-15    2.528748502101716461e-05    1.571688723291379575e-05    -3.129589010492942487e-07    6.193104108444109912e-02
2.900003571046339061e+02    9.981175664753573207e-01    4.761265997841044803e-03    4.532786445694803566e-05    3.126258550277191050e-32    2.552401309662738458e-05    1.679483911265072725e-05    -1.049049732244325616e-06    3.959731145755067800e-10
2.899999832594355667e+02    9.980360308217598453e-01    1.770149653606626337e-04    -2.865904508444943656e-04    5.120677175302617445e-29    2.665586686163070665e-05    1.604088979219061740e-05    -2.625329013248333143e-08    1.561551220385694370e-12
