# f_r [MHz] A m phi D delta_r delta_ere delta_eim a
2.900006641171237902e+02    9.980622569238073449e-01    5.036918049945902053e-04    -2.489335754169219117e-04    1.414745280503623438e-27    2.985503293074205449e-05    2.062294616896825450e-05    5.190539883542709940e-07    1.228106446583263067e-01
2.900003484316893605e+02    9.976885627364999731e-01    1.108481285672727364e-02    3.205725711395249222e-04    3.280988956916373162e-04    3.199369181185947759e-05    2.038400482207141919e-05    2.079839902433329598e-07    2.345309455706908949e-02
2.900004312108546287e+02    9.992591030717741241e-01    -3.303375125651314328e-03    -3.328195250164817727e-04    4.682999704085259794e-04    3.050488863286810734e-05    2.135486575279077614e-05    -4.928736675409961912e-07    5.954044882037579089e-02
2.900003008524087136e+02    1.001984679206822104e+00    9.736105253720752847e-03    9.604333121012683164e-05    4.291242317980190732e-28    3.148298406096035763e-05    2.079604217392038432e-05    -7.114228979030180407e-07    5.858932693115325907e-09
2.900004077156972926e+02    1.002442943602997127e+00    -5.811937878700254578e-03    -2.609418402485371921e-04    1.101107233598309688e-18    3.339488162877336233e-05    2.159664321199404756e-05    -2.806918816568838459e-07    2.800724912034088798e-02
2.900001241977868176e+02    9.996525293844484850e-01    -3.467187531184725158e-03    3.519213076967105526e-04    1.203103461961986436e-26    3.251990060288351337e-05    2.120790924355119697e-05    1.234177023875738528e-07    3.153912966386884786e-02
2.900004840770562851e+02    9.986143774721352173e-01    6.070546646756127184e-04    1.227921701014502451e-04    4.700724993144772784e-04    3.135802468719462420e-05    2.017189156870159808e-05    -2.226642571504989550e-07    5.317702927226214404e-02
2.900003273954292240e+02    9.988508347864532011e-01    -4.828008163513128012e-04    1.290001205352095718e-04    1.144534477908037149e-03    3.144915185438907230e-05    2.170890719551706169e-05    1.600119667147163286e-08    5.657340022502466842e-02
2.900004593813341103e+02    9.984437279513707075e-01    3.577518593340076741e-03    1.074043734494498211e-04    3.444150854479454544e-11    3.118308227608791624e-05    2.085709250557127119e-05    -7.564086126897832419e-08    7.298524447585462427e-02
2.899999893395724939e+02    1.000105929672840732e+00    -6.950177274302923565e-04    2.305634423218041378e-04    1.820902709325280806e-04    3.338557732024916919e-05    2.150040625911999403e-05    8.719204806155817858e-08    1.564160147407209556e-11
2.899997723072733606e+02    1.000689922651717634e+00    4.501216171408212868e-03    3.831298561798192727e-04    7.105114244799776851e-04    3.010909073475977237e-05    2.095966570766854241e-05    1.190786131129160327e-06    3.111191842834912583e-02
2.900000289663996114e+02    9.960526297744075608e-01    3.726336394796886387e-04    7.223658347131040156e-05    9.176732052942560863e-09    3.047497195965813026e-05    2.099809433881276048e-05    -7.586177937862277218e-07    1.166260111985304294e-08
2.900000589674855860e+02    9.997332364321678266e-01    4.314768057684033840e-03    2.608607279639873957e-04    6.396838663201085015e-19    3.138608940805461645e-05    2.124224802176037736e-05    -4.526619080787332651e-07    7.426220284623988459e-10
2.899998742478127838e+02    9.996683403260688827e-01    3.035881814226742818e-04    -1.048095192999676299e-04    3.765077159509084596e-10    3.094529075330760913e-05    2.227323892054506251e-05    1.226029657006523531e-06    4.181482553532486768e-02
2.899998396173560309e+02    9.976637370993354237e-01    7.831245554917721716e-03    -1.729122049067584180e-04    1.047873337899011364e-16    3.007940108062120385e-05    2.048860750346581774e-05    1.582346542559466513e-07    2.548289620028349195e-09
2.899999703758470559e+02    1.002046528506995271e+00    3.735571138737638595e-03    -1.714562825299381448e-04    5.385403132735450399e-24    3.076878455057430797e-05    2.132929050603289383e-05    1.751340642648644289e-07    7.019154858474953824e-10
2.900004990931425937e+02    1.000944112709863054e+00    1.064861172829501641e-03    4.639688140386015415e-04    4.172647192410595409e-04    3.076426665711449261e-05    2.068632759007431101e-05    1.479757880702124135e-07    3.718801542750083122e-02
2.900003175335540959e+02    1.002443701411817489e+00    9.961834128888708006e-03    -3.182546119852298189e-04    3.517550999054167819e-24    2.808863398160870605e-05    1.975008769865299217e-05    -1.001516534520748138e-06    1.372672326178911347e-09
2.899996911137664029e+02    9.963600173518647463e-01    -8.160949976961944310e-03    1.641468324249036081e-04    1.516637483211870623e-03    3.119778653812781366e-05    1.978786326401382658e-05    1.019830775179937432e-06    5.001998345673927537e-03
2.899998986554915632e+02    1.001424339650036632e+00    3.509963313548513167e-03    -1.730918661738864407e-04    1.540279594937957056e-03    3.052300561069827241e-05    2.096353284403774150e-05    3.253029069763529492e-08    9.376826527640922896e-21
2.900003629717301692e+02    9.974663624472270840e-01    -1.712709464823347757e-03    6.168895666823395307e-05    1.920243157939054493e-03    2.897375612250481318e-05    2.078256004424717542e-05    7.367534958406480678e-07    8.041321591124452051e-02
2.900002810889895386e+02    9.973367701556722364e-01    5.240020094142149552e-03    3.920167149454297038e-04    1.178863505708549302e-03    3.211728255367208050e-05    2.230511870078588540e-05    -1.027134915943138472e-07    1.677660726125179344e-02
2.900001956676621262e+02    9.960517557773397312e-01    1.502464152523328832e-03    5.715185121796694705e-04    7.729648323899832290e-04    2.936203834350392374e-05    2.069190465412646730e-05    -4.279019785346346384e-07    1.656421830428090811e-02
2.899999810328244507e+02    1.000518335664741576e+00    -3.507691265169555431e-03    1.978473406880686223e-04    2.534933644212729921e-22    3.135464600272619803e-05    2.074916703016021496e-05    1.292801122402585631e-06    2.519897970928123426e-02
2.900000840515542109e+02    1.000969952905402804e+00    -4.182724425416596559e-03    1.301900945482415220e-04    7.174023475211656125e-04    3.083200883583496921e-05    2.075205396735187559e-05    -7.492159129806542760e-08    1.696029462640850569e-02
2.900002522254519590e+02    1.001379119951951946e+00    -5.657498094740175945e-04    2.103858552288053894e-04    1.366220461935496819e-03    3.317400364774714800e-05    2.168231214196214622e-05    6.972148422939405721e-07    4.510468891411605757e-02
2.899996233252744560e+02    9.978510851500413947e-01    3.580241585560721938e-03    4.553487319024315154e-04    2.981209872597377999e-04    3.041336691968394185e-05    2.076934448357401478e-05    1.237425960280346087e-07    1.124879143516437259e-02
2.900002032955112554e+02    9.982091506896720867e-01    2.315969149002597340e-03    6.019100997995801552e-05    2.290159177259912217e-24    3.059205133318960588e-05    2.158337072878198972e-05    -7.412730408906828142e-07    7.229773750112594896e-10
2.900000260307168674e+02    1.002525606087315779e+00    4.858884623222584596e-03    -3.183526231430308727e-04    3.681763553456170886e-21    3.002368008954240462e-05    2.100840247243534271e-05    1.729934718286202052e-07    1.608912831629120193e-09
2.900000738964706670e+02    9.993834721665273424e-01    -6.769367513256496424e-03    1.358438464377664150e-04    5.236974142382567034e-04    2.916619707301087614e-05    1.908080948044380969e-05    -2.476559877725172190e-07    8.192979278275101434e-11
2.900003511701282832e+02    9.965586877605000504e-01    -5.584314096471006475e-03    -4.694271975601424160e-04    6.902663142662737956e-26    2.856690904612718541e-05    1.974637887342661012e-05    -7.057233920421255078e-07    3.706362252906957033e-02
2.900003290733115477e+02    1.001823636503747172e+00    2.376863953103744149e-04    3.561318961821488722e-05    6.962155114088244430e-18    3.028243585528339615e-05    2.106100556517383085e-05    -9.151703715082848353e-08    3.592037685294660609e-02
2.900001071620004041e+02    1.000675664467581605e+00    1.006434073679635284e-02    8.202747357777587754e-04    8.014110050641197551e-16    3.232245805634342486e-05    2.111328652289902718e-05    3.983078378736789228e-07    3.594758388006413004e-09
2.899997777741755272e+02    9.990018810440509656e-01    3.397838853298460783e-03    2.068447920621995471e-04    1.247882425984428109e-23    3.069441534465163786e-05    2.159316292211617498e-05    1.335385689325362958e-06    1.143791319914655314e-08
2.899999255919774441e+02    1.001202942169556742e+00    2.420120124912001746e-03    1.355833029979461161e-04    1.805261876314795265e-20    3.136885038997468079e-05    2.064355546789916734e-05    -6.955307610815100230e-07    1.387753836438090007e-08
2.900002600026670621e+02    9.978282741868410577e-01    6.674670781325245557e-03    5.838794509355749434e-04    1.293765424707672503e-28    3.259024982979195667e-05    2.248935731733946143e-05    -3.113554287864439809e-07    5.393087990619505664e-04
2.899996462398660242e+02    9.977866126838926819e-01    6.124669514743667081e-03    2.262066173028203739e-05    8.038873392292184001e-18    3.357970236287749185e-05    2.185320118486323531e-05    1.675052667131591433e-06    9.920042504246514453e-08
2.900000735960093721e+02    9.989529193712578525e-01    2.518441057658263749e-03    -1.301079454565727523e-04    1.034978732439063686e-28    3.052813013022894942e-05    2.072246338469497059e-05    -2.696814084688403487e-07    6.393380823862968238e-09
2.900000238096674252e+02    1.000474600998014774e+00    3.237779551593846211e-03    1.641216066382682475e-05    2.018159863625482706e-04    3.027008873429072128e-05    1.966477813345809611e-05    1.628522707899190112e-06    4.714516251692835169e-02
2.899995116862848477e+02    9.971846985539264407e-01    7.431980048315436210e-03    -3.255629260068333849e-04    4.219794257401966461e-30    3.229028435534523700e-05    2.102252220082151434e-05    1.690416090964859329e-06    3.518291296185837788e-10
2.900000954191084475e+02    1.000301579314291756e+00    5.177811327468370174e-03    -5.205095099425908122e-04    6.723907332886498183e-18    3.179506263265258030e-05    2.089700230510764623e-05    -6.173390935273890105e-07    2.517781083322796575e-08
2.899995671889308824e+02    9.994089803780071835e-01    -7.146044525728879535e-03    2.268432593571993825e-04    6.011815838311881230e-11    3.202374700438325144e-05    2.137191278756644079e-05    1.125560819031512519e-06    1.316285698767272674e-10
2.899996360849769417e+02    9.990599206268907517e-01    -2.102773169495229973e-03    -1.193574434962310887e-04    3.928652425112943579e-05    3.235053414552846066e-05    2.185292997035303793e-05    1.610761249125124590e-06    3.947452441235083792e-03
2.900010861599296845e+02    9.993569692285839690e-01    -1.881031334497034206e-04    -5.946818220289181410e-04    5.615912251803028546e-04    3.345505479838774184e-05    2.114759288284121975e-05    -8.033881559968707730e-07    1.078142207839930949e-01
2.900005475821821506e+02    9.988103095040585799e-01    -1.196514106302811603e-02    -1.972938164722198536e-04    3.141913498938225888e-04    2.976559907823485209e-05    2.025670226517887093e-05    -1.227061273660566786e-06    4.866872386602273670e-02
2.900012811334319736e+02    9.995826193330129561e-01    -1.128524361923226738e-03    -8.221412376739984035e-04    7.202682233012085069e-04    2.935324672605040260e-05    2.140697591012603792e-05    -6.358963815743673482e-07    1.658126764565042432e-01
2.900004293954997365e+02    9.990470853008812657e-01    -2.043291778612883400e-03    -4.042072184863676303e-04    8.610875677565047181e-14    3.267604488968951012e-05    2.234786549699608124e-05    3.039497480100378742e-07    4.068950255076105027e-02
2.899998045052655016e+02    9.978580815505087021e-01    -7.934286116511339235e-03    -6.052851584940202655e-05    1.344546278902743305e-22    2.998167294906837381e-05    2.129513387882820500e-05    1.048680055587686896e-06    6.462463238808188241e-09
2.900010353543766541e+02    9.975743257729897673e-01    -2.968192717572556635e-03    2.712087686011859578e-06    6.486530775863542366e-04    3.361242397498651659e-05    2.202767421976532201e-05    -7.091728162280204103e-07    1.003706720837093253e-01
2.900000173137239017e+02    1.002056207197306703e+00    7.231058160343618001e-03    -1.158900611135796544e-04    1.486377911366760206e-04    2.954995410502568611e-05    2.071573066125645773e-05    1.294998233679479174e-06    5.377635202120163715e-02
2.900008717388409423e+02    9.969406753785245989e-01    -3.039758714189730402e-03    1.876897445936476965e-04    1.633871652749618745e-04    3.239024103001512662e-05    2.224588597538227990e-05    -3.306615779961133142e-07    1.057662910882829349e-01
2.900002391755902522e+02    1.000086243225918547e+00    -2.617693182111399241e-03    2.366015267284428381e-04    2.620405723130441557e-26    3.049803555744607145e-05    2.041338063839355559e-05    -1.272147188974201322e-07    3.176877622711111321e-02
2.900003717029302948e+02    1.000525597993689786e+00    -1.719647242218813078e-03    1.481301937379370223e-04    1.555757512349481477e-03    3.068094650028131335e-05    2.028054259240306102e-05    3.028488905212493442e-07    6.285007731107314366e-02
2.899998826583776577e+02    1.001354026721251067e+00    6.448974710409554646e-03    5.264358003594078825e-04    7.048814650719663734e-04    3.169645181481195266e-05    2.125608665172605847e-05    6.058261829961120031e-07    1.621151984463155629e-02
2.899999892560340413e+02    9.978631337050034578e-01    1.218485205083672668e-02    2.113243791718612925e-04    7.665944083702376901e-04    2.844619717507795338e-05    1.988632323014699268e-05    -1.211148638938658578e-08    7.816894367862684936e-14
2.900001892338322023e+02    9.984535980842850211e-01    -2.873496878871331303e-03    2.410584532598235966e-05    7.008093378216644596e-04    3.453902610832396749e-05    2.226869786212793586e-05    -1.278763266130659795e-06    1.204094121481318635e-10
2.899998216126273860e+02    9.983549635766512109e-01    4.898021804112309523e-03    2.642850830062293396e-04    4.086632529524876181e-33    3.092035160406141308e-05    2.102305296146326718e-05    1.756846262771022174e-07    1.845887890922848633e-09
2.899999859263423900e+02    9.978565525993261520e-01    9.414908068608068489e-03    -4.507192342483313228e-04    9.740167359043104964e-17    3.049798822015181720e-05    2.073801101259188380e-05    5.332453792114618876e-07    4.126064350535308133e-11
2.900009178608406728e+02    1.000015640530753869e+00    -3.611890296739542639e-03    8.756130940530684682e-05    2.043154262714681540e-04    3.077552416348231499e-05    2.202191715103589141e-05    -4.100732041444806275e-07    1.218812368902515847e-01
2.900001336784836212e+02    9.992583336460200139e-01    2.233363365978109725e-03    -1.599550742461481115e-04    9.468127804253116155e-04    3.147050581062702055e-05    2.183974246613670686e-05    8.848364739208338078e-07    3.149079571314342130e-02
2.899998342102905440e+02    9.999764905299765028e-01    -2.723583692534380877e-03    3.329884693902669885e-04    2.030481718441226208e-26    3.209594096585405304e-05    2.113207663616612267e-05    9.236384780636265363e-07    4.070036034893847454e-10
2.900000166523370808e+02    1.001225826720400836e+00    8.571555674731999022e-04    1.583344497130582073e-04    2.959934871798068417e-04    3.008034225507120782e-05    2.104799632896711356e-05    4.984533518905719754e-07    5.645286017361370056e-11
2.899997983214491910e+02    9.993564210763820066e-01    -3.403709230560985222e-03    -4.782238632402340743e-04    9.861601295775527663e-05    3.173886566020377056e-05    2.138732642684989944e-05    4.905314581471139336e-07    3.440004390158262424e-14
2.899999734746760964e+02    1.002646632936223581e+00    1.130122792478035175e-02    -4.218782126584919327e-04    5.063700724023540014e-30    3.053223151892400523e-05    2.060936931386447203e-05    5.967307050978110636e-07    7.761388961078168443e-10
2.900000786845449738e+02    1.001468068469004047e+00    8.334064125266308146e-03    -3.009216727274562075e-04    3.206139579127541923e-04    2.966339027205853326e-05    2.087819952527371630e-05    8.315100956360139448e-07    6.222043676004324064e-02
2.900000607242766364e+02    9.987418667726571941e-01    -1.263299264349432988e-02    -2.807311690916939272e-04    3.106846132037109137e-32    3.131776745271105315e-05    2.028895082411959298e-05    -7.370201744915945371e-07    5.810041192973296219e-13
2.900009192435680347e+02    1.000341333640685004e+00    -2.126404958783261693e-03    -4.068590206102535504e-04    3.537427818637021884e-04    3.010700740830379312e-05    2.112255026256737930e-05    -1.371568910821713871e-06    8.174860330664372732e-02
2.900005090606532576e+02    1.002380430335412909e+00    -7.329940058502452949e-03    2.201475413188196215e-04    5.933055220727541943e-04    3.266847825870005111e-05    2.114387687409027326e-05    -1.483262485478678035e-06    1.201968913892313522e-02
2.900001662587006308e+02    9.993623722071041104e-01    -5.448855121844248077e-03    -8.676727144142061478e-06    2.318397629370397631e-03    3.184433582211151518e-05    2.178471651677945853e-05    -9.316189880655486590e-07    1.971382732715220187e-15
2.900001786871492868e+02    9.986487067442013643e-01    -7.614757282608396530e-03    -2.769282461830428256e-04    8.689015634741307142e-28    3.259185889707036886e-05    2.205739693049101443e-05    -1.071732246026459744e-06    1.307866222478280128e-12
2.900003111245197260e+02    9.973646296620219953e-01    -3.871015656452748283e-03    3.876497343470167362e-04    4.195279222965100691e-26    2.982263644073472207e-05    2.067821340875318086e-05    7.792635347597668412e-09    2.857717679433881275e-02
2.900001830119123269e+02    9.998784028959311065e-01    1.153640381317372343e-02    -4.978615687932131002e-04    3.633863585595111087e-20    3.348207458742272728e-05    2.236610692288859553e-05    -7.968456295651951928e-07    5.346752401286757516e-10
2.900005935375282320e+02    1.000708004745487933e+00    -1.218865089916179286e-03    -2.040009914298565044e-04    9.721370743134724897e-08    3.174056151143287498e-05    2.134127301850860970e-05    -4.378719213718064056e-07    9.507237849072022740e-02
2.900000153974987143e+02    9.999667704490290410e-01    -2.705514191194549351e-03    2.071062471362575903e-04    1.376743524826822533e-10    3.254067139720647053e-05    2.212871716960623537e-05    2.142646987187491922e-06    6.275325250368890551e-02
2.900001484050805516e+02    1.001724311500867826e+00    6.106128189000228391e-05    2.667889678775463465e-04    6.041686190199106136e-04    3.190935004367068063e-05    2.147744190703530524e-05    3.887683811215326147e-07    5.178691653899794470e-05
2.900002471622362350e+02    9.985569452036949789e-01    -2.809608879614242018e-03    3.676964824555623284e-05    5.480850190410458886e-04    3.305317609714037938e-05    2.235848244671355533e-05    8.507904282061281953e-07    4.972187331311835046e-02
2.900007261968343641e+02    9.997332327519492523e-01    6.139395693824798361e-04    -3.264286081768070645e-04    4.407598578285196647e-30    3.072095079814603685e-05    2.138412824450075690e-05    1.070171261167803052e-07    1.209322427555322294e-01
2.899999983902380905e+02    1.001305354371266443e+00    5.778166938275469851e-03    -1.970424996933257814e-04    1.947601948844015704e-04    3.031367777691228480e-05    2.035343888399015138e-05    8.755019598547806621e-08    3.847584420709067396e-14
2.899998614672413737e+02    1.000984780562041321e+00    -2.202809526893269483e-03    -1.122205531416750415e-05    8.735106031998832667e-10    3.165313912273894016e-05    2.099397457395448677e-05    2.602694811402393380e-07    1.816359010692260813e-08
2.899999729007927272e+02    1.000331408097893338e+00    6.896855955460407320e-03    2.519418023226249422e-04    8.793002728192977121e-04    3.259180490535950675e-05    2.187051521352247882e-05    -3.015486122167467757e-07    2.383163586731402360e-13
2.899997619345870703e+02    9.981170078521113265e-01    -1.178950665489657788e-02    -5.770915131729873750e-05    1.467513586191566799e-34    3.232564054448029716e-05    2.064117381896326571e-05    6.721869820361679859e-07    3.408995127545542261e-09
2.899998348390084857e+02    1.004559753594351790e+00    6.222129468033835500e-03    -2.683871884894812156e-04    2.865874308970224429e-30    3.117452564598559739e-05    2.112447290243220629e-05    1.289722024742242234e-06    1.126989196056304560e-11
2.899999071225175840e+02    9.972135509010492394e-01    3.693952874827901873e-03    7.380071913395027782e-04    4.415826592281464261e-20    3.287875110831477892e-05    2.174114680653884663e-05    1.401882839397075896e-06    2.452127123306384326e-02
2.900003739537407341e+02    1.000890370978486210e+00    5.945135959357772740e-03    2.831004614386018435e-04    1.670440399835436821e-20    2.969215452851012844e-05    2.028862732978341607e-05    1.310919608180944021e-06    1.066637515003188291e-01
2.900002004592197409e+02    1.001072324834423100e+00    1.077324936696032534e-02    -1.983404528251275214e-04    6.664550977147392601e-17    3.112501732377374723e-05    2.111124075388965852e-05    -1.254793598738493620e-07    4.573959883463744880e-02
2.900005210211608073e+02    9.986280813507689702e-01    -4.148729587273307547e-03    -3.498637102508954312e-04    6.573424327301909771e-04    2.979947921673591819e-05    2.138064551787486958e-05    6.615366346849441390e-07    9.542561028772732212e-02
2.900001520716076584e+02    1.000208179294521216e+00    5.234089510292929369e-03    4.888885810735525006e-05    1.305516347603467001e-23    3.082847407452219611e-05    2.085922859710814619e-05    -4.040396747729728255e-07    1.409262071976711100e-09
2.900000545018092453e+02    1.001252543830738251e+00    1.889359089541497007e-03    1.021012422285203403e-04    1.065278248720729411e-04    3.303434017093374842e-05    2.166919183058066501e-05    1.405027324256118103e-06    7.198362767803271007e-13
2.900000774844146463e+02    1.000721427096400662e+00    1.371734517711834314e-02    -7.334493768302398136e-05    8.487263943271716694e-04    2.927962937343158079e-05    2.073813492714839666e-05    -1.955160787603425731e-07    2.346251711594620620e-02
2.900004705676448111e+02    1.001163100616625279e+00    2.221213238306394677e-03    -2.005871337793872354e-04    7.020762794732145814e-04    2.946966359672491511e-05    2.036006560408552010e-05    1.756228747996959848e-07    9.879373265736322851e-02
2.899997554809891085e+02    9.986734505441728915e-01    1.094287160984842508e-02    -1.351157911145698732e-04    3.260350080393088204e-04    3.057049642048147040e-05    2.172404846218079210e-05    1.537075862820672827e-06    2.777792341967648708e-10
2.900002340197809190e+02    9.968747778111993751e-01    4.611767594086471980e-03    -1.600063433083063970e-04    5.826882513104989786e-11    2.967372942463860882e-05    2.110268990486333600e-05    -3.914217230824897300e-07    7.126365232511530981e-11
2.899998091839053700e+02    1.002148788059607165e+00    -2.589778075719122857e-03    -2.139718366847864512e-04    1.401054175390169320e-29    3.093035180799268759e-05    2.127207896363074820e-05    5.718194969819757439e-07    8.709298211503621818e-10
2.900001339806978535e+02    1.001042063966623763e+00    4.193244918204129534e-03    3.115950190551913584e-04    1.140559426583716241e-03    2.827097104461437886e-05    1.976143388147516070e-05    -5.980557358750979911e-07    7.670579191894517923e-13
2.899999305634624989e+02    9.974741618968029355e-01    4.245578323615336637e-03    2.241912220272064570e-04    1.309086960797869899e-07    3.077307833835562356e-05    2.122462350396292258e-05    -3.214436642073758754e-08    2.139693061284570199e-09
2.900002872429255376e+02    1.002805764546773615e+00    -8.230763968778004314e-03    -1.483961534661687215e-04    7.359670235289452530e-31    2.994264465907891525e-05    2.056790585858955008e-05    -7.478057462527432474e-07    5.417171511436177164e-12
2.900004459500030407e+02    1.001578849240661651e+00    -7.785152378751345435e-03    -3.674158718474193511e-04    3.733719750342764304e-18    3.221830735564347486e-05    2.117342022866932513e-05    4.018964046396074402e-07    6.878017955598644817e-02
2.900001716593199035e+02    9.998515341289883063e-01    -8.280325908242631983e-03    -3.629292343870381063e-04    1.160635594451568022e-25    3.099915097217659286e-05    2.097330579504661684e-05    -2.186020651653410813e-07    2.650424669821508438e-10
2.900002321709899320e+02    9.996837170794439231e-01    -9.486976717651158381e-03    -2.564874262785804978e-06    1.134866061982446897e-21    2.990832373052228042e-05    2.084488379445886355e-05    -3.449544075460631097e-07    1.225406354186708212e-08
2.900004431752239498e+02    9.985251623957432932e-01    6.433497922739453249e-03    -2.931800983242988253e-04    1.425184277717230793e-14    2.963918014976667811e-05    2.123375031826675469e-05    4.615959754819751025e-07    7.757963410118726144e-02
2.900005585034140267e+02    1.000698347354394002e+00    1.732585800912502579e-03    -1.676349740542495861e-04    1.055619211797459536e-19    3.214180023859912304e-05    2.070516608915233856e-05    3.579959945648272215e-07    8.005733411388264720e-02
