# f_r [MHz] A m phi D delta_r delta_ere delta_eim a
2.900003824453270340e+02    9.989571669401208220e-01    7.747043027807741684e-03    2.274698671243985165e-05    6.993221015825350781e-04    3.503312540691778910e-05    2.628998241025714332e-05    -7.279825172469397067e-07    1.337860299770561876e-13
2.900007185884545038e+02    1.000991872310560860e+00    -1.072241102246367615e-02    -1.685441343357565937e-04    6.819271005082499746e-25    3.740851095291750029e-05    2.556899041313222710e-05    -3.886684959197149839e-07    5.715503906020328456e-02
2.900005630871421545e+02    1.001780566187551402e+00    -4.610523188074064187e-03    -7.081579580038350639e-04    1.345561225398935974e-05    3.798445240351863966e-05    2.643283480379825628e-05    -3.446632243604181431e-07    5.736487548700174716e-02
2.900008294817430397e+02    9.985241010982096599e-01    -4.862116878008890079e-03    -7.659687085977165367e-04    7.991689800025386664e-19    3.574099344699450883e-05    2.556533608762403626e-05    -1.208853235498755509e-06    9.079706948255758525e-02
2.899999674328754509e+02    9.973537056367985931e-01    -7.802362336322448593e-04    3.014750714698093419e-04    1.183870777113977830e-03    3.925017089282988112e-05    2.790622745400157337e-05    -2.120379023064202545e-07    4.953682907309403707e-13
2.900000631406661000e+02    9.990678845458971225e-01    8.790636164338583650e-03    -1.652329489168442910e-04    1.828265535212471489e-03    3.535607064399344735e-05    2.458877287558459580e-05    -6.023390743744297580e-07    2.153893262788255796e-10
2.900001282489718619e+02    9.973703050394664427e-01    -1.329792665896514575e-03    2.548698957590254553e-04    1.376063373355705362e-03    3.688261092185919296e-05    2.641691692591185189e-05    9.068493248430445143e-07    2.842161078196911999e-12
2.900000215255824401e+02    1.001661446627135854e+00    -6.389978436214185584e-03    1.235867889305657520e-04    7.117244251199909182e-04    3.457895232807405895e-05    2.455132730322163415e-05    2.385337120783289197e-07    3.660898062486959287e-02
2.900000043910374643e+02    1.000466531069205356e+00    8.950274553547514500e-03    -2.022804303230506861e-05    5.290544358283973993e-04    3.390468888513358832e-05    2.511888623220220646e-05    4.441459465737828232e-09    4.832214730119448881e-02
2.899999088935808231e+02    1.001451537298410521e+00    -9.032806871302950791e-03    -1.485902496598016335e-04    4.947030688081315267e-23    3.681933852197125231e-05    2.666583479413928137e-05    2.893280810144932477e-07    2.665133023944400917e-12
2.900001420630459279e+02    9.948107010590987453e-01    -1.460363667191152959e-02    2.321784738266753634e-04    7.119952869585729706e-25    3.448153762365583041e-05    2.456919271586631746e-05    -8.426517598871359536e-07    3.496218639906488773e-09
2.900009803499936538e+02    1.000113754295461677e+00    -4.202722747274622271e-03    2.970302665843430273e-04    1.177207857235074368e-03    3.734910538049394051e-05    2.721446846973659588e-05    -8.091436323028143822e-07    9.750652451029569179e-02
2.900001775825768391e+02    9.981606315492635995e-01    4.131583546750294648e-03    -2.762569090166969361e-04    1.340079381460097113e-03    3.554317261101471668e-05    2.637090316383182526e-05    6.624334454284751761e-08    1.277217092938293108e-10
2.900001508685299996e+02    1.000036058109134762e+00    9.157922029349547730e-03    4.082251018673264931e-04    4.223586456525417498e-04    3.343856675573811903e-05    2.515036992421521367e-05    5.490291730307217837e-07    4.212532377218996399e-02
2.899998146880528793e+02    9.986942091426799228e-01    -2.119890240855000149e-03    1.317985445585055215e-04    9.100867796834947348e-23    3.518817664003089937e-05    2.543252860912007194e-05    9.818680925771112384e-07    6.206514520451725998e-10
2.900002964692808405e+02    1.001421714678833119e+00    5.120009340741773357e-03    2.638613864295220890e-05    2.749795224439011368e-28    3.366986560597921390e-05    2.603990768562654365e-05    -4.933377461645390074e-08    2.310156196330758160e-09
2.899998577545906642e+02    9.996002084883049976e-01    -1.692419150705029530e-03    9.328608053064714738e-05    2.378873779340112292e-04    3.717071672500052107e-05    2.636983834655150940e-05    6.789221336863837543e-08    1.158511287905329420e-13
2.900000128319560417e+02    1.001724990427449669e+00    9.966115199048169657e-03    -1.810489219731462984e-04    9.831727987288896229e-30    3.775330520050994781e-05    2.658439482110698250e-05    -2.915162846272969033e-07    2.070744101610142104e-11
2.899994547838146559e+02    9.998068556098190784e-01    2.316114328359718949e-03    -3.535057446913858654e-04    1.411768681332866716e-24    3.859481287972869483e-05    2.627041271575497459e-05    5.634112907896580670e-07    8.100856356896599082e-11
2.900002327223550651e+02    1.004803249153053191e+00    8.605051193688095790e-03    1.327365371681107442e-04    2.158722994593587936e-13    3.530149306623948241e-05    2.550543613769504125e-05    3.029780543696571018e-07    3.602281593175701152e-02
2.900005182585437069e+02    1.002453219495411885e+00    -7.823757162847274488e-03    -2.052631141345186388e-04    2.820918911123589719e-04    3.574934185187654480e-05    2.588541256015575685e-05    -3.282573328163195449e-07    6.623699975004274099e-02
2.900000935480672410e+02    1.001734254911673672e+00    6.206399121784216422e-04    -4.268749343184446938e-05    1.469570582926857852e-11    3.581382881502850782e-05    2.632238170286003371e-05    -6.670145582798340686e-07    6.919457066176117307e-11
2.900004193172596274e+02    1.001427663112190336e+00    -7.556915864522797087e-03    7.294868767887756724e-05    9.629712582882840642e-04    3.548493459811220650e-05    2.595258925598314099e-05    1.051320182526885772e-06    6.832053682802005645e-02
2.899999503632308802e+02    9.966566097874201002e-01    4.387545968480948723e-03    -8.763188957505156260e-05    8.554842981223093339e-05    3.647806053298511050e-05    2.639639871456899990e-05    8.222587358294231019e-07    2.806058960586951465e-02
2.900005066061510206e+02    1.001953913316669498e+00    -9.055830130082023234e-04    3.718568958300005650e-04    3.587474853944986556e-04    3.598834449656863638e-05    2.649081368880941474e-05    -3.665759562607596608e-07    5.266131700061667253e-02
2.900007472081748006e+02    9.988288809062200180e-01    -1.148577939076036352e-03    -3.339461138432074702e-06    4.861221028856388194e-10    3.638973053973244701e-05    2.604192221665891770e-05    -2.468768543836076899e-07    9.384894116313786949e-02
2.899997004468482373e+02    9.977096059320018639e-01    3.138598520644500425e-03    2.905555453273337037e-04    7.477216279367852707e-04    3.530676408495680865e-05    2.630930491560518384e-05    3.300780370228945871e-07    6.001066186507320878e-12
2.899999700245927556e+02    9.978393234425158020e-01    -4.196497748837305086e-03    -3.190727103403334940e-05    1.169313219336301675e-03    3.406030015901168235e-05    2.495703756741894132e-05    1.364870969800985999e-06    1.502651360443152742e-02
2.900001621695657263e+02    1.000640697144410174e+00    -2.086939371913121288e-03    2.606686148955761123e-04    1.066897264918331449e-12    3.721961782104235626e-05    2.710199341554898008e-05    -3.713897251917928768e-07    9.190992633302226891e-03
2.900004377790926924e+02    1.003097551148503408e+00    -1.507760830843542753e-02    -3.280457556260090910e-04    3.617405767808552167e-04    3.744724774950767242e-05    2.651255614917445589e-05    -1.094101459242770160e-06    2.050817294810366315e-02
2.899999678203191706e+02    9.967921226899689735e-01    8.104400321013024641e-03    2.750457044867633794e-04    3.682817704540478705e-04    3.699222927838313860e-05    2.636832415188380738e-05    3.045374378568518255e-07    2.269993400858614493e-11
2.900010008000080006e+02    9.962351851222366328e-01    -7.237759122842584054e-03    -5.270918847350350564e-04    1.149953495252889364e-05    3.547065810982634362e-05    2.531911483728484268e-05    -1.649095626917552072e-06    5.371656267515781402e-02
2.899996577351898281e+02    1.003064524085454989e+00    8.685952004620160413e-03    -4.593384654931239583e-05    1.903155746417095201e-30    3.706571675687986658e-05    2.561540925842669276e-05    2.667089809047173102e-07    4.956278272310277109e-10
2.900005548480058337e+02    9.950493043586249309e-01    3.707662361794034425e-03    -2.694667105920205532e-04    1.336796540542845206e-10    3.801821421219266946e-05    2.592623667358126153e-05    -2.815451973014535971e-07    2.861608414143901671e-02
2.900002107631675017e+02    9.993172157099181607e-01    -7.843864286099747063e-03    -2.982570539373753120e-05    1.339573543317720177e-04    3.974330734534996452e-05    2.706262935207970374e-05    -1.102315394604690846e-06    7.521852482560677295e-16
2.900004195304736072e+02    9.985710007060468740e-01    -7.659412250889707438e-03    -6.593649712890204155e-04    6.791415753424089609e-19    3.411962326157881809e-05    2.487840261933928072e-05    -1.273238259963466012e-06    1.150929195422745238e-09
2.899999755467600835e+02    1.001366071648732925e+00    -4.923700431789477042e-03    -3.680818156870373117e-04    1.114333561120791011e-03    3.283430313741376191e-05    2.517098241607913556e-05    -2.898969280504614406e-08    6.021925045246096427e-12
2.900012743450373023e+02    9.996827022886342062e-01    -1.597536287932860635e-02    -7.364769421665633142e-04    4.403792767096376451e-04    3.609925978603614939e-05    2.614775614602539376e-05    -1.625808069438963504e-06    1.108942585494789440e-01
2.900001853663130191e+02    9.972388070157591766e-01    -2.148558488251112782e-03    3.459884183293155053e-04    3.862907070227387761e-14    3.671112546748396505e-05    2.696911793722479408e-05    -3.843267412578179143e-07    3.547293610896062876e-03
2.899998571443369997e+02    9.978905617146294205e-01    1.726495392972142093e-02    2.028514484066842199e-04    2.777781330170048853e-03    3.550000310512152246e-05    2.619326798222610921e-05    1.744026019455261143e-06    1.737065819860985754e-16
2.899999919516202453e+02    1.000880595000935180e+00    -1.684000662748411006e-03    -3.317733901729194687e-04    9.263096892084047001e-04    3.451551137289771208e-05    2.638416273274707424e-05    2.275652852798141989e-07    4.524691168350242557e-03
2.900011471458037704e+02    9.997394620131184739e-01    -5.180728305121622525e-04    -4.846140136109865974e-04    5.343961093581176382e-04    3.496758393422680404e-05    2.586767019194268464e-05    -6.372578894712172884e-07    1.102472688312073068e-01
2.900004807432423490e+02    1.002209119434972706e+00    4.936725438982565890e-03    1.425303438087519275e-04    3.501193036397734672e-05    3.684737601489923835e-05    2.690169623250099898e-05    2.528813607180478639e-07    6.439807398919147885e-02
2.900001799922579835e+02    9.986273451365881293e-01    8.322091539859174936e-03    -2.181518587611182389e-04    8.367118761864514948e-14    3.651247113286645597e-05    2.625190321180039199e-05    4.572198054061910976e-07    3.039411588683782472e-02
2.899994712473153982e+02    9.981384439117869656e-01    -1.040472630541042958e-03    4.692686601861092380e-04    1.730750469472150525e-13    3.655132322664083586e-05    2.677749479819635392e-05    1.231810256750158152e-06    6.644251850225454167e-04
2.899999566625895113e+02    1.000608900756631225e+00    8.069258907403642836e-03    -9.783218389414262439e-05    1.435472048391016289e-12    3.718564922234338316e-05    2.617663116546891373e-05    2.257898359954559325e-07    2.533656864551968488e-10
2.900000717767840683e+02    9.999228871482251924e-01    8.718138137497747839e-03    4.522994809736344561e-05    7.410551913969164487e-04    3.516802862746511681e-05    2.576592240515648250e-05    -4.751384715532862264e-07    3.999030776731288435e-11
2.900003962411360590e+02    9.992873952060871146e-01    4.965674723483101335e-03    -2.034689672853558142e-04    1.090009663004717346e-20    4.060595103351914334e-05    2.705113862004999441e-05    3.196990531438980499e-08    4.669447438126396455e-02
2.900002972362543119e+02    1.000542307265600339e+00    1.461208935016772292e-02    4.595996831054934917e-04    5.780049920285400614e-04    3.379033621475409664e-05    2.566216436053357148e-05    5.432385263272127840e-07    5.242088045425338100e-02
2.900002635098057908e+02    1.003452549178865061e+00    7.934159789812240005e-04    -2.225411772974691485e-05    5.312958402168989737e-04    3.595253986601084761e-05    2.552397286627322101e-05    -6.866477409384103109e-07    8.932839504895024804e-03
2.900012798214121972e+02    9.993645045227419477e-01    -5.751060358081756634e-03    -3.309835048775793312e-04    9.267207693716550529e-04    3.561270271076082052e-05    2.611664809260619811e-05    3.486126742927291949e-07    1.385037376379306684e-01
2.899999966916719245e+02    1.002689356029695888e+00    1.086051307442539512e-03    5.010558822826230788e-04    1.796385204725139679e-04    3.748768390082853530e-05    2.773584043196922791e-05    4.923441001396579421e-08    1.015097655794951109e-11
2.900000004515137562e+02    1.000432787230867815e+00    -3.554755846119665805e-03    3.441259432411334501e-04    1.296592829656444536e-06    3.575819182870785157e-05    2.617323521009928328e-05    1.166815748882810292e-06    1.230287098179743549e-02
2.900002689458085001e+02    9.958595149313801409e-01    -3.349757363967446324e-04    2.376157041005789690e-04    1.136400835562248381e-03    3.634114874356813164e-05    2.613753887370862938e-05    -1.052711127327140132e-06    6.155383365351651739e-16
2.900003132033555175e+02    1.000724627801222288e+00    -3.627852849423087844e-03    1.456901328836545425e-04    1.387286677376982358e-03    3.513751199145127569e-05    2.606151634649447841e-05    -2.612497590254171949e-07    2.779358604013506568e-13
2.900013500799503277e+02    9.983644877134996154e-01    2.694849655702542205e-03    -1.263980180022118412e-04    1.855392437887298672e-15    3.877521856893239671e-05    2.770598675012145854e-05    8.461356146008092077e-07    1.656288187889279062e-01
2.900000596790707164e+02    9.987278433430700764e-01    -1.192244805815503590e-03    -4.436982451955214993e-05    5.585677083770579892e-14    3.589677843514273072e-05    2.541461575497057940e-05    3.240061251580467922e-07    5.167854806198795946e-10
2.900001277508819157e+02    1.002934810698311141e+00    -6.363708795122813983e-03    -1.066239356239665663e-04    3.132115945504175590e-04    3.732267071911077783e-05    2.664715634985489803e-05    -1.051850070439783716e-07    1.300690669297278088e-15
2.900000409169126101e+02    9.997370502889553201e-01    -7.050288560885429288e-03    -4.313042902442864798e-04    6.233973745566975555e-21    3.526492689284454758e-05    2.604329418213307526e-05    -5.922130382561537641e-07    1.156208782459100040e-13
2.900005190718388235e+02    9.992924021689486569e-01    5.208317718163600922e-04    -2.712178958246426854e-04    1.259369009382262311e-03    3.654217346384040207e-05    2.663817060399059863e-05    5.917441415846455560e-07    4.958689458749995782e-02
2.900002025229334777e+02    9.994411261124067636e-01    -7.553506641545431992e-03    1.897929420867609936e-04    1.567392239940415110e-03    3.545579411934594329e-05    2.578584335379943533e-05    -2.489229048876953272e-07    9.330406984964064071e-16
2.900000331159670282e+02    1.003545382682477394e+00    -8.607570796226636858e-03    2.273330439576889972e-04    9.388486584804864784e-14    3.546110581791746231e-05    2.462170775412789102e-05    7.879924875415754750e-07    8.750447160315069657e-11
2.900000566347907807e+02    1.002573814962485432e+00    -8.901326530946079840e-03    2.233460068752289010e-04    3.838387358652271494e-18    3.475847206223296016e-05    2.580890466092133372e-05    -7.121563113377349633e-07    3.685595792702147012e-09
2.900003445790289334e+02    1.002841074338840288e+00    -8.926927548744042692e-03    2.115311995273005973e-04    1.484434601371262925e-04    3.445139413991952647e-05    2.607569604233099411e-05    -7.123935230172228896e-07    2.957207726363575874e-11
2.900000237169178945e+02    9.991530996300024281e-01    -5.112269741001767773e-03    2.803675139650189355e-04    1.009688166892929069e-03    3.680014958062793358e-05    2.539947309556954072e-05    9.754917982744002600e-07    1.148209045854706178e-09
2.899998534718312726e+02    1.003190012113712726e+00    1.043135913990317527e-02    9.360877311194189916e-05    2.202664643157418272e-21    3.800059787382836204e-05    2.700144469805059803e-05    -9.972994870021833154e-08    1.002994377058242309e-12
2.900001340583484648e+02    9.982136264245812241e-01    3.206113821565552153e-03    1.198124176355127993e-04    1.026187114546583826e-03    3.468904738968715812e-05    2.515444287121647226e-05    -5.139670063541957549e-07    1.027019555053413760e-11
2.900001652153233636e+02    1.000971958186858357e+00    5.510423826906142922e-03    3.408745401535250198e-05    1.538259319618800319e-16    3.618945005164354416e-05    2.677872352407057154e-05    -4.029715592798771610e-07    4.513281775534653667e-13
2.900000513681951020e+02    9.996141688896439392e-01    -6.053615442638513554e-03    -4.030029760207808130e-04    1.614630602593011751e-23    3.416348788945005693e-05    2.514143316293357365e-05    -2.971277625365640806e-07    7.659326933296206000e-10
2.900000337557547141e+02    9.954586146309427619e-01    -4.742741503670455140e-03    4.780578998072972422e-04    1.872862756493751239e-17    3.521036558712078079e-05    2.543809165899620523e-05    1.043146034653305005e-06    4.345893546662794177e-02
2.900001715270712452e+02    1.000309380456824604e+00    9.146143246505322039e-03    3.722815439518000207e-04    2.955690727640051852e-13    3.274597999973245940e-05    2.571855612004813073e-05    1.001130872237705614e-06    1.159962729814055750e-10
2.899998462983805325e+02    1.000380857133232659e+00    1.522264021086348548e-03    -5.019415320354155040e-04    4.965792424257593751e-22    3.292465652776648308e-05    2.489991767859490448e-05    -1.485400737766156627e-07    1.341140520735411565e-09
2.900004420137975103e+02    9.980109293982893925e-01    3.068887768698436679e-03    -2.485365685548102674e-04    4.513832767864325587e-14    3.719296942960548485e-05    2.681847982587301054e-05    1.137374076005049046e-06    1.025854091030773962e-01
2.900000580667914960e+02    9.979005850766582419e-01    -9.488008210792408734e-03    2.408939824033280383e-04    1.301268485781116027e-03    3.674274199853809361e-05    2.594247531230949697e-05    -1.491212356070784155e-06    1.634622135902963976e-04
2.900006322073473939e+02    9.965463434407965115e-01    2.382511585398146975e-03    1.564358805822438304e-04    4.912036499213699291e-04    3.730750651856239766e-05    2.638129735640399267e-05    -1.175423583881577545e-07    3.518567486939569444e-02
2.900005217062437737e+02    1.003191861727924072e+00    -7.411557629115495850e-03    3.671287580883376414e-05    1.691483504439331913e-04    3.673054450510487292e-05    2.590024115974806786e-05    3.992699338350808587e-07    6.459130972688531536e-02
2.899999664176559691e+02    9.985852008088850207e-01    5.338821040807937429e-03    -4.918259948013600910e-04    2.275313211191766365e-13    3.672308804354752369e-05    2.599639185472145452e-05    8.060714408463660677e-07    9.498489998914885421e-03
2.900001595983844709e+02    1.001529793762822029e+00    1.503923612639820190e-02    5.052833679857597366e-04    1.480232559028069224e-03    3.824837836672840776e-05    2.668697638584061903e-05    -3.919147909225545951e-07    7.554634974452268184e-03
2.900003586462955809e+02    1.000597826268692758e+00    4.843411470152074981e-03    -1.098545518808819723e-04    4.557454908766701798e-17    3.600554447819744427e-05    2.627670614162289073e-05    -2.886322052001502484e-07    2.467567198189009325e-02
2.899999640932235252e+02    1.001092001919009489e+00    -8.665275940623785519e-03    5.342257294765305475e-04    3.354247818429890719e-16    3.709752916866440001e-05    2.593867674680801826e-05    -5.875428999595417527e-07    3.541777163919170482e-10
2.899998771387124634e+02    9.993839320749897670e-01    -4.848064490073563347e-03    -2.040168739900463841e-04    4.997580831236799175e-04    3.545252159120251275e-05    2.580997474623526159e-05    1.001672431976099301e-06    5.836794599602065231e-03
2.899996999467354044e+02    1.000237261747492834e+00    3.097530658229829398e-03    2.165130773843362965e-05    1.237402380001336247e-03    3.494898005754640090e-05    2.531547091302696441e-05    4.579707389045987301e-07    3.677540480085880546e-11
2.899999966719640838e+02    9.976540681402211730e-01    4.037193716521030561e-04    3.934769256448980503e-04    1.383911642980832947e-15    3.149140345709717235e-05    2.451985225798673451e-05    4.747260658543556260e-09    3.026026509858199847e-10
2.899999852921743582e+02    1.002024727732409026e+00    1.151445696813501720e-03    8.151089389849676501e-05    1.114778977217136284e-03    3.660865501253993408e-05    2.618307349151651197e-05    4.441624771954564660e-07    1.320481260226175377e-16
2.899995828700464244e+02    9.981267487120397686e-01    -5.893545061142142598e-03    -2.377006377626631872e-04    2.793703851760409881e-17    3.774141751283761312e-05    2.615654850076714965e-05    6.814532252049828233e-07    1.346371069446471191e-12
2.899998951772848272e+02    1.003519810392890399e+00    3.240470503596414639e-03    -2.416911390580853732e-04    5.926411737946729683e-04    3.746669021777308307e-05    2.691574749276663044e-05    1.398796136880218128e-07    1.928945434173421239e-16
2.900004481450868070e+02    9.992516986194153183e-01    -4.908043585195675726e-03    9.735164147472173994e-05    8.826704588406881592e-22    3.410968673119916367e-05    2.488947916739831705e-05    -2.049900082962699834e-07    2.049928380543497228e-02
2.900000639444089074e+02    1.001574166161082413e+00    -1.178960821663031615e-02    -1.605418772498319602e-04    2.227353898629643721e-23    3.498351714683830584e-05    2.624318380915066236e-05    8.102990728706563968e-07    4.111901769593495626e-02
2.900000634081176827e+02    1.000588343137602365e+00    3.384155412941420877e-03    6.295356916020753823e-04    9.014786513030903893e-04    3.570798461827699591e-05    2.574622102796908724e-05    -2.870787085709681532e-07    9.625216779790475921e-03
2.900003723138636929e+02    1.002559597199748520e+00    6.264336328522825386e-04    -1.391395103167251675e-04    1.449266971007113369e-14    3.831167851817441223e-05    2.688580695331578771e-05    -1.573926227756385636e-06    3.811427877658926258e-09
2.900003283145238697e+02    1.000407396358623746e+00    3.141768509023825664e-04    4.459950971072485946e-04    8.798993278119703242e-29    3.446564574087813715e-05    2.549174813322943944e-05    -5.648500699036241890e-07    9.882408746806641961e-15
2.900000464205536446e+02    9.977997469071336889e-01    -1.471656807354395800e-03    2.117894768485171217e-04    1.710756011512682933e-25    3.429988452692468471e-05    2.505548644039108359e-05    -7.123561341744371837e-07    3.320527231583415145e-02
2.900002291776954735e+02    1.002584428071791489e+00    -8.568019208600346701e-03    -8.431595135294525591e-05    1.654928735380506020e-10    3.632751530827815116e-05    2.616774105355486327e-05    3.291326406861380108e-07    1.119948955712421506e-08
2.899999401019514380e+02    1.000418741428712011e+00    3.663490782907160258e-03    -4.668889188831827522e-04    4.642811678851193084e-04    3.524970326799653925e-05    2.614784182148851329e-05    1.650305309881458261e-06    3.286663784873680748e-07
2.899999583931069651e+02    9.971067102849749952e-01    -9.045122893855143606e-03    -2.097166762116108312e-04    2.917004388092536249e-04    3.717018404688843193e-05    2.628394351423672635e-05    -1.259222472518085256e-07    4.069666764917287925e-03
2.900003550789421638e+02    9.991022639450426457e-01    5.516786735844503471e-03    1.065530689533189063e-04    2.937308859801344941e-04    3.737406597308481540e-05    2.701606205598406984e-05    2.390164960902961212e-07    4.322444029830013745e-02
2.899998310371067873e+02    9.983341373370034910e-01    -3.674812592084830774e-03    5.225982253813806454e-04    4.855376160946748123e-04    3.637780814684112127e-05    2.701637238244825512e-05    8.005315631629396394e-07    7.491070534767832185e-11
2.900001416854627792e+02    1.000335535335107329e+00    -1.687174987745037463e-02    8.242558774903268215e-05    4.749578819946412518e-12    3.477781822281529671e-05    2.583096925804177288e-05    -5.052600249537497750e-07    1.590826818632154818e-02
2.900001730365493700e+02    1.003503541362154028e+00    3.337579183689388159e-03    -2.274759967662021967e-04    1.246451646216018110e-17    3.777853587395243356e-05    2.666420189421244254e-05    -1.805618638453840968e-07    1.545034112257947366e-10
2.900002451930314464e+02    9.999368260493848304e-01    7.409696830120396371e-03    -1.974500302163969320e-04    6.021859985373646459e-04    3.730669293006477278e-05    2.640671253094501378e-05    -1.084175001367710326e-06    1.126715202744700388e-10
2.900003217153295623e+02    1.000763226914168191e+00    -3.433908077793475927e-03    1.615281546221635997e-04    6.775365496646817845e-04    3.550181096801971161e-05    2.722278671994716776e-05    -8.259638722989641260e-07    3.466404074046504358e-10
