# f_r [MHz] A m phi D delta_r delta_ere delta_eim a
2.899996353632242858e+02    9.980141429229331118e-01    2.070756486792836581e-02    3.506569234187782084e-04    1.349230599396125923e-03    2.845422109224129522e-05    1.821214124156621408e-05    1.384213419924335814e-06    8.038941246831814232e-11
2.900002254855778006e+02    1.001244982215938162e+00    -2.270965871572673631e-03    4.894079786400578518e-04    2.475849603249340492e-24    3.017739306970592685e-05    1.943183046878801763e-05    4.484545281516897138e-07    4.170135791330448899e-02
2.900014287892139464e+02    9.964516230038743538e-01    1.272864440510834347e-02    -5.783852861918354748e-04    4.705593854212927600e-04    2.788697071056885529e-05    1.814152664189232829e-05    -5.500574067904158924e-07    2.066273895277968842e-01
2.900008674779176658e+02    9.993782762901449734e-01    8.685836331143417430e-05    -7.538274997018886098e-05    1.137031969246423793e-23    2.849437239156305646e-05    1.716154034788559059e-05    -1.583258796266112954e-06    4.655217482275439411e-02
2.900001120392240068e+02    1.004500539887386523e+00    -7.886313266752143641e-03    5.216948696737567929e-05    7.821139542152317842e-22    2.767303585281804667e-05    1.792360210774334418e-05    9.832186278483624529e-07    4.082843773769921636e-02
2.899999340333774853e+02    9.994805695684675362e-01    -1.162206351888043186e-02    2.951688560356627690e-04    9.705635743601733791e-04    2.578933964907728231e-05    1.750435331698269980e-05    1.539271265057724053e-07    4.284752483353874103e-11
2.900000844953282808e+02    9.984657977138835516e-01    2.356645771615277030e-04    -3.767954753966019400e-05    1.593690168686733456e-03    2.490699748641008520e-05    1.690692619616987967e-05    3.733532444904971985e-07    4.360520155027094308e-02
2.900010100128703243e+02    9.992710787280716378e-01    -7.611595153632081528e-03    -2.322603667020539563e-06    9.163634226543646368e-19    2.891191585899904046e-05    1.865756000987894150e-05    -1.311984314909231534e-07    1.249616835346200605e-01
2.900002657074228978e+02    9.978546319959348265e-01    -2.967686141915124812e-03    -1.169128923652728430e-04    1.493524969123775899e-24    2.654809508701527841e-05    1.773828237900380126e-05    -1.694079747544863547e-07    6.759633735904217540e-09
2.900002998600733122e+02    1.000739510067710114e+00    3.883945132444952333e-03    -6.676583332263781145e-05    2.567345074769396577e-23    2.767430238429315520e-05    1.864135119715631044e-05    9.131824220543075965e-07    8.179477209893122602e-02
2.900000090348871140e+02    1.001150262885430964e+00    2.654999647423511404e-03    2.680871435867325679e-05    5.234280538865158450e-04    2.764765150459045127e-05    1.869398791621291176e-05    -5.556783813740833796e-07    8.094972827089644226e-13
2.900006338350083297e+02    9.983874003898451921e-01    -5.952856038248368307e-03    -3.027065806944709411e-04    6.289552337712702204e-29    2.949073638179939340e-05    1.895769093606939395e-05    -8.033723844201338398e-07    3.125119618959316253e-02
2.900000871586761377e+02    9.985732603473821412e-01    -1.551802937987741687e-02    8.085480964761945170e-05    1.550336758042816853e-24    2.992534244700485767e-05    1.865495852823883494e-05    -8.683364901343747144e-07    2.066039216273130173e-09
2.899999533070474627e+02    1.002560910116679249e+00    3.955648024793482348e-03    -7.180654963684646045e-04    1.135018229885159961e-03    2.829031456217826835e-05    1.772721536300836636e-05    3.635258781575932886e-07    5.213658542460770583e-11
2.899998747465127735e+02    1.001763624800440677e+00    6.868206651438340735e-03    2.568628749846584665e-04    6.155181924143987701e-04    2.861119793004195913e-05    1.823503516191367143e-05    6.582484066673563443e-07    2.716798961316315552e-12
2.900001539208672057e+02    1.002701462607456850e+00    -3.323587021161576640e-03    -1.639830589725246567e-05    4.500060086099599113e-30    2.842774718098155638e-05    1.783139040918298147e-05    1.172399641777653601e-06    1.129156941412998300e-01
2.900000788914841223e+02    1.000467570155762820e+00    1.466738309702344915e-03    5.710346062426880981e-04    2.123670621166158346e-25    2.766736888652943075e-05    1.858130705260975873e-05    4.803818525223419374e-07    4.005229454351098839e-02
2.899999259914893628e+02    1.000886858197062690e+00    6.308626863858051185e-04    9.344551960207624715e-05    1.418761891944659344e-03    3.091522258620985118e-05    1.957551732368652473e-05    5.233688581131705308e-07    3.609383575292445261e-12
2.900000243975161993e+02    1.001231046610182140e+00    1.557953166444233230e-04    9.643824120988644293e-05    1.909939423066173257e-20    2.811175500916734035e-05    1.800625037438082480e-05    3.234176245886439227e-08    1.203919964725064240e-02
2.900007146879143534e+02    9.971674398521412908e-01    1.189518267015175074e-02    -5.535544245760389784e-04    2.083278820769018941e-13    2.719520656420093123e-05    1.792759974198379055e-05    1.000868755715719281e-07    1.112967908958448909e-01
2.900000534038095452e+02    1.000837524984918625e+00    -2.411455112669164211e-03    7.334918092832743341e-05    1.901091066222443046e-03    2.874565077372499494e-05    1.846823831229579715e-05    -7.392425698990622595e-07    2.115353295055932750e-14
2.900001257504135879e+02    1.001220520748222542e+00    -1.916374748150873704e-03    -3.593846401980816947e-04    3.871609661279498345e-15    2.963431590711133016e-05    1.794437344360340255e-05    -1.609652798249890657e-07    1.271730424709856776e-02
2.899999584788680522e+02    9.994878482123135122e-01    -5.139384633348130331e-03    1.424509639737764768e-05    2.851306723577041557e-04    2.880105660759900739e-05    1.822329949937271870e-05    3.091513761159122244e-07    7.329890207275373470e-15
2.900006413708977107e+02    9.999862818293272504e-01    -3.282092145803231810e-03    1.679438398019162011e-04    4.768732211532448459e-05    2.789763107150611499e-05    1.830923273605049431e-05    -3.050325744618835645e-07    9.484714242570427278e-02
2.900000160454069373e+02    1.001818287816475639e+00    -2.762432575760340875e-03    4.749592431248457535e-05    1.007244568849329858e-03    2.602840895746554020e-05    1.753559043853756408e-05    3.379391988894587329e-07    5.794342577030053491e-12
2.900007918254780748e+02    9.981412525832213944e-01    -1.312826989663906337e-04    -1.835869104236886209e-05    7.896070652062275300e-21    2.977733467419240153e-05    1.922790113199212983e-05    1.723945856363201935e-07    1.034885961100095314e-01
2.899998485154780496e+02    9.959828937705383911e-01    6.363411429565555243e-03    2.545072837526586389e-04    1.295561361499952997e-03    2.733336846054466193e-05    1.748419862459410501e-05    -9.417498498061341074e-09    2.340306934781065405e-12
2.900001388791332602e+02    9.978466200110267526e-01    -8.936052692769702599e-03    4.155407746479259333e-04    1.102686834380130956e-06    2.808325787240794523e-05    1.843697022630319294e-05    1.021050213177163247e-07    5.321825071509247871e-13
2.899997492376065793e+02    9.986166813360246586e-01    1.593364651268812035e-02    -9.489386267747249493e-05    1.093612447307473562e-23    2.858727955477443293e-05    1.878270652133479487e-05    1.705307550510120611e-08    8.439202241688098226e-11
2.900005763941695136e+02    9.991587766640699364e-01    3.138463604673501998e-04    1.513057808698792174e-04    6.824536160369303870e-27    2.682150477600260224e-05    1.751547992984026493e-05    -1.247227332174818854e-06    5.454948893189912745e-02
2.900003620009813972e+02    1.003175646266842636e+00    -2.580526981696288150e-03    -1.477615050844379245e-05    6.677492304469418360e-04    3.130922554017326982e-05    1.905657642624722736e-05    -2.561683934731594774e-07    8.188680156775452260e-03
2.900001813539128648e+02    9.994812558688224158e-01    -7.062623131398503701e-03    1.573426534269687141e-04    2.026085441198478311e-03    2.703201549395359466e-05    1.817053467567413111e-05    -1.233888513432052129e-06    6.556847291545826734e-13
2.900002022912338475e+02    1.000822184660776326e+00    -4.598839090670588624e-03    1.525718682658306529e-04    1.844984129803143148e-04    2.666946898761812446e-05    1.808292397531583524e-05    -6.596809953046532910e-08    4.045066570628304270e-02
2.900007417800170515e+02    9.990168334502620429e-01    -1.439426476711514087e-02    2.033203322119954328e-04    1.296840635802956588e-23    2.915004518972072331e-05    1.945207442961052521e-05    -1.971586557416082799e-07    1.338820142764337584e-01
2.900005356079983585e+02    9.986585422877013452e-01    -6.287178229774974475e-04    2.258402899540921553e-05    1.256047648212588793e-03    2.661989733943499341e-05    1.795500618437448134e-05    -9.104515103748433944e-07    2.327648178202472440e-02
2.900008121349885641e+02    9.978746021592176385e-01    -3.015320589669552055e-03    -5.057672606635701127e-04    6.811931485300694808e-19    2.748855387258555735e-05    1.860167373942067537e-05    -4.965056000115677344e-07    1.101328367729883240e-01
2.899995852898687190e+02    1.001918275061929986e+00    4.341878685821472066e-03    1.429172460882169164e-04    9.168550560265673993e-27    2.512762973380356740e-05    1.748564700448694968e-05    1.131221810697347179e-06    7.874353439053802394e-09
2.900000688946631726e+02    1.001063343403551187e+00    5.426029795175757453e-03    2.036093167707510906e-04    1.892997267003657677e-04    2.622503229145828208e-05    1.766800151183078871e-05    -7.340748248422657770e-07    8.350250650757995213e-11
2.899997784349625363e+02    9.986532450840668318e-01    -1.191002783570883097e-04    2.436734822268909833e-04    2.020098016811249560e-03    2.491164153891769177e-05    1.769216548990921729e-05    7.096605498221780322e-07    4.233620133295503546e-02
2.900003233551020116e+02    9.973518570515165216e-01    -6.326369428597998328e-03    -1.333349975628293326e-04    1.293063988211483276e-24    2.572003796424965141e-05    1.793312683375507960e-05    -1.253247841106788070e-07    8.741931268480149231e-02
2.900005440246757757e+02    9.992076780547026749e-01    -1.749259881754026968e-03    1.713069271190682059e-04    3.413459860131610585e-26    2.782748606695195325e-05    1.754978024788110327e-05    3.310819249316240782e-07    1.094824797852099324e-01
2.900000628921090993e+02    1.002432345039192541e+00    -4.301645198184899689e-03    1.462543492082370741e-04    3.313444929236759562e-24    2.745628070975160561e-05    1.781083544700202880e-05    2.865944210226230031e-07    2.814774941050529090e-08
2.899999135147434686e+02    1.002665693531345603e+00    3.655694163964160956e-03    -2.117617663920170492e-04    1.120157375669546566e-03    2.786025542258656879e-05    1.814413373976839287e-05    -3.333681131112096132e-07    2.549060012617096193e-16
2.899998978965388687e+02    1.000754767906115283e+00    8.601601967212676655e-03    5.956307902964102510e-05    3.699564039750011331e-20    2.766543347729324837e-05    1.808246608470733888e-05    1.359566228579102628e-06    2.870983605916857100e-09
2.900000960479153491e+02    9.978647150070110161e-01    3.768957471454678979e-03    -1.750063613856501490e-04    9.572051417280788933e-29    2.843135829732214615e-05    1.855227043961411100e-05    1.626897099448095889e-06    9.783595950484257064e-02
2.900005205414358329e+02    1.003616209722259622e+00    -1.012365535976313818e-02    -5.410959617701608087e-04    3.274031472691455561e-23    2.803842778723144162e-05    1.842609236308620000e-05    -3.890392241925428037e-07    4.981479184012194833e-02
2.900006239493456519e+02    1.002567059838282759e+00    -1.601639577542697881e-02    -9.433583970949813982e-05    9.750665464539037385e-04    2.867768746283614554e-05    1.970187080874488605e-05    -1.808255955117797201e-06    5.529410153201958292e-03
2.900000194180407789e+02    1.000690988566585782e+00    4.406064876786664440e-03    -2.041054056738675096e-05    9.464932307506707066e-04    2.969622506040458637e-05    1.792474941578532140e-05    -7.704103798923838056e-08    7.879464235956076812e-03
2.900000925683974060e+02    9.967215172377003052e-01    -5.465221116251211923e-03    6.204122399613270559e-06    1.450875923975963357e-03    2.993082646504468224e-05    1.914236350127214358e-05    3.846335560735902811e-08    9.994716725229404260e-10
2.899998832293631494e+02    1.001950473116575147e+00    -6.038624533662781749e-03    -4.613004230632531359e-05    9.590425571208802000e-33    2.889871759378962672e-05    1.883645561334264072e-05    9.727031021192061737e-07    7.397890546242902321e-03
2.899999553339787326e+02    9.977824810293105529e-01    8.993262808766394265e-03    1.819485930469867359e-04    8.163988703000867432e-04    2.514381951275184866e-05    1.731769316178044630e-05    5.825232761874288860e-07    4.707924347721183332e-13
2.900001329652033064e+02    9.985715812912382416e-01    -2.990519168776926973e-03    2.417512411983513681e-04    1.701533108081130650e-18    2.719052659247270354e-05    1.787066296521033784e-05    4.109275520894583275e-07    5.791808172024895916e-03
2.900001887537488869e+02    1.000510174623622017e+00    -1.530066007885118188e-03    3.881928414859519769e-04    7.477494381335169786e-31    2.614641761272001614e-05    1.782958281428419740e-05    -6.091911154314237766e-08    2.427182463320508209e-12
2.900001766849493379e+02    9.996705973947735968e-01    -4.993332564835095862e-03    -3.457689578392658973e-04    1.971532876425065477e-22    3.014218286970450739e-05    1.869352848715607465e-05    5.129916993550722529e-07    2.766120183786516945e-02
2.899998323757498611e+02    9.996368054217474874e-01    -3.563882868908819883e-03    3.203012517629243595e-04    6.100880835524571691e-17    2.574858842402846093e-05    1.801943031398757600e-05    6.582997411289076401e-07    1.793827271144392876e-08
2.899999913874938784e+02    9.997472081338341088e-01    1.198664439922658091e-03    -7.360357256107544883e-05    5.940798697339724115e-04    3.013859771371173491e-05    1.907780248710204198e-05    1.191704921217718087e-06    4.290932064848117927e-02
2.899998983081260349e+02    9.980449420217475387e-01    -3.637803086382740587e-03    2.440347877181719559e-04    3.924033619666130885e-21    2.857129545172642653e-05    1.803580493025803934e-05    6.648732735850142221e-07    7.663679444182603753e-09
2.900001190334579064e+02    1.001151958324926872e+00    3.225905156691627820e-03    1.380764716194233079e-04    1.224234010380102040e-04    2.979948528119103236e-05    1.930316368084169205e-05    -2.211638377097824800e-07    2.281086761203482516e-14
2.900008277841209292e+02    1.000121919906068246e+00    -6.953137697393870810e-03    -1.104661465741633790e-04    1.674195970399116525e-23    2.972510471263233080e-05    1.889949392784127794e-05    3.250700089886593585e-07    9.043439977609425695e-02
2.900008090346461813e+02    9.983209802905357311e-01    6.765817308997170224e-03    -4.514224606782590919e-04    1.625053344509023740e-03    2.939189260236017601e-05    1.877059561763109121e-05    9.188209524146330076e-08    1.480065773329124479e-01
2.900003239136556772e+02    9.997049573813280299e-01    -7.916597145656165124e-03    -7.808258777308524834e-04    2.236381331817631394e-16    2.950497722224194666e-05    1.858177440360540337e-05    -4.379407576166585235e-07    2.003968469124914331e-02
2.900006159026050909e+02    9.991274088338214510e-01    2.428613735495843630e-04    1.124439742253155802e-04    4.315106079103695250e-05    2.815927059351454738e-05    1.815236419455190504e-05    -4.721179923286066868e-07    7.188343941178715335e-02
2.899999713454617449e+02    9.997109514905526684e-01    -9.398449239170670808e-03    -1.905961729278171559e-04    4.607297915438997909e-23    2.631142998203537538e-05    1.776552210468571142e-05    1.867014591221730374e-07    9.022066858751265112e-09
2.900001307582881509e+02    1.000155940087241513e+00    1.314739743311617824e-02    -2.351342581929485095e-04    4.905690870329994582e-04    2.654252110991025274e-05    1.787977621885501986e-05    2.590765804475473240e-07    7.571728382143176617e-02
2.900000333395436201e+02    1.001899494566004689e+00    7.233851378242190516e-03    -1.479373950771408462e-04    4.077124836274686548e-04    2.674920098746059273e-05    1.764383910033347382e-05    -1.862674843630419724e-08    1.207415250697812552e-09
2.900002255008596990e+02    1.002120223033769131e+00    -1.058391938463526180e-02    2.764561768548093996e-04    1.489359612404386963e-03    2.679098937779920663e-05    1.878398123843686739e-05    7.125893942410130366e-08    4.660064775520286272e-16
2.899999186614344353e+02    9.995377548616528607e-01    1.712213657267515777e-03    5.350661971367973644e-06    1.781549417790235614e-27    3.012908839232742938e-05    1.921307080685102087e-05    8.846037269836860795e-07    1.596522978534426023e-10
2.900000880520389046e+02    1.000900535441678674e+00    -1.830585550109667392e-02    -2.723678556099156300e-04    1.768494694521983291e-29    3.170653928520827068e-05    1.929833923304128594e-05    -1.208981713747691901e-06    3.392680162703477775e-03
2.899996714894498382e+02    1.002461725216960531e+00    5.629508720859033137e-03    2.131059223760921448e-04    1.167549088624019729e-03    3.004575759458941262e-05    1.810464554038851355e-05    4.093750686661364947e-07    1.833585821984851379e-11
2.900009088398039694e+02    1.000859708971275852e+00    1.290093486361065106e-03    -2.181547406237521601e-06    2.479821771192290101e-21    2.813419118163636062e-05    1.896650733483823073e-05    -3.710020087725359810e-07    1.133561709048176019e-01
2.900004749724884618e+02    9.981575959774050544e-01    3.839371457312241304e-03    -3.908570100304351838e-04    4.789818396699404711e-04    2.939809341614794071e-05    1.858062135960070953e-05    -1.241047485372268910e-06    3.177562039252612713e-02
2.899999293645912530e+02    1.001792288473824843e+00    -3.823842608496677131e-03    3.401738350612457757e-04    6.312363805206554028e-05    2.937279832250872530e-05    1.887752209025199778e-05    -1.757960070179218873e-07    2.162808920533737511e-10
2.900004209675718698e+02    9.963733209004903557e-01    4.271363927818425631e-03    -6.336841639683309102e-05    2.931252703238772537e-20    2.789246536817398896e-05    1.809765924859295096e-05    -1.180356392417566654e-06    1.338458768376784430e-02
2.900003823089716661e+02    9.970036379011557592e-01    -1.694691096307252010e-03    -4.050539766427234531e-04    1.429942138299679521e-22    2.792039020932200795e-05    1.797619617195870802e-05    -4.073343485016442829e-07    4.986397585265451432e-02
2.900000713360712439e+02    9.979705868997137408e-01    6.281451027093463285e-04    -2.549824703612433346e-05    1.772788700200486752e-03    2.665416451785156758e-05    1.809295936280524034e-05    -7.937320235340272019e-07    2.475078674283897511e-04
2.899995817418745219e+02    9.975051704400410557e-01    -1.613159268295324836e-03    1.312302198502257003e-04    4.153588750481609280e-05    2.928182799364441500e-05    1.793128262597936038e-05    2.421043273508135217e-07    2.302396024766911135e-03
2.900004339680980365e+02    9.993877308408531945e-01    -4.803420067585011783e-04    -9.113739917321515773e-05    1.393665714267361064e-03    2.963400379406240298e-05    1.787285899138459490e-05    -1.309058167143426837e-07    2.320994702931424014e-02
2.900003685086504106e+02    1.000017534441324019e+00    -1.693356483020335562e-03    -3.133056602346487958e-04    2.423489981081871584e-03    2.803801297960189533e-05    1.742646003234744339e-05    8.792355410574139595e-07    1.039770495118610000e-01
2.899998369257655213e+02    9.994103627885300156e-01    4.518248107116568102e-03    -1.383550746567659303e-04    1.315380576649634066e-22    3.058744741626197506e-05    1.964713478434002727e-05    -3.167239997522038442e-07    2.206863565262057877e-09
2.899999340146606528e+02    9.980173356817011454e-01    6.524477101500212629e-03    1.764411031647409916e-04    6.711036457774815535e-04    2.734501583982941751e-05    1.774336286573551227e-05    1.188604938515897336e-06    2.545056771344897731e-02
2.899997978357515080e+02    1.003674217474663344e+00    -2.609558857530738362e-03    -9.362320528097718860e-06    1.159291731049104184e-04    2.868883081009010761e-05    1.907493468589256821e-05    5.490911534261850003e-07    3.993854197733252887e-12
2.900007855398391712e+02    9.997976569833026961e-01    -6.415741414484097196e-03    1.636018090167568604e-04    3.375528732427682125e-04    2.729901615542342172e-05    1.772255109564964176e-05    -1.565852646414467487e-07    1.078971886454275636e-01
2.900003693527907558e+02    9.965302064729385512e-01    -1.073483301461437920e-03    5.349786776783710743e-04    2.558655528419359984e-04    2.692502599148572138e-05    1.813724569733811165e-05    -2.183884849457938310e-07    1.475223771867580926e-13
2.900007661868256150e+02    1.000178307266742950e+00    1.315083330609018164e-02    -4.299783891099372190e-04    1.333956435789882246e-28    2.898269806414695101e-05    1.863107150523777452e-05    5.613204745718681255e-07    1.440767495027503453e-01
2.900002811299306131e+02    1.003414152852168950e+00    -5.399357165501332718e-03    3.448440478249749038e-04    1.327637016309034853e-03    2.932329464464031429e-05    1.885337146457920327e-05    -1.964711302403323188e-07    2.018186398836025255e-02
2.900000458773097876e+02    1.000095195381854429e+00    3.700081900382809572e-03    -1.967796277821256623e-04    1.490781371120497895e-26    2.793035697466847528e-05    1.796569820166601982e-05    -3.996529408701313036e-07    1.511344712073672278e-11
2.899998575702371113e+02    1.000624378279574289e+00    2.717344403314462999e-03    2.455355640558434956e-04    1.859622196781801802e-03    2.889284515056494667e-05    1.841555993485475117e-05    -5.406009596478238689e-07    5.640600722232273073e-10
2.900000192379652049e+02    1.002279877792316309e+00    -6.555915053318520438e-03    -4.510146187456218387e-05    3.020460925492364057e-29    2.969023544362867618e-05    1.891833292025169052e-05    -4.863685428152703089e-07    1.908878654983300590e-03
2.900005945812552000e+02    9.963123487020547620e-01    5.669694468607734510e-03    -4.595230694991515896e-04    1.170877726023377639e-04    3.091395769897398502e-05    1.983120342530594153e-05    -4.708737866231486426e-07    3.929670972677983681e-02
2.900000056620017403e+02    1.001335052748304699e+00    -7.708892220203888285e-03    1.272844241925692504e-04    1.403366553694891010e-03    2.848510673155560638e-05    1.909894236561611276e-05    1.253185701996556586e-07    2.985893202310358569e-11
2.899999974385423798e+02    1.000775587806654210e+00    5.923140806415969073e-03    3.333423886990761619e-04    6.354857091380302894e-26    2.901076447524726090e-05    1.817755906345371964e-05    5.052449266351729260e-07    8.257508839017271545e-11
2.900000562599109344e+02    1.001635791370070416e+00    -4.631465031693860618e-03    -1.028235339199935050e-04    1.816032382745311768e-21    2.709484812853156597e-05    1.762659172384446694e-05    -3.571776379131278056e-07    7.676236962579124808e-10
2.900000152712768795e+02    1.001646363197392198e+00    -7.370150196931996977e-04    -9.404840820940381135e-05    8.166882793940616683e-25    2.717693035207094471e-05    1.808752590004857096e-05    -3.149005418077527451e-07    3.060213321982747406e-11
2.900000286807118073e+02    9.976817251653078422e-01    8.942890384111962937e-03    -2.647606305364947542e-05    2.908853472596088221e-04    2.724451977977666956e-05    1.752498388855117104e-05    9.715532828386643495e-07    1.530499521796133654e-02
2.899998742955279454e+02    9.988392898291971189e-01    -8.148564069880728442e-03    -1.144836555775797387e-04    7.722982156539687877e-04    2.797997596966521325e-05    1.769036268969530196e-05    2.567902785366366264e-07    3.885941722951839067e-02
2.899999919182714621e+02    1.001175567450056203e+00    7.192535918471252079e-03    2.370519206956033727e-05    5.744910004652208621e-33    2.842864927469592379e-05    1.920361907907034153e-05    4.579883227607662296e-07    1.323536957149126428e-10
2.900002923201788576e+02    9.980552703679412829e-01    2.706816205372686215e-03    2.865907720162717441e-04    3.498606227364244190e-25    3.137051490528025094e-05    1.932353528951649289e-05    4.419133837168166210e-07    5.015379271543608797e-02
2.900009992779841355e+02    9.996496424996301755e-01    -5.885005135379209155e-03    3.926238050039983414e-04    1.166741383122676223e-32    3.012621123394510926e-05    1.879295979297142412e-05    -1.005371920633606412e-06    1.136427647530815488e-01
2.900008782205668467e+02    9.960085339121577119e-01    1.144045166285335546e-03    -5.274028113946032563e-04    5.296180333669289406e-04    3.078443689627275603e-05    1.865457711079323392e-05    -7.557744389490018993e-07    6.913565539887581157e-02
2.900001129125485022e+02    9.994471001894813522e-01    4.534108283323734501e-03    3.535570133934527997e-04    1.287289207268669107e-17    2.984584085175266314e-05    1.908540458517151851e-05    -3.636818074538957223e-08    5.899994353958549494e-09
2.900001607155058991e+02    1.000510903501619309e+00    1.235781774068092208e-03    -3.177399770488741136e-05    6.378097475034393970e-23    2.808169855596406151e-05    1.825420271313723592e-05    1.804225903968537141e-06    1.140229667899432253e-01
