# f_r [MHz] A m phi D delta_r delta_ere delta_eim a
2.899999311456709847e+02    1.002410705463951279e+00    1.640160262341114859e-03    1.476812378888469788e-04    3.080134726368006755e-04    2.618837573573026990e-05    1.691049234114288025e-05    -3.922265942783500003e-07    1.645716082326880044e-13
2.900003987503174017e+02    9.957718003854976185e-01    9.706600415055102390e-03    -4.158007689452743400e-04    1.392339755596904316e-12    2.534069502951565839e-05    1.603086671585656267e-05    7.523067800057306119e-07    1.006746940177807303e-01
2.899995990518763165e+02    1.003260021824446735e+00    5.682991087393638417e-03    4.367170301572269623e-04    2.810727119162289137e-23    2.598548862043489750e-05    1.601783120351471141e-05    1.479993181852265021e-06    1.487240189860177496e-02
2.899997773892539499e+02    9.996781156883364217e-01    -2.120015799865349135e-03    5.682497196981303560e-04    3.352175752067059416e-05    2.770773359940245783e-05    1.727379561334404506e-05    1.420742220027939655e-06    6.303450702587891016e-03
2.900008871798909240e+02    1.000247448145557216e+00    5.892943377735519934e-05    -9.446142926707066590e-04    1.994344510851355466e-03    2.593602630676772851e-05    1.618552615220032528e-05    -1.416033204269402836e-07    2.047115750498509912e-01
2.899999031733946140e+02    9.997059104510491734e-01    -5.858205144245141882e-03    3.335129018732379842e-04    1.505664957172591603e-04    2.552893631903559380e-05    1.622898288233317482e-05    -9.537114326460988002e-09    1.696604921195991010e-03
2.899996579455730057e+02    1.001618616647931503e+00    9.183454724278963810e-03    1.701635306490707766e-04    1.700657087718670385e-03    2.421908058374554432e-05    1.573720463073894385e-05    1.446737809628655243e-06    3.518139786525147120e-13
2.900002494819018466e+02    9.996813086341964638e-01    1.671556041266192630e-02    3.545597765085978237e-04    4.087669714166610011e-04    2.731727001221988829e-05    1.659759676235551161e-05    8.069412052350381186e-07    9.669319117734707925e-02
2.900000289141694907e+02    1.001962499256984218e+00    8.947851211573272512e-03    -1.818023801533500750e-04    9.577354653174381498e-04    2.607109940021692056e-05    1.635656027804699712e-05    7.946964332663978641e-07    6.648174558513758603e-02
2.899998457620854424e+02    1.000546587624864703e+00    -1.043173699238366878e-02    1.031521631379843270e-04    1.716969574939898349e-22    2.732690878771362340e-05    1.766299812037604798e-05    4.742557856209829049e-07    1.421965229216184591e-10
2.900002341746795764e+02    9.990047703747002572e-01    2.903061015792189354e-03    -6.870151760811330941e-04    1.872970244365847806e-23    2.586748909149267291e-05    1.597995831591564683e-05    3.953073424697039665e-07    6.963605595712504814e-02
2.900001031592956906e+02    9.998246892072450986e-01    -5.726594201732921816e-03    3.726214523999918263e-05    3.943547126545343152e-04    2.611061383805612181e-05    1.594838951594242308e-05    -3.551203851331074556e-07    2.310959211980910672e-12
2.900005585276795159e+02    9.992595850022505388e-01    -8.822517969402842927e-03    -2.315758121556008595e-04    6.616420239850701258e-28    2.728196032897764705e-05    1.780691537709025042e-05    -1.028792514904243488e-07    6.995083768320892181e-02
2.900011066357236587e+02    1.002417873522214009e+00    1.992629578273932028e-05    -8.424284360378662671e-06    1.567976894483139476e-22    2.556767804447831230e-05    1.636008603851594792e-05    -5.699714083180373532e-07    1.532043198642606685e-01
2.900002748286109409e+02    9.965987754009313360e-01    -2.239802922815106821e-03    2.084377139869733684e-04    7.132259528776434393e-12    2.706794725607473707e-05    1.651459886444552952e-05    -5.372129614994243090e-07    3.323227056306504029e-02
2.900006430760137164e+02    1.000331330975980260e+00    8.575716249356245225e-04    5.400220887949674329e-05    2.203185549762797762e-13    2.536389583943093076e-05    1.513627620903088094e-05    -5.921808786816580309e-07    6.835427840857788429e-02
2.900004541930078972e+02    9.989168264975197831e-01    3.594937255038058686e-03    -3.553686432540528370e-04    2.403004701476866103e-04    2.700000720033583979e-05    1.615105369243727100e-05    4.939120213207105290e-07    4.267152116192889783e-02
2.900010859473403571e+02    1.001646048446038995e+00    -7.849238405029965865e-03    1.190191613977545972e-04    7.379961838911957683e-04    2.723334307971302714e-05    1.622383460359552753e-05    2.021699238484590083e-07    1.984878436451993078e-01
2.900001399018373718e+02    9.989493515609914054e-01    1.990982863822252959e-03    2.486406037579217955e-05    6.478191098484865254e-22    2.456398069726810918e-05    1.612898240995047018e-05    -3.870634193174396667e-07    1.063696767613187798e-08
2.900006549018017949e+02    1.000232823149200145e+00    9.641363863576958224e-03    -2.735964601801749727e-04    4.707573676764483482e-04    2.398024115568685464e-05    1.521867294365465681e-05    1.049359615918075189e-07    1.203783974087901248e-01
2.900006477945413508e+02    9.963079246822633683e-01    -5.911167897310722411e-03    -2.083416820198892843e-04    1.661786836562471263e-04    2.563675048251578257e-05    1.609417298417342517e-05    -1.182773493521331006e-06    6.040354226338711524e-02
2.899998776528723283e+02    9.972679483922175514e-01    -3.837170923189520914e-03    -1.197697715155468274e-04    1.082575448488158983e-21    2.751820234202372416e-05    1.700858301440148651e-05    1.957676140699517519e-07    1.238110945202851104e-11
2.900001577974085194e+02    1.000972259911272255e+00    -1.034084259047461651e-02    1.422849222543275214e-04    1.043969032100149332e-26    2.612890755813226793e-05    1.607593122868253226e-05    -1.562568771403454959e-07    9.392240611734056202e-11
2.900001576215147452e+02    1.001156685619118081e+00    -1.559763842359294071e-02    2.193152429390782883e-04    1.408503029148837849e-27    2.597426022036756124e-05    1.550813483414707007e-05    -8.985276053560016816e-08    1.957871643083631559e-10
2.900000712153646418e+02    9.968933384309112133e-01    1.053577661149221988e-02    5.477162553303113225e-04    1.438124836395340996e-04    2.583744645878523842e-05    1.653811213994239211e-05    -2.348362372177726128e-08    1.156054193133844443e-02
2.900001688495048029e+02    1.000882360952482175e+00    1.495435752538842476e-03    3.350334274620366763e-04    3.941132459560068794e-25    2.750308519085906421e-05    1.627615220506387165e-05    1.792539813736437648e-07    9.353079076463106564e-11
2.899999121888383229e+02    1.001586432851649056e+00    -3.398390087077357308e-03    4.222953027572065067e-04    2.234143267692206924e-24    2.648623889912370277e-05    1.629695858905241230e-05    4.358070344608528094e-07    8.659548146372402912e-09
2.900002878885617292e+02    1.000137000356337458e+00    4.490290860011311703e-04    -7.487049019832021511e-05    4.089303121198933520e-18    2.613050911132271920e-05    1.613571410100845567e-05    -8.318923264389293897e-08    5.287721235053856328e-02
2.899998854445993288e+02    9.989448775968845506e-01    2.953855843932595704e-03    4.970048676894603217e-04    1.996284592211060196e-25    2.645335214475084463e-05    1.666998943850474320e-05    2.674932636247583725e-07    1.076795648453935435e-09
2.899998912745008397e+02    1.000431902111560190e+00    4.481167289493421732e-03    -1.396555886205883912e-04    1.325742687591092694e-21    2.891686540386283438e-05    1.672114543593782349e-05    1.121455854884182681e-06    4.772041087824135820e-09
2.900001013907433958e+02    1.001755938959521419e+00    -4.534316292387259410e-03    -4.509921547599283912e-04    1.601415741363974247e-03    2.463270136828492955e-05    1.638375692645102427e-05    -3.541129861414233387e-07    5.316484062892144905e-14
2.899997511106524257e+02    1.001735439665063732e+00    -5.810485873385991783e-03    5.487675465402966346e-05    1.097984630269071662e-22    2.773074684666256801e-05    1.652629777753975856e-05    9.637637201445011640e-07    3.820525040609925006e-09
2.900003027031964393e+02    9.978460153737453986e-01    -1.777133590280351692e-03    -4.019428955191608013e-04    2.639411926133848358e-04    2.636292595536156264e-05    1.575097410302358502e-05    -9.731717209402217824e-08    5.041119108162370882e-02
2.899999645420620595e+02    1.003491294325010719e+00    3.236085611621419399e-03    -5.006111219543200065e-06    1.732288588989822637e-12    2.768227880964803077e-05    1.656819423940091848e-05    2.049755381780457566e-07    3.784335031643491082e-02
2.900005532484656783e+02    9.991613922513586932e-01    2.338076955593243987e-03    1.702569437595945667e-04    2.672509445998017726e-19    2.439171011814867486e-05    1.598217004084699039e-05    -5.267998785495579009e-07    7.718962757319262902e-02
2.900001570637303416e+02    9.986217816233320388e-01    -2.642751283723271047e-03    8.061480141478508804e-04    1.468059689386665865e-21    2.630947925246376914e-05    1.653422194582436074e-05    -8.939354628631090757e-08    3.716931421015592235e-02
2.900000894111883554e+02    9.995327562466752580e-01    -6.888169592400663656e-04    -4.895330489170426208e-04    1.394022748878515320e-21    2.551791172013493853e-05    1.511650796265207466e-05    -6.271771460682433322e-07    2.736885460330003988e-02
2.899993426941799726e+02    9.985722282998068522e-01    4.222349657783757391e-03    2.316262013712104182e-04    5.554386468199697677e-04    2.592420224815194968e-05    1.496714142350822003e-05    1.420651720863156429e-06    7.360161183758645663e-10
2.900000467858085926e+02    1.000999561738772359e+00    -4.324521161231486069e-03    -2.332817854238587957e-04    4.168663007741319680e-20    2.673054320530922129e-05    1.550143492580269828e-05    -2.444672638496587915e-07    5.705431351581445079e-11
2.900002027376473848e+02    1.001414928678121319e+00    7.148891628649470253e-03    -1.781255605008830178e-04    4.310557195619785361e-04    2.658573268253056282e-05    1.691556276750784667e-05    9.159284543704521625e-07    1.206830435915828698e-01
2.899993616073082876e+02    9.983924318045115376e-01    2.991509008251849559e-03    3.865569478036259246e-04    4.470787933967034982e-29    2.520820865698813123e-05    1.556413114125979684e-05    1.170731189896348926e-06    1.087887728816656387e-07
2.899999550864440039e+02    9.990687239009597986e-01    1.932830357254342393e-03    1.201160178592239737e-04    1.195806352695700332e-03    2.556582699150032823e-05    1.652494380260631236e-05    7.244214900380769132e-07    2.663420873264303926e-10
2.900000936035562518e+02    1.001382964228204608e+00    1.088183621877112685e-02    9.478881414854331534e-05    9.773650500959981009e-04    2.940410083101172080e-05    1.780292142019565660e-05    -9.642093374229142927e-08    2.089252304284079306e-02
2.900002433050447621e+02    1.001543130573424811e+00    2.802995743126944928e-03    3.789432610470170720e-05    2.349905353709991150e-18    2.563084933060196969e-05    1.615228767140873848e-05    8.238360234021926012e-07    5.165921240109484780e-02
2.900000295173872473e+02    9.999294696540313998e-01    -3.339087174750772144e-03    -4.019286885807262020e-04    3.126457824578207710e-04    2.727979802190842634e-05    1.675237631409005586e-05    1.197265751292423162e-07    2.250764862956255755e-11
2.900002843579100613e+02    1.001611788802903247e+00    -5.702998728530604688e-03    -5.202528421361105396e-04    1.119567863869424910e-03    2.572075111258113658e-05    1.678089702801135823e-05    9.485994730844774593e-08    2.930025455897503073e-02
2.899998058127544596e+02    1.001593001940104033e+00    7.375126051907034954e-04    2.329162141744126112e-04    1.428671103188562793e-03    2.725774618722771959e-05    1.623207489759896313e-05    1.657468240790471051e-07    6.804201823425477729e-11
2.899999941449298717e+02    9.985790276218213801e-01    4.425640745424453716e-03    -3.875642131630507056e-04    1.687535316208352027e-03    2.531589776338686259e-05    1.646139412104089117e-05    4.106011146342012039e-07    6.362685381530595358e-16
2.899998105276096112e+02    9.999066816197200724e-01    1.611534281518146004e-03    -2.480545771851216312e-04    7.075852918718603893e-04    2.606464925934528148e-05    1.629898540464112699e-05    3.377412756703198763e-07    5.387230181122573116e-04
2.900001597738234977e+02    9.989808964490002330e-01    4.733401434770508694e-04    -5.693654038801802807e-06    1.368302247205162650e-03    2.520528475270280490e-05    1.564010737850192616e-05    3.395091784520318214e-07    5.083610269163640731e-16
2.900000932770736881e+02    9.973524862399135715e-01    -5.384903661058760595e-03    -6.824353908622839528e-04    1.392928744018190889e-25    2.667991852352409962e-05    1.575424768901673267e-05    -2.348432147121741212e-07    1.434880762185043387e-02
2.899999960736093954e+02    9.982418495062200803e-01    9.104441112871845126e-03    4.292006600715042472e-05    1.280541683833419418e-25    2.643451560930649305e-05    1.604148563358408124e-05    2.667013405109795237e-07    4.884373928880876423e-10
2.900003718751591464e+02    9.971421060616048049e-01    4.704340817981321130e-03    -1.585288560446015352e-04    3.214588099511114176e-23    2.671210449580538467e-05    1.692721222899789058e-05    6.605700562003334396e-07    7.320226816816295667e-02
2.899997947816858073e+02    9.950730424999234547e-01    1.049835087967885194e-03    -2.415136041331575388e-04    6.698236881085545659e-04    2.401060338779699091e-05    1.568619673122016329e-05    5.731758982019852739e-07    1.062448710684559395e-06
2.900004361185615949e+02    1.000779125562416549e+00    -1.527560497851066434e-03    5.743584240265632873e-06    7.124466668463669414e-23    2.628145801946932416e-05    1.695426337185554122e-05    -2.183679915712359565e-07    8.267226974808138118e-02
2.900005196431175136e+02    1.000998172127157915e+00    1.705102591373978656e-03    -1.033030354757009055e-04    7.808527559084286627e-05    2.739046837244460568e-05    1.746242866361245245e-05    -4.660676217680141334e-07    8.181895778006843811e-02
2.900005288741912750e+02    9.986510778807694555e-01    1.075737526234202268e-02    9.812664812042500647e-05    1.220425946388147779e-03    2.781661977010776898e-05    1.685642666375018059e-05    1.744161243402888076e-07    7.564831193627720440e-02
2.899999406856383644e+02    1.000001226403641308e+00    2.193929272304581939e-03    9.666815149291879900e-05    5.579813705902576257e-28    2.556168979818131760e-05    1.633565369632153868e-05    -5.734587877060154165e-08    1.424259204526441453e-09
2.900010184553799490e+02    1.002841311227186338e+00    4.622651114403915351e-03    -1.069459011069855245e-04    4.805254268646013889e-15    2.563759413546298776e-05    1.524237829720651542e-05    -7.631941567970310387e-07    1.371778161666177831e-01
2.900001236237698095e+02    1.001203863930899551e+00    -4.503901047529162288e-03    3.569786982334813242e-04    2.128241388160915297e-28    2.739501703624995502e-05    1.633898150448896968e-05    -1.315172611099218606e-08    4.231250641127069778e-02
2.900001550042455847e+02    1.002336961985257346e+00    -1.081553321536174493e-03    -1.070152443336237759e-05    5.863793428610336267e-16    2.753049832078569668e-05    1.732713103251280095e-05    -4.628930266887325508e-07    1.859038049907759458e-09
2.899998074809188893e+02    9.995762032200705693e-01    -8.975353270009405610e-03    1.744729259001636746e-04    4.485579717751135933e-04    3.016652658764400584e-05    1.701717915745823380e-05    2.877536929955618337e-07    5.907948567050417548e-14
2.899998474650005278e+02    1.001006198805145964e+00    -8.653673056134113598e-03    2.376813046302973364e-04    4.899991711131151188e-27    2.633807446387907757e-05    1.701702968959213394e-05    1.159677527488686019e-07    3.331469611271564035e-08
2.900008721010402724e+02    9.983424334420107904e-01    -5.573505288318044218e-03    1.624591113370826986e-04    3.231582812026575092e-03    2.491070855033845837e-05    1.536192366432456832e-05    -8.229808577427660635e-07    7.461310875345215921e-02
2.900006167133112172e+02    1.000866748589150923e+00    -7.543213285562637774e-03    -2.930898230307413905e-04    3.254436926583645117e-22    2.798738319912836154e-05    1.669985406108709456e-05    -4.057536015552814781e-07    1.326096197970142720e-01
2.900004346672926090e+02    1.001275602995765901e+00    4.131385150419931290e-03    -6.615144718261985635e-05    6.756807971055033566e-04    2.866751184175624672e-05    1.679910793515192161e-05    -2.576330447358620855e-07    1.021451830095532028e-09
2.900003454841585722e+02    9.998785833852615879e-01    9.314125109207264247e-03    2.819727779319173601e-04    1.187591589765001685e-19    2.935869744745524333e-05    1.744348431488536500e-05    -8.344827189710041648e-07    2.333692993614152765e-08
2.899998596983683683e+02    9.977216933484507333e-01    3.600146371935703405e-03    4.423110249702969085e-04    1.175919029161907478e-28    2.510447353427247173e-05    1.526230056025297983e-05    6.218859951814888222e-07    1.026297705576715364e-09
2.900002787849039692e+02    9.987336377802515930e-01    -1.122017462592938457e-03    4.618647459760640098e-05    1.339233805366429582e-03    2.641864896378529488e-05    1.662701730373982313e-05    -3.777015885229781434e-07    8.102972432808697207e-12
2.900004683617164574e+02    1.000745163976240359e+00    9.787835240080235144e-03    -2.717459007677777987e-04    6.805192475353138959e-05    2.752052264396605659e-05    1.654075453296842792e-05    4.386844604773087174e-07    1.289275054751566341e-01
2.900001533691363989e+02    1.003118058223647635e+00    -4.745449156436353996e-03    -9.214630549981334855e-05    3.098614697201824122e-30    2.752438522877083518e-05    1.757986315553754944e-05    -7.801581750861545167e-08    3.024390510774424990e-03
2.900001181139030564e+02    1.001020090766187032e+00    3.672473971058004723e-03    -3.292128228888218668e-04    6.641254772521512156e-14    2.554283352498319657e-05    1.661984669156256939e-05    2.221564502404693835e-07    7.737550245011241834e-02
2.899999845383259185e+02    1.000460833443370445e+00    6.168197012613331649e-03    4.755384404757009571e-04    1.049823941345377808e-03    2.627305897044612812e-05    1.535390745173716653e-05    -5.124619375484822715e-07    5.588151746741177759e-13
2.900002446884881806e+02    9.995379967625760420e-01    1.895815418683972388e-03    -3.955127880568780043e-05    2.344747730354242418e-24    2.467304769216679744e-05    1.559599298080314203e-05    3.098921233124245583e-07    7.212689921691201218e-03
2.900000486931184582e+02    1.000141394163297948e+00    -8.696877868903317129e-04    -8.540504462203478593e-05    1.106513986625356629e-27    2.972638968651915387e-05    1.726160245939951639e-05    -2.127902558305967363e-07    6.092117359217064530e-12
2.900009718414580107e+02    1.001828088443914133e+00    2.481454491307043351e-03    2.173390323485270559e-05    1.324350126577251248e-03    2.570769362767433332e-05    1.732537612574865078e-05    1.329480804696728402e-06    1.702107955024959318e-01
2.900000313681263719e+02    9.986377450397986300e-01    3.819830266828199480e-03    4.212832389573743937e-04    9.057321586247022620e-04    2.826796685680952492e-05    1.605763059234588359e-05    -4.434976943240377681e-07    5.045376547292488901e-14
2.900002789730106088e+02    9.980371932970463211e-01    -3.479589089012819197e-03    7.131133418754699105e-04    1.815898910046448824e-03    2.541994134788600883e-05    1.594758449674693322e-05    -9.674517157412844025e-07    4.123738682748597908e-11
2.899997569799120924e+02    9.988754260388087447e-01    -4.404794437192155812e-03    5.871075568239787594e-04    1.071157889929357958e-26    2.475561972529905861e-05    1.616612846499414650e-05    8.924013091773950440e-08    1.143863691727927273e-11
2.900001056548460383e+02    9.969973432308598671e-01    5.919995357049880925e-03    4.276967046802925042e-04    3.509587674193005582e-22    2.352311429449734356e-05    1.600966984074842569e-05    -1.701504110583886151e-08    4.163286789945715161e-03
2.900006069938580140e+02    1.000470407394485894e+00    -8.789755137549308539e-03    6.578314175474536955e-05    4.950110646767847814e-23    2.656689797783220170e-05    1.701660878388651659e-05    -8.969130129017346755e-07    8.783867032269486452e-02
2.900003336986862337e+02    1.002230314843382430e+00    6.458254030991609530e-03    -3.430677891580126600e-04    3.126888347665494352e-04    2.577734809892109102e-05    1.636492661047719843e-05    -3.851041598833936096e-07    4.267343446666183732e-02
2.899997738571478862e+02    9.987989180181144899e-01    1.644183036725924401e-03    2.272088368565161696e-04    2.011025113903253201e-03    2.619069096428680246e-05    1.620599175197622895e-05    5.702838161803011080e-08    3.728725947978497304e-10
2.899999693562992320e+02    1.000787122534622542e+00    -5.878012234181041046e-04    2.818488222586780457e-04    7.252535386571104829e-04    2.487721552164522427e-05    1.515376831478670780e-05    -6.539664767680370139e-07    3.106177716483696469e-14
2.900003826456527918e+02    1.000257472071054199e+00    -2.080828313496974752e-03    2.837889671829446148e-04    4.969171119694365838e-04    2.721896244896614858e-05    1.628454565148335618e-05    -6.326916168251163620e-07    4.308635879370097121e-02
2.900005652348416447e+02    9.971306251851086433e-01    -1.389581992103834651e-02    -2.290871924457528257e-04    1.044961306861595229e-03    2.994677994440845308e-05    1.706659379824444010e-05    -1.714219693071313720e-07    9.096855550887850139e-02
2.899993498713330382e+02    9.986581070158601081e-01    -4.009181179462101979e-03    -1.174009620291181186e-04    6.355061755801168352e-04    2.828567245385912434e-05    1.753956519531427275e-05    8.130494361424213474e-07    3.174210189732276543e-11
2.900001848692899671e+02    9.990651276254299828e-01    9.855868447184860156e-04    -8.464694570554361918e-06    1.278108510234714527e-03    2.611705574995777201e-05    1.641316541868463000e-05    -7.435850432537995737e-07    1.317245813936236166e-02
2.900000798412295353e+02    1.000286892559735019e+00    4.124916163702838784e-03    -2.056644743199471579e-04    2.515914317426203440e-04    2.792900446144190021e-05    1.645046367917433753e-05    -5.891667132388030082e-07    1.674755967403197127e-02
2.900003317250669284e+02    1.000609127213106131e+00    -1.561224749211409654e-03    -1.842248713819706792e-04    1.300986745642464509e-03    2.664191666311555883e-05    1.727503630555135881e-05    -1.151283415276436584e-06    3.207854142875543347e-13
2.899998039457996697e+02    9.981910459690939152e-01    -4.813537131176197185e-03    4.495236119461769851e-05    3.186681827802703517e-23    2.422315752520930564e-05    1.535726624722088033e-05    -2.104154953291764759e-07    9.001084575485992508e-12
2.900001661714648549e+02    9.961143962845353528e-01    -4.072086277621135217e-03    3.640265028775205368e-05    2.701264199425573228e-24    2.770169636283150469e-05    1.706620092390137290e-05    8.805984194061625879e-08    1.927982509687706583e-02
2.899999062129041363e+02    1.004396942980786855e+00    1.753400357207506727e-02    1.675861431665130188e-04    1.575321258517057745e-24    2.787216748424154662e-05    1.594767694354654177e-05    8.212241437566378937e-07    3.407198223193649150e-02
2.900001220463062168e+02    1.000060144825088759e+00    7.195800695901591153e-03    -2.940915747166100908e-04    2.104197547284384837e-03    2.669742632373564415e-05    1.631042072248836377e-05    -3.050604150151742014e-07    3.130523065884730841e-10
2.900000063754595203e+02    1.000173269673604537e+00    7.159034347004190023e-03    1.946953407629166551e-04    3.902533909378589814e-04    2.513944476065346472e-05    1.581571764708918177e-05    1.045876977071187440e-07    2.392851619705152737e-03
2.900004613791169845e+02    1.000287952015022297e+00    2.974328558136477181e-03    1.547619628040136034e-04    1.356201749030975788e-05    2.871468888086795807e-05    1.680977230711277735e-05    2.921448086458742076e-07    5.722990196597572271e-02
2.900007477818116399e+02    9.999395140226526868e-01    -6.608404614373495885e-04    -8.264688932512427371e-04    1.598712827138165207e-25    2.568193193251727785e-05    1.639888001354873764e-05    4.240133698109831605e-08    1.157484749271265323e-01
2.900001015279353851e+02    1.000426456118264529e+00    4.799278775571521639e-03    -4.974837276274135764e-06    2.818075040223666196e-23    2.706720604173798255e-05    1.659565551530774473e-05    -4.989736489417764664e-07    5.236777759766803042e-03
2.899997513928955755e+02    9.981847258446657767e-01    -5.992537088575129040e-03    6.215286701037512317e-04    1.223100214053576427e-04    2.881184428655812857e-05    1.662277278969244836e-05    9.407209825571901686e-07    1.788283408950659898e-03
2.900001608418671140e+02    9.996435604277555953e-01    -2.331898138173873168e-03    -6.992881190769279550e-05    1.207613280936393514e-23    2.568176602914458664e-05    1.594337331671693533e-05    -4.848115923749766313e-07    8.576020332605656382e-02
2.899998340662186820e+02    1.000764355415052931e+00    7.163691510798943750e-03    -2.494233273053362903e-04    4.672140436247140972e-28    2.476462883554513401e-05    1.560187188154049133e-05    -9.904603782988182297e-10    1.568842074272088229e-08
