# f_r [MHz] A m phi D delta_r delta_ere delta_eim a
2.899999917746042684e+02    1.004081798863144304e+00    1.313139077037104403e-03    1.979036850172709403e-04    1.247503355850432575e-04    3.820401716125488867e-05    3.022619270393381896e-05    -3.503376654684667644e-07    2.300720602715981529e-08
2.900001190239360653e+02    9.983367226045425369e-01    -1.437044063593018173e-03    -8.808895441571513475e-05    8.088589315989788133e-04    4.079838132112068022e-05    3.013785720825990665e-05    6.412287755605328228e-07    3.447245236470227597e-02
2.899997371649407683e+02    9.984672995338075285e-01    1.053676024439045671e-02    1.226942463446310154e-04    1.794135819599078363e-03    3.827546687017387725e-05    2.941269388005977964e-05    7.647396202584650120e-07    8.870917772253393910e-03
2.899999906885225300e+02    9.988132370198293808e-01    1.670894611407331472e-03    -2.105325116827640945e-04    1.186309905134604991e-04    3.940566052337355886e-05    2.976729529596163818e-05    -2.635993638400731654e-07    1.925629400972163364e-11
2.899999010831757573e+02    9.989799492476856280e-01    6.920846074335149610e-03    3.026373733856136837e-04    3.461205900611732619e-04    4.065075279933638903e-05    2.917160315311738208e-05    1.567223507227731839e-06    1.197586342379737198e-02
2.900000994692197196e+02    9.977756645660424972e-01    8.801911234714288740e-03    2.571722215652452737e-04    1.179504458257632201e-03    3.871523974130283035e-05    2.901198385162476323e-05    1.787025658642719925e-07    1.294635936463188605e-03
2.900006092511108591e+02    9.969353288447486694e-01    -1.083440471418505328e-03    1.509281995185002344e-04    7.031728720979702737e-18    3.966674876906200136e-05    2.921929029929706841e-05    3.121875811668343272e-08    6.946861483276360605e-02
2.899997629505372174e+02    9.978094127071781561e-01    2.289488754739776866e-03    -2.122605904043048765e-04    4.138425537080302452e-05    3.785947901547522573e-05    2.896839466343217499e-05    6.471533252975188528e-07    3.741944738885392193e-03
2.900000618808530817e+02    1.003486756606126074e+00    2.685189345966015103e-03    4.959159617355325591e-04    2.545542642187076349e-13    3.764006413459441676e-05    2.807670379894349863e-05    -4.008278014381418081e-07    2.612636134808173083e-02
2.899996771578539096e+02    9.979310616871434059e-01    -8.608612417405559630e-03    6.098021109463836722e-05    4.719404968271511812e-05    3.837290671573555890e-05    2.817487912367283383e-05    5.497239954346040436e-07    2.505662287771704755e-14
2.900001550852421701e+02    1.000489370674808809e+00    1.004874039744157186e-03    3.402780705371288828e-04    6.630483324705976683e-04    4.152414690276801698e-05    2.977493420008568386e-05    -3.094063997129808540e-07    3.417016476233872366e-04
2.900000468500018087e+02    9.992535583305230951e-01    5.122559398311970699e-03    -2.729081617711284855e-04    1.460984024297378803e-03    4.061142843645265769e-05    2.923582657634768198e-05    1.434211546850238887e-06    1.908360982757669258e-02
2.899996584825925652e+02    9.964366948517850986e-01    -6.622435008369075048e-04    -3.979124637675318589e-04    1.089175240999260837e-04    3.713789551606000894e-05    2.880459611826462156e-05    7.657708628224514267e-07    2.343943140472595169e-10
2.899999083113293636e+02    1.002980566868306944e+00    6.612748166596922779e-03    3.797333894250330103e-04    6.668320777625307301e-09    3.991197173158367187e-05    2.982760946524437283e-05    4.942878281418261083e-07    5.521976738025561802e-13
2.900003550562336727e+02    1.000923856764781572e+00    -8.362875725750000544e-03    -4.106888091988280978e-04    2.123661739297178809e-03    3.897979729831098480e-05    2.931366931160165807e-05    -2.921987076565084011e-07    1.585042263156692666e-02
2.900004444390288540e+02    9.999625683503508000e-01    9.372275249650518364e-03    -1.042050332219388134e-04    1.348698114119328651e-15    3.886725504222560541e-05    2.867105999352083617e-05    5.222294594069412909e-07    3.403234362837795346e-02
2.900002874608784964e+02    9.996377650634242773e-01    -1.733557559688286539e-03    4.907732890468192337e-05    2.047930192564902281e-03    4.038490920681054609e-05    2.922276934915172018e-05    8.396586598546836089e-07    3.674412626557226752e-02
2.900003349695316501e+02    9.973746515673235224e-01    -8.090464488638916124e-03    -7.683868080441364292e-05    1.146520038519885246e-03    3.816779265336152913e-05    2.845503703544439083e-05    1.351646227719244668e-06    5.412708808609625888e-02
2.899997507226281641e+02    1.002191349912079366e+00    -2.190619322113141268e-03    -6.050654072380604476e-04    2.188842671770498474e-03    4.051614705654003721e-05    2.865109131126713845e-05    5.905889439501998929e-07    3.913159660537532045e-10
2.900004605913093201e+02    9.994134091155436606e-01    -9.075531081952617832e-03    -1.561487882927562625e-04    1.851390040807701903e-03    3.888259998443492871e-05    2.865098264825176821e-05    -8.985913086565104435e-07    1.315333103111385876e-02
2.900000783524597523e+02    9.969009050975118358e-01    7.401431809663086558e-03    8.758515623088363011e-06    2.616394510691602742e-12    3.762352459303544284e-05    2.758288145720129799e-05    -3.067453440988708359e-08    8.376871518947921793e-09
2.899999432124359373e+02    9.993157532517444874e-01    6.764637828496344873e-03    1.445387558524089463e-04    2.469700501936457370e-04    3.781275002271098089e-05    2.935550494620561252e-05    3.510997695362662698e-07    3.895882370549898915e-02
2.900000050990524301e+02    9.993891190858553708e-01    -4.282589690670867669e-05    3.450803878895142328e-04    4.162941566114428012e-23    3.770235471062977100e-05    2.777682888558189578e-05    9.022981197788721322e-08    3.663761058840207932e-09
2.900001682732434460e+02    9.984284819001523203e-01    -5.025336948020471626e-04    -2.431263632354395323e-04    2.273973269599590037e-04    3.948576521208914706e-05    2.903305247560574077e-05    -6.651144480817781655e-07    9.420270849493062818e-10
2.900000670594014878e+02    9.985036110704638146e-01    -5.686163535340125683e-03    -1.399222124694578327e-04    2.442601326852240023e-12    3.913141621121191398e-05    2.827475919596369840e-05    -1.628591759972440862e-06    1.692526670686750987e-10
2.900006141428342517e+02    9.994830351720970230e-01    5.900045818075589504e-03    2.129874980793371887e-07    8.252100957935797050e-11    3.485828085961031241e-05    2.678163135529494521e-05    -1.461649465733670591e-06    3.983822842151318877e-02
2.899999080059898802e+02    9.993394242777778880e-01    1.824666125410313172e-03    3.500199757966392621e-04    9.264632607710989246e-04    3.856911526252622456e-05    2.894218066930561174e-05    2.565894918370475438e-07    3.852105832941320754e-10
2.900005869144634403e+02    9.998339331048825551e-01    6.799756071936219684e-03    3.941617217009674569e-04    1.308504005910824232e-04    4.224216160222834360e-05    2.997681755139779516e-05    -1.535734567088338123e-07    2.974648629013558823e-02
2.900000911167275035e+02    1.001347377373199787e+00    -6.739974995995626390e-03    -2.051697954378420589e-04    8.127823510001416698e-04    3.812743578819214268e-05    2.884890482683324958e-05    -1.021979779458817778e-06    4.742793592091337358e-15
2.899997550470459942e+02    1.000394111224334193e+00    6.016158427265175896e-04    -1.796384661470645555e-04    3.396933646666114611e-13    4.129190859529446265e-05    3.058767241156989583e-05    1.999376539612871952e-06    1.186665702439191133e-08
2.900012582523134483e+02    1.001018517479734804e+00    1.825518905701997057e-03    2.785460276161850677e-04    1.619673451994856388e-14    3.811381546737103044e-05    2.684148864975715196e-05    -1.498239188915463224e-06    8.833670797470283276e-02
2.900001255639584770e+02    1.000714191106194306e+00    4.794832478775742750e-03    -8.763465092943385694e-05    6.271701405940203946e-04    3.835391294863285352e-05    2.872281995091143566e-05    9.894193749484979989e-08    1.630596423056008756e-02
2.900002228846907428e+02    9.997452330251134223e-01    -2.312069654575806248e-03    3.058781630470126735e-04    4.754168080199654698e-31    4.130652105885065565e-05    3.006718060115445235e-05    1.089634107629327658e-07    1.385777555378162659e-03
2.900003235890126234e+02    9.950039013613997119e-01    3.535471911538465035e-04    3.095582373826169065e-04    2.828355730897395433e-06    3.935711093193809028e-05    2.808911491361875282e-05    -5.323291423358743061e-07    2.417879398439845909e-02
2.900002545468988728e+02    9.954968012922876808e-01    -3.161742384869601404e-03    1.306357949871100085e-04    5.190135480100761464e-04    3.785100156122601619e-05    2.861506361710807494e-05    -7.906572223101801253e-07    2.913985431669715658e-11
2.900003555909866009e+02    9.994302024986052579e-01    -4.766920173163011719e-03    8.364889299296739600e-05    5.180443348042969029e-15    4.025394912464536204e-05    2.914187343397050929e-05    9.612715701359504906e-07    6.617449590116634972e-02
2.900002235342280983e+02    1.002084824691495513e+00    2.303176290317411265e-03    -1.773739857473346810e-04    1.225269088590331002e-03    3.991242544101844704e-05    2.821138896592820019e-05    2.090113485348945528e-08    1.156853683420233062e-09
2.900001824090485911e+02    1.001527175668712299e+00    -3.401966723959354896e-03    1.126728969371309261e-04    1.467350389592534330e-13    3.794308288280895256e-05    2.823852220315643862e-05    -1.433412978919152693e-06    5.662666155719749893e-10
2.900001012272010712e+02    1.001260132196741814e+00    7.637845980482684503e-03    -1.174054423683125589e-04    1.432272075010074540e-11    3.983217043719988347e-05    2.944581091788927522e-05    -6.333921372445068653e-07    2.679004514921236591e-09
2.900004121035471485e+02    1.006770002931701269e+00    -3.563610339699076635e-03    -1.729503472227172695e-04    3.436208820342851664e-15    4.095113140279474747e-05    2.922165572961567004e-05    -1.351174406119987501e-06    2.502102047586364855e-02
2.900000981729822342e+02    9.982035792779907490e-01    4.889178390595573347e-03    5.461352942115045529e-04    2.262157170362929322e-04    3.844926174819022433e-05    2.893612573215206823e-05    -1.908278033003441121e-07    2.453110569038352779e-13
2.900004222203455697e+02    9.989880644951792954e-01    -6.207662920720151238e-03    -7.837393938235734554e-04    3.051786049040813404e-13    4.007164944616936527e-05    3.007553887158253796e-05    -8.888772625419773897e-07    3.737559044278056873e-09
2.900000416522638034e+02    9.994656876385314970e-01    1.161653059610765967e-02    -6.495355248223160525e-04    2.716055306808782352e-11    4.014868141497528344e-05    3.021981177678526758e-05    6.730376116293904913e-07    6.061108526597657614e-02
2.899998552982282831e+02    1.003885505781098697e+00    -1.507581217708158471e-02    2.820559496899633571e-04    3.540807752500051402e-04    3.869605382026839526e-05    2.801174997199979273e-05    -2.184486073447604123e-07    3.578849157261992323e-03
2.900011885152542277e+02    9.978525093604581064e-01    -8.861796939984914467e-03    3.821179629234536614e-04    7.677002637625435812e-15    3.926241135221345235e-05    2.975559621882886390e-05    -8.208077031443441898e-07    7.346170344825678211e-02
2.900000225030026968e+02    9.977601005081186969e-01    -5.568652756829552478e-03    1.174592562682403674e-04    7.549510477256256371e-17    3.755027330997954524e-05    2.771746690511038859e-05    -1.164064536416437289e-06    1.344144779365531446e-11
2.899998274941096383e+02    1.004743027394290555e+00    5.242031671842908858e-03    -5.344849841350127412e-04    2.149395144105420944e-11    4.026551249726641478e-05    3.034678327001880859e-05    3.036976992177335422e-07    1.772642616596545806e-10
2.900002240621889769e+02    9.967496729980401815e-01    -1.190301639587625603e-02    -9.245957982047749613e-05    4.061686959678128313e-04    3.947624584468757708e-05    2.947081270197078465e-05    -2.077302650260928583e-06    1.391789937066903937e-13
2.900006733258018699e+02    9.997593616643707382e-01    1.005883254894909601e-03    2.157938884971552561e-04    4.966090493386456518e-04    3.815158806007481866e-05    2.878064527903815526e-05    1.148554764615557551e-07    9.150789541298157137e-02
2.900004263294694624e+02    9.996274061035210767e-01    -1.201442367677709941e-02    -7.715890540264066003e-05    1.001990825732925524e-03    3.794951028494066421e-05    2.925920726060118060e-05    -6.629298482661846553e-07    2.584584364166352122e-02
2.899996828915084279e+02    9.986354975764162312e-01    -3.288351841064476432e-03    2.212490758810503602e-05    3.804202450067414778e-04    3.803620877272837993e-05    2.786163069924450523e-05    1.454020323877486389e-08    6.493114565923947812e-03
2.899999263667714899e+02    9.987595191124936100e-01    1.672415580393751735e-04    1.135885656990874872e-06    8.451126810240932625e-17    3.783913245715776524e-05    2.835135289862921352e-05    4.255674820814486134e-07    5.231846695599206475e-09
2.900002246756768614e+02    1.000185181203616658e+00    -1.626178710230231916e-02    -1.218734843967343294e-04    1.932740460102816818e-15    3.948530276857188388e-05    2.980775721432119774e-05    7.337566108835858189e-07    6.080764278611031030e-10
2.900000791171094079e+02    1.001463808280600443e+00    -2.304374115551661160e-04    -1.222307200582646350e-05    2.422999629351744152e-13    3.944364289956435633e-05    2.857183424794979584e-05    -7.368790810037174354e-07    9.592895381464662530e-03
2.900000976778089807e+02    1.001421260490409360e+00    -6.037533745654344135e-03    -7.346646815744093230e-05    3.366708778010295637e-17    4.057123199311897841e-05    2.911735133426189068e-05    -3.658930159343478374e-07    4.146325300619497362e-03
2.900005024922030543e+02    9.987797714734243382e-01    3.214388647931056778e-03    -6.533490512355409109e-05    1.372308097393276821e-05    3.949005517111312381e-05    2.964657264774809233e-05    1.966655226015123564e-07    6.945760696054677219e-02
2.900003392738303205e+02    9.990857272736511918e-01    1.073544219706063082e-03    -2.841577778148943038e-04    9.547943565404911617e-04    3.901659010443738813e-05    2.958899402061791124e-05    -1.358312996465298922e-07    2.013309055349748566e-07
2.900006313682003452e+02    1.002996569290977913e+00    2.736326964703656231e-03    -5.140309864223147713e-05    9.735961711810783891e-17    3.958272658818428046e-05    2.957136110484471107e-05    2.630703034954933364e-07    7.534148926783683364e-02
2.900006601490869684e+02    1.003638255080623765e+00    1.685529220243184214e-03    -2.938330035359407362e-05    2.035447528574766112e-03    4.015388235710843934e-05    2.934072822517537599e-05    -1.279212936703579117e-06    5.150236185190352339e-02
2.899999457821936630e+02    1.001409969664860400e+00    1.041408837022470002e-02    3.028093961652212002e-04    4.149977587720936664e-12    3.752902053656262312e-05    2.781185599461181686e-05    -1.056572855185730050e-07    1.198354925768374297e-10
2.899997186712924986e+02    1.000265711822957870e+00    -2.944682197622490536e-03    9.095331840084340536e-05    4.750580869170145919e-04    3.839501419713028187e-05    2.910900593238402464e-05    -3.452777058617026762e-08    3.085372860380145314e-11
2.900000733213652211e+02    9.995799730715250186e-01    -6.777536994842087853e-03    4.195208584477278554e-05    1.732972055446575598e-14    3.848902189571168787e-05    2.916378551568380150e-05    5.075319734741714289e-07    3.707493851083113606e-02
2.899998700818315456e+02    9.995945144055056186e-01    -8.590677470379841319e-05    1.978386273566040156e-04    8.489004599296237717e-04    3.924204510622358074e-05    2.914218456974483978e-05    5.790363679038229914e-07    1.766308777655757134e-13
2.900000327771072079e+02    1.000304777547800672e+00    4.768078052832303883e-03    1.801441685824156885e-04    1.512083950939469586e-13    3.987666697188860308e-05    3.017065466191976809e-05    1.437634233011106288e-06    1.492778270634664081e-09
2.900007964742057993e+02    9.978489383516769839e-01    5.257386986675705726e-03    -2.631656960805025831e-04    1.340741545917577206e-09    3.866516523877396776e-05    2.865333739775869989e-05    -6.039594124688174906e-07    6.851409991238500974e-02
2.900002091625054845e+02    1.000141094007125364e+00    -1.264747402258342831e-03    -4.398742918865316924e-04    4.815858605329047737e-09    3.580106973459994905e-05    2.707138769274287452e-05    -1.198962544624899140e-07    1.057974501033047426e-08
2.899999197764051928e+02    1.003580575692843757e+00    -1.052330686860892921e-02    -7.446937074163978876e-05    1.453648052748342781e-13    3.868149786907021430e-05    2.898783404695713848e-05    1.346895812746671003e-06    2.873824876363673467e-02
2.900008876273299734e+02    9.990878943266121581e-01    -7.730140558383859911e-03    3.003091550810758911e-05    9.088655213455294573e-05    3.907242331627855012e-05    2.930707375159067961e-05    -1.161926428436379452e-07    9.401311720478162937e-02
2.900001318671356785e+02    1.001350055107984582e+00    -3.206715005174407516e-03    2.966177574228649836e-04    3.037480721327268812e-04    3.892731036756521407e-05    2.886665604744938191e-05    -3.254094512395148916e-07    2.184390792245366128e-02
2.899999072962442028e+02    1.001850303659295394e+00    -3.514240170939608460e-03    5.744200141404783044e-05    2.417184658069929135e-10    3.952381603215622996e-05    2.950534910084060824e-05    -2.176992297445032945e-07    2.361854943164060615e-04
2.900005408925301822e+02    1.001265957249919847e+00    7.087795082519207646e-03    1.504495687287829900e-04    7.346045765072953823e-04    4.129543079044834078e-05    2.985128024998381246e-05    -1.120372824563431910e-06    1.222953876911000830e-10
2.900002746780204461e+02    9.997355255026614262e-01    2.373173655971399718e-03    -1.147961198199648258e-04    4.301113104984153447e-33    3.851098540231976216e-05    2.932932327231071144e-05    -1.954876623316524961e-07    2.506722953088829850e-02
2.900007517769541892e+02    1.000297624610055669e+00    -2.768338823958342489e-03    -3.139989893463779590e-05    1.391685890785975538e-16    3.997483913362792678e-05    2.906810215304812594e-05    -1.537842133074856133e-07    8.837694452233461895e-02
2.900001867440848855e+02    9.998858773072819561e-01    1.905941580114910291e-04    3.260256512458561485e-04    5.720880124669350184e-25    3.915218734245213281e-05    2.903473758033310711e-05    8.084834923790296800e-07    1.194797228143373543e-06
2.900000806714364217e+02    1.000073664822741959e+00    3.286048689113148669e-03    2.265462183705456813e-04    8.756616585789365201e-04    3.756967848454645815e-05    2.859282190828658462e-05    -4.276906977717304749e-07    2.148430411932676296e-02
2.899999589488427887e+02    9.983875083306041898e-01    7.587315135511548021e-03    1.258999850771651383e-04    1.117431686771625790e-03    3.817662426300527716e-05    2.764003553144262203e-05    4.568601377861762737e-07    5.358070195575385941e-02
2.900000062206913753e+02    1.001066778727314421e+00    5.151759828514387851e-03    -9.944954012267365391e-05    9.744764630755072465e-04    3.755452278698709454e-05    2.850197352638050914e-05    -2.551377235955274171e-07    2.323865455976074652e-12
2.899999524714660311e+02    1.000980528365851718e+00    3.036936297889934570e-03    1.492319368987533434e-04    6.763555509715777655e-13    3.780558849096822446e-05    2.884956449485949115e-05    -1.480369300363218331e-07    3.930571427563718967e-09
2.900004512209220024e+02    1.002410014703838614e+00    2.478616470177861814e-03    1.881576428671254944e-04    3.070324458114924828e-04    3.925326343907699524e-05    2.913057333259687327e-05    -1.989232549383890751e-06    1.685098455336314831e-11
2.899999059346066588e+02    1.000509044138230719e+00    -1.185049882286746568e-03    -7.014282114267383472e-04    1.794987531219308617e-03    3.976681048321773507e-05    2.841817063743522350e-05    4.799240546400160442e-07    6.495779530667747190e-15
2.900000144743580108e+02    9.979600093087419577e-01    -8.676468376045434056e-03    1.626930628045817348e-04    4.093987174149116292e-17    3.911431849860080303e-05    2.864763123777482135e-05    2.549848634006206264e-07    5.674957393664353290e-03
2.900001279401725469e+02    9.976301665216492642e-01    9.189689304522092456e-03    -9.549594971629895716e-06    1.524334901295980793e-03    3.858687886611824073e-05    2.787527032592587603e-05    -6.004553929305261280e-07    1.069437274947812700e-10
2.900009602400357380e+02    1.000677109457093206e+00    -1.037190581441721710e-03    -2.330243734164318332e-04    4.966321650398666451e-04    3.933956946726660671e-05    2.893673664461113323e-05    5.448653689923111816e-07    1.182607069245575765e-01
2.900004550115004349e+02    1.001485266645965488e+00    9.924240664948543247e-04    2.445557497789152703e-05    7.294044189937073086e-16    3.840989570861318045e-05    2.902036129232155720e-05    -6.780379792179283718e-07    1.965733608973242364e-12
2.900010345074512657e+02    9.991405852802275334e-01    -7.621331864445465148e-03    -5.752918855543636897e-04    1.980011537872773935e-03    3.838859417761408523e-05    2.904182678545988425e-05    6.581805064199196713e-07    1.232827038755141963e-01
2.900004624706178333e+02    1.000914773989674655e+00    -5.909616526859632658e-03    -6.418087196383708449e-05    1.921536361503556979e-14    4.035690301948201665e-05    2.946057832436697129e-05    5.473715317185084350e-08    6.672395137038190926e-02
2.900001608858045188e+02    9.979956552757542898e-01    8.531122768417751662e-03    4.036251314551156312e-04    7.978470236321953419e-04    4.140745659894377921e-05    2.908094830747403321e-05    7.474702822924456685e-08    2.726487050479539480e-03
2.900002175573790169e+02    9.995330327775187040e-01    -2.433751870789645309e-03    -3.348954001418827744e-05    8.075652699994575762e-04    3.702332118502286751e-05    2.737180711567097535e-05    2.501516381986459676e-07    4.298098834787631578e-02
2.899997988495998698e+02    9.972605940852983242e-01    -2.798564527953285169e-03    -3.365646696914741760e-04    1.536536252116339948e-24    3.599019057279210441e-05    2.781764482051962657e-05    7.762363520020305726e-07    6.408706626300694415e-09
2.900000180002402317e+02    9.952279595343302976e-01    2.067376532910374792e-03    -4.799409936011675318e-04    1.938628438416925342e-04    3.811359392035327246e-05    2.801741797204576774e-05    -2.316054273536342194e-07    3.426678267630150349e-02
2.900000890802313052e+02    9.985188120430427139e-01    -4.233110131135253695e-03    -1.764609852275600182e-04    1.044849488482017894e-03    3.976374846334175859e-05    2.908612739746404047e-05    -7.993624942413121957e-07    7.482583890551340470e-13
2.900000144620684068e+02    9.976752033065979797e-01    -2.424714214897070313e-03    3.373026569429072902e-04    1.849742422072544338e-13    3.744920428713757391e-05    2.889946880859296834e-05    -3.167723817041787280e-07    2.453486321216634056e-02
2.900001457716374489e+02    9.996955890455885285e-01    -6.822669605015167262e-03    3.436528570536310362e-04    8.884896235059302311e-12    3.855881490042630520e-05    2.928304524345259400e-05    -3.259086789987012972e-07    1.196738045090661728e-02
2.900003095750553257e+02    1.001045341108054654e+00    -1.049791483381582596e-02    1.755899068520007215e-04    1.154189880120815574e-21    3.906964324383020465e-05    2.858061777014469555e-05    -5.830278022558805215e-07    4.239117642050884697e-11
2.900004563472202221e+02    1.000619842695763095e+00    -8.046070327224673358e-03    -1.785045804368883156e-04    1.579393183358596218e-03    3.999973852013293424e-05    2.877588417522165660e-05    -5.068344248876581299e-07    2.561942353133928735e-02
2.900000923261833918e+02    1.002682813855287458e+00    3.772330606073738459e-03    2.194553618440231609e-04    1.478970010906062254e-14    3.950912764265692589e-05    2.909713825974773234e-05    -1.213488087471140840e-07    1.794606146407352646e-10
2.900002704525190893e+02    1.002921790734754737e+00    -7.809360953425350063e-05    6.627478599965645105e-04    8.528407189788881444e-04    3.790977015331312481e-05    2.840835882684115805e-05    -1.102066615745049040e-07    2.898726700233411266e-02
2.900001088071635422e+02    1.002224462320678189e+00    -1.987949199721726276e-04    3.573338026333556144e-05    1.864716428623484173e-21    3.865752087535386839e-05    2.836306655694301765e-05    -8.816871712115028140e-08    3.044833137047722133e-11
2.899997672094784775e+02    9.984560609091799321e-01    -7.259079568844130533e-03    2.147330844284502528e-04    1.149145415465022482e-03    3.867971528895316319e-05    2.925147519692429890e-05    1.842284951655338979e-07    1.442250559935762881e-13
2.900002148176240553e+02    1.000604518433920953e+00    -1.527409477282905270e-02    4.209640461777189465e-04    2.315899791976183009e-15    4.085738687513991403e-05    2.915780949453145355e-05    -6.228658032644748548e-07    1.978562838867522870e-03
2.900008790560186753e+02    1.003784646725708107e+00    3.961030759092179672e-03    -2.342651599978294325e-04    8.647196253388562308e-04    3.849342579985678471e-05    2.866816984785046916e-05    -8.092582893188914096e-07    6.454573172026842331e-02
