# f_r [MHz] A m phi D delta_r delta_ere delta_eim a
2.900000600660807777e+02    9.993248904760974050e-01    -5.256624301976689853e-03    -5.340188947166155293e-05    1.083712487291918101e-03    1.974359450676998887e-05    1.045074262338668905e-05    -4.371803619108200211e-07    4.099200444954632060e-03
2.900001845290282176e+02    1.001378779824666276e+00    -1.028635971886052627e-05    1.996291357871160575e-04    3.386449783313278750e-04    2.361503308873087574e-05    1.103422986889216338e-05    -7.419852197241057127e-07    2.502337101303145063e-13
2.900005223002187904e+02    1.000432758329691474e+00    1.297311389011359143e-03    -3.122423219011523907e-04    4.376931164380828298e-18    1.765088780295237194e-05    9.796816955823837525e-06    5.726182496527406913e-07    9.892045513159551662e-02
2.900001168201994233e+02    1.000349689493558625e+00    -2.755639262164551184e-03    -3.302555927418589611e-04    3.433962380415764033e-04    2.005507644549792880e-05    1.072407394631856029e-05    3.819327553790679639e-07    1.677508294112668349e-09
2.899998016344519556e+02    9.996459457126144477e-01    7.128507677943711658e-04    6.924355729867801815e-05    1.378664362166000835e-18    1.834745128863114161e-05    9.771305213574727212e-06    3.425591727569106855e-07    1.243864394915735234e-10
2.900003178798803560e+02    1.001044571022001284e+00    6.849912694122494393e-03    -3.541383563060454217e-04    3.347920969123935721e-04    1.815832523117377729e-05    1.054628122086289977e-05    -5.040503812623866363e-07    2.661458147512184265e-11
2.900000616195858356e+02    9.991362439822103481e-01    -1.423099147046686828e-03    8.462664097133315176e-05    1.148688854554314820e-03    2.068750649035798594e-05    1.119579862425502861e-05    -3.627974486482320381e-07    1.763685786398104267e-11
2.900006446349681823e+02    9.990132840685663762e-01    -5.002594504347914091e-03    2.668660503342059221e-04    5.304176481026289389e-28    1.945337966220864548e-05    1.065351449767721566e-05    6.070219191862870742e-07    1.638088048798298224e-01
2.899999626604847549e+02    1.002099234986256970e+00    7.738568619484147496e-03    2.549132206392444545e-04    9.977788341294041661e-04    2.377216749168824554e-05    1.137078513252823039e-05    1.447449278303028190e-07    2.325283089628047868e-12
2.900000040948563083e+02    9.991215760939952117e-01    3.652561313511066415e-03    1.801043202916046218e-04    3.180394673083433298e-04    1.963066111549326584e-05    1.060842533735167776e-05    1.397173085999405840e-07    4.978237384063630936e-05
2.900006479624428266e+02    1.002908946048782113e+00    -1.268660156824436003e-02    -4.293794503811783391e-04    4.781985387573859340e-20    2.330802538525961342e-05    1.146446287511922602e-05    4.960780049145004366e-07    1.980113462138735347e-01
2.900003105445476308e+02    9.988835238788189574e-01    8.894002702728063051e-03    2.384292790868814435e-04    2.069951614746086747e-20    1.876038504509774151e-05    1.035643543778882841e-05    2.893143312253540971e-07    9.264651563589572782e-10
2.900003129779551045e+02    9.980390140736670190e-01    -6.988717204010158569e-04    -8.145359283529949484e-05    2.584824213745492982e-03    1.840893491412813011e-05    1.050970054243457364e-05    -6.905639336701721873e-07    3.150903496902923706e-02
2.899999107734602148e+02    1.002270117542755745e+00    3.455576757043125153e-04    -3.553667356437543805e-04    4.841999306207849050e-05    2.194400795578448427e-05    1.167528793304234742e-05    6.265561747930449845e-07    1.053143944416582112e-11
2.900004223211388990e+02    9.976202934038033154e-01    4.862948989229180091e-03    1.899747113409216666e-04    4.226917970689891488e-04    2.370520246130693677e-05    1.111410157661472466e-05    3.532854042223977248e-07    8.109294661155591610e-02
2.900003840297782176e+02    9.986709789435805895e-01    1.277916509189104544e-03    -2.578318981153439001e-04    7.848878901574893405e-04    1.961411893234723568e-05    1.084156272400227469e-05    -7.034326238693069280e-07    9.334715045458559931e-14
2.900003435318791958e+02    9.977469504055657135e-01    1.588675781203157181e-03    -2.729487910879234871e-06    5.298829204678543390e-21    1.982426598027418110e-05    1.005152128874174205e-05    -1.313308119372306243e-06    1.540019623238016898e-09
2.900003088921216658e+02    1.000355409938867846e+00    1.468286629580277522e-03    1.944671712858706393e-04    7.255697515086482851e-25    2.314869075135544634e-05    1.134052344981433825e-05    -6.146354840225186685e-07    2.279536706441598337e-02
2.900004374061267640e+02    9.974585252497489840e-01    -5.432109878498542210e-03    -6.132342815128167916e-04    2.208479172241289599e-04    1.785241305812079293e-05    1.015357907347527302e-05    -6.222041902363429497e-07    3.533238425214632605e-02
2.900000808695746173e+02    1.001989688532274103e+00    5.127197112322625164e-03    -5.528632177169476422e-05    6.495850094626771800e-26    1.979949560122918207e-05    1.069118113367796716e-05    3.243404333258305331e-07    6.288629140833176812e-02
2.899998448889538167e+02    9.973048129474235690e-01    -4.052789030487558009e-03    2.091019626137955074e-04    1.985940820956530882e-28    2.005410010927873425e-05    1.095627798030367887e-05    5.001673711421031876e-08    2.336352242055641376e-02
2.900005452197427189e+02    1.000913954282740326e+00    -2.724714438536008330e-03    2.497691397993666361e-04    7.278909006112731461e-24    2.266481797411556029e-05    1.138736266625702231e-05    -2.228192040332364119e-07    7.322876097700221909e-02
2.899998367550651892e+02    1.001554737603977063e+00    -3.596640117838846660e-03    -1.958240489930117290e-04    5.537637401611463008e-37    2.161037872394323283e-05    1.047052175475692377e-05    1.002042368891453848e-07    6.754960961235617319e-09
2.899999874883845337e+02    1.002784665123891639e+00    -2.744523531712450776e-04    -4.231303043364771578e-04    8.609847896985402961e-22    2.204819869684134895e-05    1.019218926958975722e-05    -2.227841282079524444e-07    9.788835552550659920e-09
2.900006828933431393e+02    1.001572347656751294e+00    -6.190332318242833774e-03    -6.857182168819648442e-04    9.193110067442861405e-04    2.007452229613356632e-05    1.044482560049457581e-05    -1.864460737543553146e-08    1.198925502516962893e-01
2.900002125044733248e+02    9.988508244212123133e-01    -5.086279713244860716e-03    -4.122969948285643054e-05    6.537859974666219644e-24    1.895491142845278225e-05    9.840223500154151893e-06    1.437003827673093384e-07    6.137543769789638795e-11
2.900003006546331221e+02    1.001428899144898743e+00    6.340567335855833674e-03    1.327260327240638315e-04    3.000859062657170503e-04    2.233145934220016456e-05    1.121835580825700147e-05    -1.914439491340902957e-07    2.683470602588789930e-02
2.900002423246154422e+02    9.974792769402613946e-01    5.991495956975709074e-03    -2.544318334979941520e-04    6.752845452909550095e-14    2.143727834885148024e-05    1.024799595853230761e-05    -8.660802889238328119e-07    3.810472244397695827e-10
2.899999928713088480e+02    9.986192688032263787e-01    -1.930960594781924028e-03    8.703207260034804529e-05    1.363362177268898589e-34    2.132483356216125891e-05    1.164188968121249984e-05    9.224620259697355726e-07    3.371546231666801958e-05
2.900001344419129623e+02    9.984659953950072442e-01    1.234579512062151062e-04    5.061725819551058547e-05    5.926131557974292918e-04    1.986587549091936157e-05    1.032995078498585865e-05    -1.433643599920430202e-07    4.570650378765998487e-11
2.900004683797193366e+02    1.004805232951116567e+00    -2.880495655119081656e-03    1.004199363677999362e-04    1.100437462094796157e-33    2.259596219965051192e-05    1.149215096685525262e-05    -4.048125632744990951e-07    8.220206673782337603e-02
2.899996749680718722e+02    1.000631603780245404e+00    -7.544857653336765196e-03    -3.586318346012353333e-04    5.373020377781279836e-04    2.216155588475085848e-05    1.100639330284048182e-05    1.307729451777045147e-06    2.546303008683172051e-12
2.900001551558497113e+02    9.981319697255438550e-01    2.875438433120635837e-03    -1.812681107670849302e-04    3.313708268686154012e-20    2.141015720728446913e-05    1.097639870403120894e-05    5.430218490830738003e-07    8.553114667516158176e-02
2.899998357495258006e+02    9.979346665911230652e-01    1.899258572468766695e-04    -8.792598020920713289e-05    2.220152695448845081e-04    2.083981799191507645e-05    1.046757987001544351e-05    2.257286632486880173e-07    3.735332258410932174e-11
2.899998747980827147e+02    1.001723670562248092e+00    1.110302357554435529e-02    2.314636316132398757e-04    2.032713751778664371e-17    1.743453281004986728e-05    9.585514879460654884e-06    1.775743592907931650e-07    2.627522253421762065e-03
2.899995344723773769e+02    1.000665910426885796e+00    8.886058520042363837e-03    -1.450383781677766102e-04    6.459574323011975068e-04    2.014029549985114104e-05    1.038403663242284131e-05    1.090772782996125939e-06    1.033012087178295787e-09
2.900000646824930186e+02    9.959886203763239632e-01    -1.400659481563586162e-02    3.113360345709415976e-04    5.019867985441028597e-04    2.251830450253846611e-05    1.065253092953527139e-05    -3.748110173901199125e-07    7.580557269267460605e-10
2.900003038874867798e+02    1.002378911564801856e+00    -1.126410720733451824e-02    -2.041276071140429502e-04    4.820854951073306598e-22    1.777264779081557227e-05    1.008128864913811566e-05    -1.253005588999207979e-06    5.571771891310459671e-12
2.900006993782050131e+02    9.983883633964371063e-01    5.105751945493379289e-03    -6.230713910176042256e-05    2.246484262544935975e-22    2.142033413461340863e-05    1.093502133054741494e-05    -7.668841597029183325e-08    1.364229203355646902e-01
2.899995519935542347e+02    1.000113106602503965e+00    5.964551755490448207e-03    3.518505274652625626e-04    7.686950759885481481e-04    1.898494738729251369e-05    1.101294955263881638e-05    1.359678881463956818e-06    5.165453397310024397e-09
2.899998374524095652e+02    1.001438757686004655e+00    -5.824360842615040890e-03    7.437304944356936233e-04    1.015124341563795971e-03    2.308396651689692113e-05    1.176324291872428212e-05    4.731494789796477977e-07    8.524462485965498812e-13
2.899999629806139296e+02    1.003091087779968360e+00    2.266160806310544510e-03    6.799747005514757353e-04    3.337772479779535463e-04    2.177124918511615367e-05    1.109733720076826638e-05    -4.617923434957573563e-07    4.890672764008566381e-12
2.899999331566480691e+02    1.000795292235506340e+00    -2.928099835672093136e-03    9.704797820276682928e-05    1.580242461702108380e-19    2.197847162713032642e-05    1.184532008977382329e-05    4.347728130607767793e-08    8.664103129384475032e-11
2.899998853915940913e+02    9.981905184666951536e-01    1.029509352829777527e-02    5.437990023432262825e-04    2.610102774782024168e-17    1.685061759997187890e-05    9.510452652533804845e-06    8.209998284930560433e-08    2.730197834291823292e-09
2.900002381994646043e+02    9.974005868596291791e-01    6.084649479171275709e-04    2.121557058436857230e-04    1.435023196478044773e-27    1.920253220368193562e-05    9.725490220474649299e-06    -2.179378162745331158e-07    2.323575006574280974e-08
2.900005172112281002e+02    9.967184868927710939e-01    1.256310620097667551e-02    -4.909834386916706213e-04    1.542980930138542392e-23    2.142594613734621296e-05    1.035122059545122922e-05    -1.211015816465615193e-06    4.274685254449885063e-02
2.900003757580769843e+02    9.998420650253878605e-01    2.823000533308518429e-03    -2.050274531930397503e-04    2.753404154151438670e-03    2.163261426724209511e-05    1.051392551253607153e-05    -3.419111809787431441e-07    3.243295153552856053e-02
2.900007163464451878e+02    9.983766102745560422e-01    -1.146776307623886999e-02    -1.734325136385917582e-04    2.698832810102598907e-25    1.905529869571390090e-05    9.492165824358977699e-06    -2.394826788295826369e-07    1.888133854566911574e-01
2.900000674283258491e+02    9.981971248010516051e-01    7.131816650601172786e-03    -1.529289656711230454e-04    7.956023829096834157e-05    2.112815454369076676e-05    1.068210377213654287e-05    3.845381985615238187e-07    5.372273874855512665e-02
2.900002498277956420e+02    1.000861193841771746e+00    2.212801066942321829e-03    -7.294374099394237585e-05    5.667650850383596823e-31    2.047384331562944804e-05    1.111069571855244179e-05    -8.570221719917342006e-07    5.049777303438218275e-10
2.900003353617470339e+02    9.984821902181709730e-01    4.542294600836821808e-03    -6.918100417954919045e-05    5.685114985362359155e-26    2.310319680630439632e-05    1.094381834183396035e-05    -8.405408232096268924e-07    5.590812741945189094e-12
2.900004889701496040e+02    1.000224270671845161e+00    -2.648572831536930537e-03    -5.713826199280465585e-04    1.404251529100980668e-23    2.148730845826840109e-05    1.073663068476605296e-05    -2.492885114341421605e-07    7.442724066382831738e-02
2.899999625833504524e+02    1.003988163005509637e+00    5.724121026769301603e-03    -6.254716295088156826e-04    7.707177472666814730e-34    1.748920809700999946e-05    9.612256160554304781e-06    4.661595501595750205e-07    1.388970080365097698e-02
2.899998920245478757e+02    1.001624042842175433e+00    -2.196349586637765493e-03    -1.974389423803092343e-04    6.945465844405094319e-26    1.778107469843116456e-05    1.024081684493490835e-05    5.829252967139225951e-07    1.237985960398598875e-10
2.900005069463093150e+02    1.000110766457949385e+00    5.785127673518184084e-03    -2.682203163064686782e-05    1.612270514234367177e-03    2.022723530477862341e-05    1.081287752497598911e-05    -3.596870111868140928e-07    1.053820712949689875e-01
2.900003208663313785e+02    1.000002808858680758e+00    5.579387856741021764e-04    -3.257527919202518217e-04    4.692417565300609675e-20    2.055448555632194622e-05    1.079069490718087555e-05    -9.522697197214189435e-07    2.124671543364262355e-10
2.899999859877705717e+02    9.998407404551591382e-01    -1.328161958119406134e-02    -1.450994588719144932e-04    1.080997648402584831e-26    2.309356696259573486e-05    1.115424434186197512e-05    -8.929079761089455461e-08    1.818624774955033164e-08
2.900003079167187821e+02    1.004294284531779713e+00    1.287037566155294077e-02    -3.200152168399944650e-04    1.174716034764760209e-03    2.097416831763117425e-05    1.061204596128785183e-05    -1.174140033178522958e-07    1.732360305927535836e-09
2.900010671014180161e+02    1.000650357483225728e+00    1.002301072413592023e-02    -2.239807045078139644e-04    1.000095879310205702e-03    2.066571296436598451e-05    9.684725040317161311e-06    3.633303752174316589e-07    2.940675683630238346e-01
2.899998614839533388e+02    9.969871110314532103e-01    -3.999928481142148509e-03    -5.070457875643660935e-05    1.050538698239045270e-34    1.911652963643068850e-05    1.014425520131814137e-05    2.332861264022543278e-07    5.638408469829509742e-08
2.900002437694932951e+02    1.001537025760355748e+00    3.410892798070393195e-03    4.376544016440485265e-04    1.884864271351146416e-30    1.940313715456939639e-05    1.051288395883064477e-05    -2.355919741513625059e-07    5.046964561834049734e-02
2.900007840692402397e+02    9.972432906525142693e-01    9.990387324089916241e-03    -2.217850189557990937e-04    2.079800252945922375e-04    2.057523641579722277e-05    1.041670710483779868e-05    4.685043820015882996e-07    1.686165706786729446e-01
2.900003774466164259e+02    1.001467991421600034e+00    5.588687233335252330e-03    3.923711934839965395e-04    2.953935488798938423e-16    2.135851785848499404e-05    1.080135094320843878e-05    -1.268024855557453430e-07    7.516733341021297754e-02
2.900001637184520860e+02    9.969084287463196858e-01    -1.115846049411058950e-02    4.195391313485236063e-04    1.900615795780345532e-32    1.935445256490518284e-05    1.016192224387901561e-05    -5.413014931392837942e-07    6.135601087041639705e-08
2.900001167400478153e+02    1.005091795406909849e+00    -8.509437946900644603e-03    1.179432346506663755e-04    2.424929317454402913e-25    2.229656126932914441e-05    1.144363449510611066e-05    -3.069896799797753698e-07    5.430167579836655455e-09
2.899997752483292857e+02    9.994532036694091515e-01    -5.081291106046268921e-03    -1.383530464651406221e-04    1.376429912957266241e-04    2.060424954467030223e-05    1.012774179566659770e-05    5.002686102013682719e-07    1.321684906218471538e-11
2.900003814422144046e+02    1.002808840916987743e+00    7.862391785618903089e-03    -3.970367056673742098e-05    9.654438111985726483e-20    2.032854509723817620e-05    1.039806747611183354e-05    4.936712925795939154e-07    8.424241018787628765e-02
2.900007024627584542e+02    1.001945066515898652e+00    -2.260582318604194372e-03    6.712089099858919387e-04    5.124113531005990499e-04    2.356002761430363353e-05    1.111241635532528928e-05    -8.843930761309119410e-07    2.213447756635171168e-02
2.899999281171815255e+02    9.995361913399023468e-01    -9.423796041311134977e-03    2.178458910852913418e-04    4.604886117000600191e-28    1.957114630616062006e-05    1.022609713705061224e-05    8.211805273150830789e-07    4.148039437528824869e-02
2.899996217524515032e+02    1.001877828106263024e+00    -1.599190137289160734e-04    -2.129841167694323048e-04    2.064811498921650685e-03    1.857272517601454856e-05    1.026760468351811132e-05    8.372336917287974532e-07    5.782822424577369752e-02
2.900005805650114326e+02    9.988496053146374010e-01    -9.965341515232885826e-04    -1.524396843873952005e-05    2.195290671150161837e-03    2.324310610688343608e-05    1.149928779413091968e-05    6.672987950620837260e-07    1.484791918650490705e-01
2.900005361215052631e+02    1.001775150581705409e+00    -7.098289506156204437e-03    2.162377597712468761e-04    4.614550410036669546e-21    2.001248050461884888e-05    1.031733510442660873e-05    -4.346878421660805727e-08    7.161395254469886396e-02
2.900001206898779742e+02    9.969750369946025481e-01    4.186182062401556459e-04    -1.741920319402840377e-04    1.150073280635779287e-22    2.087090654374139953e-05    1.107881588863177959e-05    -1.336057441118862753e-06    6.782284932527700287e-12
2.899996963721791303e+02    9.971732575464660187e-01    1.042475737845528338e-03    5.423286580516856409e-04    1.817677814583381635e-16    1.928194265970560793e-05    1.058235354045928088e-05    2.027683803494890845e-07    6.985430877786785348e-09
2.900002531998092650e+02    9.987826383595160840e-01    -2.048863140001426844e-03    -1.126459242748490292e-04    8.121125479909346455e-05    2.167888196223936693e-05    1.078093562891810372e-05    -6.754325518718702525e-08    4.100568141827246236e-14
2.900011075398832645e+02    9.964714141618479237e-01    4.021774069716006067e-03    -1.896477724157259531e-04    2.949631173100625324e-31    1.710512860676558367e-05    9.561953782030658725e-06    -4.094674517008166819e-07    2.566390409684135565e-01
2.900000577989384283e+02    9.989940966412198531e-01    -1.142017856605901868e-02    2.392418873370749470e-04    3.454894113504941794e-04    1.910732374473411726e-05    1.049031414340261712e-05    -6.460474311548419007e-07    6.904948419384835102e-11
2.900002747980142885e+02    1.000397779647105745e+00    1.511188940699753885e-03    -1.599658502494789611e-05    1.295233270325069855e-03    2.427582962437758234e-05    1.107872425261973822e-05    -2.171261480185501562e-08    9.746434763790277900e-02
2.900001128558647565e+02    1.000019741822849140e+00    1.746875438041226372e-02    2.723698692689668194e-04    1.984224796291256612e-22    2.095590852734790236e-05    1.068991340103750634e-05    5.347391361107491460e-08    1.220316238035212347e-10
2.899999707454934423e+02    1.003003796869155861e+00    1.718229512174736153e-03    -1.422402655289521449e-04    2.921369031625652667e-04    1.977662911224377040e-05    1.050615001645076324e-05    3.016786436068326011e-07    3.457719528553234332e-09
2.899999146487955954e+02    1.000680853244809931e+00    1.798246672350384224e-03    -2.583252969677906404e-04    2.107255271017900115e-03    1.977336553813593566e-05    1.110800792931786485e-05    -5.299584730292314330e-08    5.315527017454593727e-11
2.900003017421891514e+02    9.980318146699244108e-01    6.470226833338693119e-03    -2.881205480074030189e-04    5.972659451915654840e-22    2.154890759036390426e-05    1.090850229139501189e-05    -4.834676578262753444e-07    2.327707299293318294e-02
2.900001113852370622e+02    9.969238096859219800e-01    -3.893004289830323626e-03    4.879221884806133952e-05    5.968066465733305390e-04    2.047381711535831855e-05    1.039763500213304675e-05    -4.704670846622819990e-08    9.072405558310545071e-02
2.900003280775210897e+02    9.986297012255681560e-01    -9.162712601869725873e-03    1.401997453281230625e-04    1.213403671886155765e-05    2.050195653678237750e-05    1.023737532671760894e-05    8.813723837694030912e-08    8.053493526451931117e-02
2.900011432915484875e+02    9.992247826482156814e-01    -1.539206862413115828e-02    4.062484861176088443e-04    2.399908417797490332e-13    2.039986478778469935e-05    1.085455767783700483e-05    -1.178076754664052181e-06    1.567395707233963098e-01
2.899997857063520996e+02    9.996938180384593586e-01    -8.664747407562766943e-03    -3.227536632097853801e-04    1.121658320940344459e-21    1.912712948783107668e-05    9.672650382541721990e-06    -6.134511741020710313e-09    1.418751401407114788e-12
2.899998232551490105e+02    9.992711547684998141e-01    1.742104565673301348e-03    -1.380024371551310484e-04    1.072626642793648522e-03    2.279900621637575848e-05    1.094998383106764202e-05    4.958376966969805628e-07    7.421585394229014389e-09
2.900009800289992086e+02    1.000325444576332323e+00    4.609687207079823240e-03    -3.391677079448275709e-04    5.526034229545889920e-27    2.172092023518493067e-05    1.111867408395328398e-05    -2.643258177991176221e-07    1.815826134750841148e-01
2.899994978586074694e+02    1.000136398755778977e+00    1.295375187493507697e-02    -1.678404344664724413e-05    2.738559491717834204e-04    2.078483132606415000e-05    1.035126524293606057e-05    1.417582148893650916e-06    1.135482809332190413e-09
2.900003697455080101e+02    1.001511591459189221e+00    -8.438655477527629185e-04    5.256352526874309749e-04    1.887213976360002177e-03    1.955652625596538031e-05    9.798188460740191299e-06    5.323618415260094108e-07    1.136665350971100413e-01
2.899999331184068296e+02    9.971031307148722211e-01    7.185760575286794134e-03    -1.585847091240586251e-04    9.052167172557910304e-04    2.181964609077073345e-05    1.099129150412168709e-05    3.936433401200597890e-07    9.032276448095695259e-15
2.899999280371947634e+02    9.993282455033851708e-01    -1.222348575945626271e-02    -1.809162753074619817e-04    1.648747310205160151e-21    1.934548895911305516e-05    9.703303091804726415e-06    3.766745416584444023e-07    2.847738001105868180e-02
2.900010712186236219e+02    9.986107483648322125e-01    -4.338385745494542992e-03    -4.628997072012268880e-05    9.254910322282620587e-20    2.102709018439861518e-05    1.116598908980999985e-05    8.573123766776349686e-07    2.573630317161531567e-01
2.900000272911684647e+02    9.971754403417744106e-01    1.516947273982306287e-03    -1.469428097036080938e-04    1.575632559041932525e-03    1.929256363089699788e-05    9.976356568302274609e-06    6.231773713408952833e-07    6.616264411206501661e-02
2.900003218291078042e+02    1.000146821257339447e+00    -2.397592007758572469e-03    -9.361071798541007838e-05    2.069698244437908484e-22    1.955062963893542232e-05    1.045596052366070473e-05    -5.773525251923238922e-08    6.772133297312407652e-02
2.900002516816392131e+02    1.001193067671142911e+00    6.205738463575870972e-03    -6.393749168865084029e-04    2.570288342952286287e-23    1.977919620844052499e-05    1.028182419321864838e-05    -8.029936350357937825e-07    3.459159976249648911e-09
2.900000774684214662e+02    1.000965018162848441e+00    2.798512574140371491e-03    -4.772535790296999125e-05    1.707485639437319623e-03    2.025569650105692464e-05    1.065386855186514222e-05    -1.797290767660733184e-07    2.508553021809248104e-15
2.900003722590290067e+02    9.991357629940957885e-01    6.479847900858390006e-03    -1.594656009963777376e-04    7.627179767735928857e-04    2.154894154459466158e-05    1.060791917331562194e-05    -2.624135630427709149e-07    4.990235075731335596e-02
2.900002901726105620e+02    1.001353020421453577e+00    -8.182819264683701202e-03    -1.399146561711490347e-04    6.679672622292700759e-23    2.344381554884798329e-05    1.154635109096931521e-05    -3.346529210382641876e-07    3.150436977598646687e-02
2.899999108417962930e+02    1.001799209409055536e+00    -8.022832195975842032e-03    2.201992137294416397e-04    1.135940841856296446e-24    2.152002715281849389e-05    1.123578423455709214e-05    -6.961482171551761323e-08    1.061354194174694806e-08
2.900002037980978002e+02    9.989304421470261985e-01    7.313222875290233821e-03    1.071357852578951362e-04    1.304588183828227568e-03    2.180858415507859967e-05    1.087850897440213975e-05    -1.503273198132815819e-07    2.453682629397871327e-12
