# f_r [MHz] A m phi D delta_r delta_ere delta_eim a
2.900001327756465912e+02    1.001781902554747861e+00    2.348892569140030589e-05    -7.691035161057597580e-05    2.359120031298021274e-15    4.956921750367471104e-05    4.038120431098650995e-05    2.787602520660619097e-08    2.125629255930077538e-02
2.900007334109994304e+02    9.994951461231310619e-01    1.462947186148286227e-02    2.552027122545644781e-05    4.574607468772836261e-04    5.234284625700041683e-05    4.037637428341564266e-05    1.258467531089529433e-06    7.848373982442104213e-02
2.899999376606364194e+02    9.991225834289153562e-01    5.078336027795892459e-03    4.176981117814292576e-04    2.275326478551725415e-03    4.945155759926155465e-05    3.873764959266626364e-05    3.887131289465358754e-07    2.736476807076796552e-02
2.900001662329316900e+02    9.998493804432562193e-01    -6.331221034735622089e-03    -1.791587879746112956e-04    5.244558161391025403e-04    5.171075045094570730e-05    4.101152700803645121e-05    -1.698197162951456203e-06    1.685581076988751693e-09
2.900001889171748530e+02    1.000056257860142406e+00    1.346484878961130231e-03    3.076719554093287207e-04    1.515400118996871946e-11    4.860556680914728580e-05    3.994167862246970403e-05    -1.191722881921264217e-06    1.425703426200466548e-09
2.900000478757395967e+02    9.980425102121216474e-01    8.123293136481050600e-03    -2.357868174459767485e-04    2.628839651793657889e-23    4.916977325539119859e-05    3.946404040267985922e-05    6.347403178092657498e-08    6.010524957698629485e-14
2.900000284324808604e+02    9.983462152365445430e-01    8.336895280398493036e-03    3.052797763849015612e-04    3.788736522646251794e-12    4.927517392355029019e-05    4.000902609586201911e-05    5.837366877026259106e-07    1.709130167571281506e-11
2.900003407326514093e+02    9.977743107215514273e-01    9.620911240342691715e-04    9.958433492708649963e-05    2.363316783116905257e-05    5.041825869968457620e-05    3.935251671450587773e-05    -1.011754462477870555e-06    8.931182608310754098e-13
2.900007898880496100e+02    9.974078617447688089e-01    1.531101921858405573e-03    -9.650108394671287095e-04    2.333481494464611310e-11    5.077924118045827091e-05    4.046138181394289359e-05    1.540516571176027775e-07    7.737942875905347295e-02
2.899998052934286079e+02    1.001449837632079509e+00    -1.922092315540579533e-04    2.973941926320759118e-05    2.792804652716344692e-08    5.109849787290862867e-05    3.973691325546692367e-05    1.440635690416774724e-07    1.110660883052639290e-02
2.899999646482509661e+02    1.000018521017427719e+00    6.885440180007764387e-03    -3.264571273211632103e-04    1.104842644532998623e-20    5.061365801257565900e-05    4.124957750176043333e-05    5.731213570390005057e-07    1.700930243808912024e-12
2.900005541561787368e+02    9.993803625876779284e-01    -3.789658096889821689e-03    6.934587572052958746e-05    1.411308383543815569e-17    4.951930917858861971e-05    4.092801143823361881e-05    -1.002903221179759766e-06    8.721670513604050051e-10
2.899997976798118202e+02    9.996407840084304830e-01    -1.396301622420249855e-03    2.057143255682008598e-04    2.627611711089379728e-04    5.011146896700137659e-05    4.142232790944915037e-05    -3.424424853910238158e-07    1.457289993480821716e-12
2.899999290593175942e+02    9.985199832441598033e-01    3.531778754686275019e-03    -2.789459486089900853e-04    3.848985271345483597e-04    4.964222590368507783e-05    3.983414826515932391e-05    2.705447811675945391e-07    4.946022815681158083e-12
2.900001714847401786e+02    1.000086527360820154e+00    1.021120753118603215e-03    5.467629584982492026e-04    2.330022232786961029e-14    4.942425178442477095e-05    3.926459273033219171e-05    -1.414638342162908723e-06    1.012357064407942646e-09
2.899999922515723370e+02    1.001208730000071823e+00    5.126216561374850531e-03    -3.305786888256474597e-05    2.234090346150456322e-24    4.962560661485201875e-05    4.052200866018380594e-05    2.212022358762303945e-08    8.915052652689311573e-13
2.900002396490604042e+02    1.002229220062497594e+00    1.519044352851269333e-02    -7.169896028726872265e-04    1.628224197549633445e-15    5.123880743757457161e-05    4.086168515231267286e-05    -5.389819868118420410e-07    4.660921825941134495e-11
2.900012007079222371e+02    9.996417429263670940e-01    -5.636768365150930226e-04    -8.040735270496837195e-04    2.284581037828903630e-04    5.114456873378612350e-05    3.961180923146619684e-05    -1.463141020448454135e-06    7.536372415880937536e-02
2.899998461171192616e+02    9.986371317218096788e-01    -5.286574074064412203e-03    -6.763743812522745787e-06    8.320701389325256070e-05    4.948166432806484489e-05    3.995689118693562352e-05    -4.290362267223808031e-08    2.279824217985792866e-06
2.899998865997337134e+02    1.001366519515544340e+00    2.989594334384539196e-04    -1.134989291957023050e-04    8.001561208139691813e-04    4.839519024913399223e-05    3.937082615978494264e-05    1.691540087722572324e-06    4.761726265936776320e-16
2.899998889017539909e+02    9.993055734226397036e-01    -6.264177715302336573e-03    3.983484087951198136e-05    6.579274459482932070e-13    5.178367565406930277e-05    4.099419820551965872e-05    2.347930956629479690e-07    1.252099716166229869e-09
2.899999022337511860e+02    9.987841054056070256e-01    1.228454014099186753e-02    1.204067830248012610e-04    2.195374449024896137e-13    5.090863609711709204e-05    4.052016933991344822e-05    9.119190508932932521e-08    1.006376993425588621e-09
2.900001529819803068e+02    9.961849123186883315e-01    -3.688292405843822657e-04    -6.919388576178377636e-04    1.529938338624045905e-03    4.828987560596654193e-05    4.020284628669516699e-05    -3.561843315264702493e-07    5.295564180460134385e-10
2.900001515539663046e+02    9.988508749458508973e-01    9.257827517661061309e-03    1.273155982928962605e-04    1.969694038484563608e-13    5.157694627978347648e-05    4.126183796398627583e-05    -5.103299742712150820e-07    6.717368380100898276e-03
2.900004966735074845e+02    1.000116563302887673e+00    5.861779318328266646e-03    9.535328410995192068e-05    1.371697376310644385e-03    4.975533025543066930e-05    4.028953399269986425e-05    1.978906281203462647e-07    3.574686711667044575e-02
2.899999979780152444e+02    9.990136925168118243e-01    -2.397575236175810125e-03    5.846047288990070584e-05    4.156323598551407293e-04    4.913759298223733569e-05    3.984854449694935473e-05    4.651855088232592827e-07    5.474049788488973695e-10
2.900000509593269840e+02    1.000474034615273622e+00    1.187580116607120373e-02    -3.947021234438116808e-04    1.120255459207578387e-23    5.055550100604278398e-05    4.000379142669295573e-05    5.176909105301367370e-07    3.742674377087915546e-10
2.899999199877449314e+02    1.000084372599869154e+00    -3.798209924329303943e-03    -5.520569287677817459e-04    5.948728231182719801e-04    5.280687582469601333e-05    4.131064884770286406e-05    1.413876316842176572e-07    8.781867546140486555e-12
2.899996604103033064e+02    9.987078830261775231e-01    -6.802411885045441626e-04    9.664995289413436368e-04    8.002019438264412977e-11    4.856474702265613366e-05    4.053665753340521228e-05    5.875043123386462717e-08    3.665156564989276522e-11
2.899999625557430818e+02    9.989171038922323165e-01    -3.702835334471128118e-03    -4.049005343701293389e-04    9.972744758212431174e-04    5.046764786260861564e-05    3.980876303337985698e-05    -5.654384756466637432e-07    1.732926791594140514e-09
2.899998902501641851e+02    9.992679450914986328e-01    5.401681191086593788e-03    3.743605122876011342e-04    9.832559480630796829e-30    4.972996763625494064e-05    4.050594830580631669e-05    7.345778148460841797e-07    1.397664342669444401e-10
2.900002670626479357e+02    1.002952819708364141e+00    -4.549730173627706924e-03    -3.749267773587913050e-04    4.874191093246183176e-04    5.196428163645028497e-05    4.067387958421012935e-05    1.487003935689370994e-06    4.240832324603902720e-02
2.900002471135678093e+02    9.979779509936256288e-01    1.639747428275219535e-03    -3.389657893902380496e-05    1.472763200791057372e-03    4.773464041722254254e-05    3.901715129393809405e-05    -1.503413421715782819e-06    1.736687397016012727e-02
2.900001299249216231e+02    9.995060809162668036e-01    -9.470120683194201139e-03    1.713488080789900476e-04    1.058747968481190783e-16    4.957938718028692362e-05    3.829352958826554861e-05    -7.177872010574006518e-07    5.712751098225503700e-10
2.900003116293863741e+02    9.984098828050164132e-01    -8.925098459516169272e-03    -1.128200248977894989e-04    5.033455858777098309e-04    4.839825946008082083e-05    4.015457912571761864e-05    1.833485223980601816e-09    3.008100281228251113e-02
2.900006538850309994e+02    1.002331645380892367e+00    -3.343977925072995783e-03    6.874105660108006271e-05    1.043091766045192808e-26    5.196604693962267031e-05    4.137830441488410421e-05    -2.554471626364014579e-06    1.659058331006076682e-14
2.900002271694406204e+02    1.002047078731074237e+00    -3.806182534124830704e-03    3.215435618586707893e-04    6.384676038374354412e-11    5.226248473523407756e-05    4.061753996360543175e-05    1.865103661570680386e-06    3.380080994569202579e-02
2.900001095002935472e+02    1.000667398130907992e+00    5.406307452226801749e-04    3.599375849287341444e-05    1.745659607590915945e-17    5.292680393495933556e-05    4.183738682410714197e-05    2.480309009470667580e-07    1.529996431384204186e-02
2.899997564960087857e+02    9.994672866891699536e-01    3.467105030695580899e-03    2.669818026684822555e-04    7.866147077643210420e-04    4.933649949539064964e-05    3.902655641905980265e-05    -1.573611899359558154e-08    7.882373463607251574e-17
2.899997741984087725e+02    9.999459220942631399e-01    -3.418684001018511189e-03    -6.211587388154739058e-05    2.471716920950758455e-22    4.770933986208042736e-05    3.886260168538967799e-05    8.101885612509122276e-07    5.152090073453030562e-11
2.900002616813726490e+02    9.997100483979962648e-01    9.542888486660034558e-03    -7.695095371586290228e-07    2.281156338059926808e-15    5.068825344716577442e-05    4.074980317045223698e-05    -7.507659346840876968e-07    1.063498425352088581e-03
2.900007340660213231e+02    9.985668317062974531e-01    2.843680198813315651e-04    -4.360840058264552521e-04    4.544541377610194198e-13    4.946191823250830526e-05    4.080200677700486061e-05    1.251686083230072610e-07    6.235403950104141668e-02
2.900005080230985754e+02    9.988800038077739751e-01    -1.238130977531315402e-02    4.524130844872886861e-05    5.901149561397423405e-04    4.920004718947502780e-05    3.880372594073434504e-05    -4.342433756042078347e-07    4.675475066524396872e-02
2.900000872687755304e+02    9.995444528358655711e-01    -1.084212649757527319e-02    3.587161372702445816e-05    6.117544467066711038e-20    4.906922643233243880e-05    4.034254718221335896e-05    9.178874069106318695e-07    2.446118293627616916e-02
2.900004624417363175e+02    1.001033516480450691e+00    -4.305426700935445321e-03    -5.816821138772041398e-05    2.362248186371167203e-04    5.211368273904147731e-05    4.107967172770515444e-05    -2.299097261160312265e-06    2.615877292614792252e-02
2.899995471796645461e+02    9.969434275800551637e-01    4.436243879291127627e-04    7.265603610356262095e-05    2.213871091641393977e-04    4.844983514941518949e-05    3.926560410523405526e-05    1.561135852166429272e-06    6.600828239723564368e-11
2.899998902135184267e+02    1.000370394713046451e+00    -7.190496658196552163e-03    -1.144390681484965639e-05    3.211660998735660767e-04    5.240606546226002881e-05    4.080266709794109619e-05    -1.350142216116735153e-07    5.629901730391365019e-11
2.899999090412316036e+02    9.987865133238763571e-01    7.879135056615485522e-03    -3.623493679079187939e-04    1.554225866320056064e-03    4.883600096763903922e-05    3.953231610554999330e-05    1.150834069995004394e-06    5.714431214651644278e-10
2.900002700863465179e+02    1.000194059410960401e+00    -2.398320955222890162e-03    1.022766203949919926e-04    1.228564735403998029e-03    5.049965376812582963e-05    4.101870235905462998e-05    3.085472029681447438e-07    1.399803111168717763e-15
2.900003933138206662e+02    9.985387641513436829e-01    4.045814769107501435e-04    4.091105375936536395e-04    6.665384307285633246e-04    5.177211523464266782e-05    4.090532936224804166e-05    -2.327538935658654193e-07    2.806098653214019606e-02
2.899995512764666046e+02    9.973238294357249512e-01    1.314673628760184253e-03    -2.947984006976814481e-04    2.740809723850738919e-12    4.994618905557831370e-05    3.942926975274879572e-05    1.876306805817983266e-06    4.460877584731346812e-06
2.900000935701313551e+02    9.986881517240755457e-01    1.175914807996881507e-02    -2.698293786707901126e-04    7.411518377847147771e-12    5.026571848783020617e-05    3.990852820191484229e-05    -2.981220320692138526e-07    1.321755714281334226e-08
2.900005903307948643e+02    9.994235486590815620e-01    -3.890386178894901514e-03    1.994894076149286136e-04    3.148773591160990736e-11    4.688103323636187155e-05    3.834638525408903527e-05    -8.319381436095123198e-07    4.071740041068568072e-02
2.900003716584151903e+02    9.999687464184454644e-01    -1.338586840750770768e-03    6.231639887279443899e-04    1.909322102150849167e-04    5.012396226189572894e-05    4.116581653676405555e-05    9.226293535718094229e-07    4.558282939976147918e-02
2.900002909013106205e+02    1.002404837233719093e+00    -6.705388095055525577e-03    2.677238247179435358e-06    1.093648965183372793e-12    4.776546938707453162e-05    3.960668611243922915e-05    -2.280106758125563257e-08    3.064407140115579450e-02
2.899999722266654203e+02    1.000936246030452059e+00    -3.475425604902810002e-03    2.059014376157998862e-04    9.193012471706733910e-16    4.944792431647969529e-05    3.967016451765551204e-05    -1.263765781305636528e-06    6.737665524670438194e-10
2.900005913860385363e+02    9.977617756070458199e-01    -3.928759757803565976e-03    6.775394231514134916e-05    1.001210532556843125e-04    5.018027512501946390e-05    3.971648061457075553e-05    2.674034879138601629e-07    6.463416336537924911e-02
2.900004269517741591e+02    9.973589683367224401e-01    7.349563045890821454e-03    6.620879671008561356e-05    1.950078377220137898e-13    4.941427213225492031e-05    3.991778200118145848e-05    -4.246819190330502608e-07    3.345650620687501409e-02
2.900007471743996916e+02    1.000286545589837317e+00    6.901656195888425209e-03    3.407681932163539551e-05    7.772865669547631643e-04    5.114002599655310385e-05    4.057260628647361197e-05    -5.120370966875665262e-07    4.041413627124810365e-02
2.900006647522529875e+02    9.970802117085727501e-01    -2.421637909474073664e-03    1.207561810916110337e-04    9.323499896533010006e-04    4.772823323898179286e-05    3.931907993690046996e-05    -1.861047646708722938e-06    1.479936407776295988e-02
2.900000739808810977e+02    9.968941945275523464e-01    1.077689879221223985e-03    -3.343992104747121842e-04    2.378837503566139866e-16    5.018522516923827750e-05    3.929949177474674975e-05    3.952183371395189432e-07    7.838371702592537706e-11
2.900000220424650479e+02    1.002502276739064113e+00    5.926848941572624742e-03    4.070798748250098509e-06    1.045209671678144137e-17    5.014494284503225865e-05    4.145316498331964010e-05    1.562682261643030102e-07    1.497566923180115883e-08
2.900001463271856892e+02    9.997630605586869112e-01    -4.682547986332547332e-03    -2.640825230620383541e-04    1.413167574212542171e-17    4.916706178803395040e-05    3.921797568659822009e-05    -7.158584177993419557e-07    4.136274289482369925e-09
2.900011488046678210e+02    1.000171860460375539e+00    1.195328144402152837e-03    -4.075839396411505772e-04    5.071718715629885011e-04    4.931062129870391160e-05    4.070225593321920879e-05    -7.636614595650249168e-07    9.207410604824371736e-02
2.899999733050698296e+02    1.000604414130503050e+00    -3.136977699492103991e-03    3.886498337232757727e-04    3.884058282510095307e-04    5.303119214523424054e-05    4.186634262067253753e-05    5.311496714949614388e-07    3.071847259215665024e-02
2.900010813650687282e+02    1.002222797013778255e+00    -5.231952808134684822e-03    1.081332027591826156e-04    1.530079241646809976e-11    5.026198651381073732e-05    4.090285957287352099e-05    2.872859319445791510e-07    1.027103538491689061e-01
2.900000771266753077e+02    1.004347533101662471e+00    6.780308520888969626e-03    8.213663703617343325e-05    9.444312716148135648e-04    5.288346325693311434e-05    4.046972537719185366e-05    1.010154992146001884e-06    6.197726759082755610e-03
2.900001133119703809e+02    9.976267178510769273e-01    1.482873505011628006e-03    1.561308278995338788e-04    1.577606082910435973e-16    5.114188685563105750e-05    3.969676295836247046e-05    -1.038649303799552581e-07    3.104805502615990472e-03
2.900002215645076262e+02    1.003431895915761540e+00    5.838449553006644713e-03    1.019764866178402756e-04    1.196958169618664303e-03    5.098562280485893495e-05    3.984311831350678955e-05    -8.255267119316295042e-07    1.214178612210391051e-13
2.900003470741422120e+02    9.984650294267314319e-01    -1.499799550445309081e-04    -6.381621057863221457e-04    5.444394807364862733e-05    5.051632527391082214e-05    3.964309980810708456e-05    -1.070846485685829599e-06    1.250198738795230728e-11
2.900001684168170755e+02    1.001648959205357459e+00    4.943002470727891721e-03    -6.910352692570023551e-05    3.847757249077490230e-04    5.053934148148363882e-05    4.080320618636035945e-05    -1.220402504763581964e-06    4.057082302955098730e-12
2.900000355284661282e+02    9.994019512847645004e-01    -8.520212384138107706e-03    -1.591282524137471559e-04    2.978951479117532613e-14    5.065009060955524356e-05    3.923423717285635042e-05    -2.328483636233554364e-07    1.046708188574791386e-02
2.900004740148727365e+02    9.993757492295551881e-01    -4.189378461567088915e-03    -2.033979259189932153e-04    2.262832937428104395e-15    4.861394717914602578e-05    4.050709581963705925e-05    -9.940888973735327936e-08    3.141186864993294331e-02
2.900006793269234890e+02    1.002494989042506113e+00    1.587793197198864026e-02    6.213877116635495616e-05    4.145973482354556066e-12    5.173063670916423453e-05    4.091964233070353833e-05    -5.872097835493952796e-08    4.747185526097320168e-02
2.899999294608987839e+02    1.001353982862269287e+00    4.567866778922291537e-04    1.588709291380848050e-04    5.137817357581081316e-04    5.319355754543336886e-05    4.066677116935387928e-05    -5.916751152641973744e-09    7.411345861559873435e-10
2.899998535547048277e+02    9.993498677626846405e-01    2.686068003027905406e-03    3.394330896757774248e-04    4.109474738533153276e-11    5.072828600928583435e-05    4.008584747595277011e-05    8.189559602437143863e-07    9.507474226221996130e-03
2.899996094559517701e+02    9.993925806538398460e-01    -2.959191639170914885e-03    -1.676007837184915604e-04    4.075317024260158781e-14    4.753279481327977215e-05    3.974161307916431726e-05    1.509254776280802386e-06    1.275359772024548576e-09
2.900005734781483966e+02    1.002044974213146089e+00    -3.493933297404015759e-03    2.356708417980364406e-04    2.154427633444667064e-15    4.976717449018030679e-05    3.975429126121946731e-05    -3.335258226412828022e-07    4.192875244607379565e-02
2.900002058982108792e+02    9.989805997668229631e-01    -2.282913521828857165e-03    1.996952919566647409e-04    8.109530307726253493e-24    4.883998754856242743e-05    4.027453586768537687e-05    -1.053103480051049879e-06    7.873280782653589707e-11
2.900010653575432684e+02    9.999229996897427419e-01    5.135487236135348466e-03    1.793462764483192199e-04    1.274033898297831184e-04    5.024996644850425253e-05    3.959808219464043988e-05    3.457512353146545972e-07    1.117165450856295594e-01
2.900004558436472166e+02    9.997074216169085092e-01    -4.539551025531123507e-04    -2.644685345198770528e-04    4.023903087185749986e-07    4.971553546934603593e-05    4.085698089885199429e-05    5.661921306236118215e-07    5.231600602891302298e-02
2.900005396491316105e+02    1.002315707456038707e+00    -1.285522675787535403e-03    -2.165474950581546118e-04    7.404003898793828735e-05    5.102104036264646443e-05    4.002888556210604395e-05    -8.545491404589069820e-07    3.658750247217678470e-02
2.900002690598295203e+02    1.000596212806545093e+00    6.599474829434530745e-03    1.569396623368654576e-04    2.277333362840045210e-03    4.977633819664282246e-05    4.010054140911559098e-05    -6.901106373424753372e-07    4.011204708258819113e-02
2.900001582306368277e+02    9.996997405977540163e-01    1.020820509562262238e-02    1.991179452017010720e-04    9.314960321056789135e-14    5.111946147193751597e-05    3.962321618606722012e-05    4.671073371581101676e-07    8.782807801736783065e-11
2.900000149734330535e+02    1.000096474523473500e+00    -3.509276764165023335e-03    3.041919168086625047e-04    9.986064601865975957e-05    5.142404690866103851e-05    4.044429182390500103e-05    8.935340502137594136e-07    4.236763725032545945e-12
2.900000826363797728e+02    9.990803238584313739e-01    2.105086751582737822e-03    -5.026884561013571988e-05    3.252951694135024889e-17    4.902794788502210443e-05    3.997541851056847490e-05    1.406435672181265272e-06    2.054406397060117625e-10
2.899997967976916016e+02    1.001322497306902592e+00    5.749256565680175776e-03    7.053206822617648006e-05    2.232704158117411270e-17    5.055037417555822239e-05    4.035581013362778710e-05    1.605726780815694725e-06    2.116901730331027397e-09
2.900002111706369305e+02    9.984910961506968663e-01    -5.114885211081221517e-03    2.032246875817740956e-06    1.234025130758238258e-16    5.312935119710943138e-05    3.929859479553016638e-05    4.301570708583963650e-07    1.337351801221284796e-02
2.900000425317339818e+02    9.997785297881525146e-01    8.947161213917921921e-03    2.110898876205700330e-04    1.275820163400266617e-03    4.905387773016076943e-05    4.028156688338508501e-05    -1.769179574695468108e-07    6.468233158530636850e-03
2.900000519344960708e+02    9.992932765318207622e-01    -4.189516153242253856e-03    -1.094522658151184804e-05    8.115161075669691942e-04    5.078262875728763864e-05    3.938752484142009450e-05    -5.081276853306956431e-07    1.708137020127724771e-12
2.899998267823401648e+02    1.002194994585394516e+00    1.419753053401438640e-02    -2.172392751549401041e-04    4.838477149643944480e-20    5.073640762801536375e-05    4.168276704170277591e-05    2.083623069432508133e-06    2.469772091541181666e-10
2.900003311363487342e+02    1.002883763218356039e+00    1.277270492536531363e-03    2.899102054835391950e-04    8.819897289435874727e-04    4.957461708590502221e-05    3.932964307088749749e-05    -9.435981328329454715e-07    3.679723818246967134e-16
2.900000753241240545e+02    9.972352187246154021e-01    1.168903514716224980e-02    2.648602153218126889e-04    5.057601795368068176e-04    4.903014456886386850e-05    3.925129377028980620e-05    -2.760705571806017895e-07    8.407840380883035807e-12
2.899997682601497786e+02    9.968233462617538398e-01    9.764195652752792392e-04    -1.901063963964129801e-04    8.129416528515931482e-26    4.950509706488083304e-05    4.011564736264183642e-05    1.061190017132394211e-06    3.029164433335629805e-09
2.900002076513244447e+02    1.000861465911490944e+00    4.529503294884698952e-03    6.702139497495256766e-04    3.183000952884467059e-14    4.951843586502104630e-05    4.020914882513278057e-05    1.408348182192830866e-06    5.217092671627322070e-02
2.900002340010505577e+02    9.983014647314910617e-01    -1.803775126996441311e-02    -3.355570384169703421e-04    2.645240807895818007e-13    5.237923607710469093e-05    4.086464337012790497e-05    -1.724567268385890032e-06    4.677042707348376270e-10
2.900001310062774564e+02    1.000343766957160874e+00    2.085223991924853217e-03    3.277906356691571272e-04    1.964084863069727287e-03    4.789175717504487120e-05    3.968107056422990318e-05    -4.613907242463606015e-07    4.584699485855806624e-15
2.900000556669235152e+02    9.977591668426556426e-01    -4.518346834165504373e-03    1.698543399750212496e-05    2.466144858106090066e-04    5.117517483611627797e-05    3.949260785920775951e-05    5.558301944922519107e-07    2.455327225009034449e-09
2.900000931013813670e+02    1.001210565826522014e+00    -2.068307303727239237e-03    -1.896140822573421909e-04    1.530664389718308345e-03    4.934551044567703524e-05    3.950256054709335693e-05    -2.672269618083894302e-07    8.976360635871494172e-10
2.900006662023267836e+02    9.992213531311529007e-01    6.510062528803258614e-03    -1.621504606109290211e-04    1.056530663833700421e-16    5.288113828406782157e-05    4.166477123075060804e-05    -6.064080402538045014e-07    5.362198109159688891e-02
2.900006392507344231e+02    9.998198184781600384e-01    -6.611050826532739212e-03    3.443159027701217728e-04    1.038578711901187810e-03    5.187387637146916454e-05    4.158383232587049589e-05    -1.397192743290346990e-06    1.958888725235885878e-02
