# f_r [MHz] A m phi D delta_r delta_ere delta_eim a
2.899999718501996426e+02    1.000832094916094706e+00    5.808033011177337473e-03    5.180603945600896617e-04    2.806735440929746896e-13    5.925894139023856329e-05    5.010764466805524617e-05    9.149444105713673669e-08    6.774405552565481858e-10
2.900004781082339491e+02    1.002693650291967886e+00    -5.575068034790905264e-03    -3.378321974776070076e-04    2.158135302765408619e-11    6.128001738028001830e-05    4.838252727575781035e-05    -1.421128216302302149e-06    1.142567805449300374e-02
2.899996988948131502e+02    1.002347210254907806e+00    4.091018416161613935e-03    -2.501043624704775859e-04    3.588688694774686122e-15    5.766408698888507119e-05    4.727956821202978837e-05    9.109759422627526035e-07    2.925070701575682212e-10
2.900006572192928616e+02    9.993151227418223259e-01    7.849258313915688165e-03    -2.133322634910509688e-04    5.753738898757641222e-04    5.578913567698947029e-05    4.747826815317679602e-05    1.065545758564638621e-07    5.821984927777579949e-02
2.899999678635336977e+02    1.000238806821888371e+00    2.255367922036454441e-03    7.277966803488483130e-05    1.187766009461382996e-04    5.858736152957374761e-05    4.817533532160158641e-05    2.840659528518147744e-07    5.104335668872604648e-11
2.900001932022707933e+02    9.983080258555976361e-01    -1.318125092356214542e-02    -8.959750250009843823e-04    8.209507681351706042e-24    5.712730710276680445e-05    4.761957538756207193e-05    6.597663696314327759e-07    2.211586237087963605e-13
2.900001789502250631e+02    1.000663040501978296e+00    -8.261167532725223125e-03    2.428734167042181458e-04    4.638724008446260189e-20    5.602677154316219931e-05    4.728214855290024520e-05    -2.997130629900213385e-07    9.320173178857014428e-11
2.900005859103783905e+02    1.000262908965047659e+00    3.336626750343870892e-03    -4.473807397558606696e-04    5.301170422988814995e-04    5.955758006101891767e-05    4.798267630503014891e-05    2.146740973475234718e-07    2.679701884295953435e-02
2.900001115201616813e+02    9.999274239050987001e-01    -1.538567382327506519e-02    -1.118499405331152091e-04    2.497908102719249554e-14    5.630162150185218859e-05    4.661563175575272579e-05    -3.418046035634255360e-07    8.937100915504659834e-03
2.899999229509555221e+02    1.000502540213938474e+00    -4.630262359976070226e-03    7.387348289622486762e-05    5.118071611984104693e-05    5.800978594046126455e-05    4.826166319581943272e-05    4.103801514649386260e-07    1.225326459065021102e-09
2.900004823636562037e+02    9.969787244783131497e-01    5.996007257135946462e-03    -2.931637875445571137e-04    5.901107514745698810e-04    6.110824386613782598e-05    4.909101626832358342e-05    1.243226103513203016e-06    5.665319494902832514e-02
2.900000950567621771e+02    9.990124560315483127e-01    6.006744407846033480e-03    -5.715625372641666008e-05    1.484811483047672887e-17    5.819192783826546660e-05    4.892195879187333701e-05    -5.067769903992391618e-07    9.421820667422335976e-11
2.899995071107239255e+02    9.976805058323696684e-01    4.946358767075773218e-03    2.663099877380133975e-04    1.921162860083696683e-15    5.798063463634942397e-05    4.786881095354180300e-05    2.995753206561327944e-06    1.463961284916852854e-09
2.900005444481800509e+02    1.003660487636411025e+00    -1.037382686412384632e-02    -3.097714841757656418e-04    1.027389506936993548e-03    5.844963741334858657e-05    4.744524548430975700e-05    -2.764215733480481919e-06    7.100991646035415979e-11
2.900003763848735616e+02    9.979391566713661232e-01    -2.561148152849679165e-03    -1.707404437027202986e-04    3.132427451305152486e-24    5.794647026124074576e-05    4.754780009048769528e-05    -2.333853582368060989e-06    2.258682548477317126e-11
2.899996692896438049e+02    9.991938059901596114e-01    4.269392222850563849e-03    4.861725488491505827e-04    5.854056542667388733e-04    6.002846276183529601e-05    4.843487039850578348e-05    1.205173454075056192e-06    7.980148962386556184e-18
2.900001018076760602e+02    9.967643697338689490e-01    -6.867662965106606466e-04    1.768162089732228364e-04    1.037812074275940682e-18    5.828028777827356659e-05    4.764998197735098638e-05    3.381930207604844799e-07    5.838718109635947576e-03
2.900001603452342920e+02    1.000441655712434041e+00    4.624124774723965825e-03    1.614355391513958395e-04    2.139161599294297868e-13    5.709259590564449234e-05    4.724556671376391474e-05    -1.027479913534749888e-06    1.627639390508107270e-02
2.899999910537315486e+02    1.001196664718299933e+00    1.091598079844613087e-02    3.158064660354239746e-04    8.172533826072253266e-17    6.012790137823554931e-05    5.079669269159872106e-05    2.493898365562158571e-07    1.274670705665051394e-10
2.899997965456490192e+02    9.990436820662048634e-01    4.596282224995451669e-04    -5.322114096582248677e-04    2.193600345772429763e-03    5.848218925398065114e-05    4.869059363283261129e-05    1.426135255816423377e-06    8.735608779077006641e-03
2.900000223679164151e+02    1.000919583131637980e+00    1.021655868663786867e-02    5.647496742060603616e-04    2.319258612837824798e-04    6.170264610940718708e-05    4.929752621436583589e-05    4.662350633007224340e-07    9.583652112330700093e-03
2.900003068906398198e+02    9.993179760687120883e-01    -1.033614679087836285e-03    -6.063715693384040843e-04    1.348826662946369694e-03    5.661737562847437351e-05    4.792801068149854510e-05    -2.251653396698345955e-06    3.096913888121820627e-11
2.900005905869276148e+02    1.003077922520902110e+00    -8.574799871972784912e-03    3.211764851977326073e-05    9.784774945151942239e-18    5.722729375998160362e-05    4.839050524597082314e-05    1.077384181908716589e-06    6.599944264948891248e-02
2.899999824893745313e+02    9.998977358823067929e-01    -5.035443847164743428e-03    8.533747483343045493e-05    1.765468652843018920e-04    5.934369669665294863e-05    4.840621778752438731e-05    -9.096767726974033797e-07    8.052989085123011973e-12
2.899998879028499346e+02    9.982749387240796857e-01    6.582249281080613731e-03    1.827138523148339551e-04    8.451715685134076044e-04    5.638822436646455822e-05    4.644059741172457118e-05    -7.651996862067558939e-07    1.103819392439959459e-12
2.899999744886778785e+02    1.002252797839782161e+00    -1.851290795973953860e-03    4.318739308841512193e-04    1.205467449545115106e-03    5.912601324274751143e-05    4.789863604721848956e-05    1.818882245840228238e-07    4.779323227945190828e-16
2.900000942606851027e+02    1.001181506696392054e+00    -3.190314088214179535e-03    -2.332225085980854109e-04    1.294509585370970557e-03    5.612088735749487452e-05    4.717650041616968054e-05    -1.106156116808641542e-06    6.687659507775716277e-06
2.900000503480835619e+02    1.001454975872168918e+00    1.842038983797850528e-03    -1.481305136190907057e-04    1.647539478000422828e-03    5.818767073815199475e-05    4.819751687532717926e-05    -5.263115821080319459e-08    6.307414308757747814e-11
2.900012111641017896e+02    9.957377391711282888e-01    1.222250410217770242e-02    -1.855781986029689950e-04    9.330580418570043840e-15    5.445327001521692707e-05    4.613754439605096650e-05    -2.801354445323664212e-06    5.275983260808222303e-02
2.900002540493163110e+02    1.002762606319747229e+00    -1.315227482271002786e-04    1.492715340479338064e-04    4.512593030546044933e-04    5.908995317346844769e-05    4.753729142225902112e-05    -7.921262546296361744e-07    6.867912585808360964e-13
2.900003329551450975e+02    9.983559773491863520e-01    5.920479192323596478e-03    -6.881060003609119446e-05    2.597676616511799229e-03    5.451709252076574082e-05    4.578895981326706915e-05    -1.224184894144981877e-06    7.325729089644426872e-10
2.900001185272845987e+02    1.002529809598797117e+00    -9.768391892835365936e-03    5.626848568250392320e-04    1.742178707682718689e-05    6.012958792532798933e-05    4.853988696687104760e-05    3.369286352086838365e-07    7.860736703694845562e-03
2.900003449712977499e+02    1.001244932840102075e+00    -6.531812735961437313e-03    -5.020126450087011036e-04    3.391477731680229155e-04    5.876539585199576528e-05    4.762781219934129396e-05    -1.577466988340002872e-06    2.144851066841605737e-11
2.899998961726849416e+02    1.002387182304685487e+00    -4.195765504027226811e-03    -2.171331858882662559e-04    5.204064393132676124e-05    5.921430648466247050e-05    4.798320584584006598e-05    1.895212739740638592e-07    2.449119294751107238e-03
2.900002963363422168e+02    1.002817049565506213e+00    -2.019333139227073338e-03    -9.444707016624576438e-05    2.501000766864604121e-04    5.808609488565596540e-05    4.763191368996067134e-05    -1.177287602560923706e-06    2.176048974799814698e-02
2.900002429049757211e+02    9.952077611430275583e-01    -6.782860188783318769e-03    -6.967209151106563709e-04    4.190314328978612550e-05    5.696635510249190904e-05    4.750276854467381778e-05    -2.104941631692400824e-07    8.819660171458030065e-03
2.900002883897557808e+02    1.001437153341210751e+00    4.480257665296449518e-03    1.245928909356212335e-04    9.884531142636274833e-28    5.955825460973857406e-05    4.903926572205068206e-05    -3.671552317356361225e-07    1.048746539608986364e-11
2.900000289891798957e+02    9.983542673580551030e-01    -4.310652775881867321e-03    1.820116847463791349e-04    1.075737498535924135e-03    5.572217005037031633e-05    4.697320067319838072e-05    3.901008982858405929e-07    3.759153294309035444e-09
2.900003149123653543e+02    9.981176804239847433e-01    -1.970688590399995773e-03    -1.109415055432933297e-03    9.311164033023856899e-04    5.797239584953405305e-05    4.787979064216338668e-05    -9.996215265815045068e-07    8.364394363120974951e-03
2.899996205184725682e+02    1.000394338951898554e+00    -6.672626654661610590e-03    7.974493930344799767e-05    4.551603192091882675e-18    5.893261222825761024e-05    4.853752563135739560e-05    1.815842335568798069e-06    1.334484562636576799e-03
2.899999970971896914e+02    9.982187184823358983e-01    -8.952876944609608869e-04    -3.114423538525477718e-05    5.530453921590718934e-15    5.673011604677916781e-05    4.845633613977820098e-05    1.899761417251326022e-06    3.657041213261542217e-02
2.900001339885394032e+02    9.998933577163344744e-01    6.143061816060941052e-03    2.513945067124780737e-04    1.414062684511890485e-13    5.939692491660523109e-05    4.767944758846276188e-05    5.736267132044117313e-07    1.606335146203409503e-02
2.900007842981644899e+02    1.001406207371513091e+00    -1.438711821682254859e-02    -2.907967538203746777e-04    1.585722841210418253e-18    5.498516110357187179e-05    4.638146603811146482e-05    -4.036998289086388565e-06    1.116107204661436675e-10
2.900004986213302800e+02    9.935589186559490305e-01    -1.989866700647069733e-03    -3.115346441629423635e-04    3.240186120996942001e-04    5.505440459779120221e-05    4.593576136282119093e-05    3.453919553132841309e-07    3.097567960556446565e-02
2.900011772630125506e+02    9.988262719915883547e-01    -4.997759368680894029e-03    -2.404975134737648615e-04    1.776395430341866650e-11    6.092574420242209617e-05    4.905771345677808711e-05    -1.637693703945667110e-06    5.432019088943188662e-02
2.900005723874319301e+02    9.995657821740795423e-01    3.516745560981528098e-03    2.380807328009001717e-04    7.711454468055213909e-04    5.969643929051821296e-05    4.836244013478701025e-05    1.935195423424807495e-06    6.764576865074319045e-02
2.899998313065610773e+02    1.002762639421891144e+00    -6.136412075609704204e-03    -5.955732123820760353e-05    2.509713270495919505e-04    5.983982759845867048e-05    4.764632855127884554e-05    1.952490547354980134e-06    3.075097536700225134e-02
2.900011941714670343e+02    9.989661394821532925e-01    4.503849974797479588e-03    -3.232096716557019507e-04    1.799584111698025619e-13    5.544113467719359156e-05    4.540590546549986368e-05    3.342265928097140203e-07    1.351924551470059799e-01
2.899999201303274958e+02    9.972657269544370484e-01    -9.384596662021075369e-03    -2.736984394169232658e-04    5.118247706147264608e-04    5.534062575991988283e-05    4.734821081920512561e-05    9.080798702818558984e-07    1.369532379122962088e-13
2.900001714332526603e+02    9.992723702763304239e-01    6.182060613480041579e-03    -7.900615750209221506e-04    5.718968903869286340e-16    5.718796812740338547e-05    4.831257025825775724e-05    -1.296919273594951236e-06    1.088880786889934146e-09
2.900005696873440684e+02    1.001513654614099913e+00    2.004684981454104686e-03    1.566730775995988886e-04    9.889807531181220995e-04    5.809165445906009604e-05    4.888337837172889962e-05    1.948220905541688752e-06    6.385342431111865058e-02
2.899996457461772934e+02    1.000771204889972399e+00    9.472653736667820644e-04    -3.061812134169554283e-04    6.175661516202125357e-04    5.719798920479449449e-05    4.634531878844943897e-05    1.750969076702242298e-06    2.590115514325068310e-12
2.899998891290468919e+02    1.000299467507144602e+00    1.097872248638971822e-02    -2.730525604600493291e-04    6.817753331680976002e-17    5.634097087659395604e-05    4.752147234385244119e-05    2.389990333941113498e-07    9.001099640256274117e-10
2.899996379710791530e+02    9.995603517361791868e-01    7.712146105463053185e-05    2.171579165672986973e-04    3.244223501306805528e-17    5.820338945616675011e-05    4.759245417810798574e-05    7.148614728489205895e-07    3.460394431546986942e-10
2.900003879699476101e+02    1.004413459272093245e+00    4.878879438522509999e-03    -7.128719379258551588e-04    4.929901339177440803e-07    5.609626529043091903e-05    4.756736708823727647e-05    -1.070227029743468179e-06    6.036143668648541807e-03
2.900008385379159108e+02    1.004029123363871179e+00    2.388356191243155759e-03    -1.310234037637334654e-05    1.203405130009929528e-03    5.985724180029307860e-05    4.792334362218193247e-05    -5.767846327711370760e-07    5.912077817843545968e-02
2.900000982229077522e+02    9.992336085649733413e-01    -4.927988724859101895e-03    -6.876641580603396050e-04    1.364886704707291366e-15    5.611189880392976662e-05    4.722790364053901051e-05    1.152434739077924638e-07    9.599171523741796376e-10
2.899999012407564010e+02    9.980187975608257878e-01    9.017985618077458201e-03    -2.997413767762493081e-05    2.925573418474246463e-03    5.830145298524373282e-05    4.827333720736392338e-05    -2.473138684998182714e-07    1.025667291715487349e-17
2.899997122208868063e+02    1.002052934098075720e+00    -3.665955811116026163e-03    -2.495584573517651276e-05    4.513783975575988211e-04    5.874306842843255377e-05    4.833464166163914811e-05    1.527356836223609601e-06    6.364257914124622903e-12
2.900007528849596383e+02    1.002749805518785120e+00    1.573946706445379521e-03    -3.618455405298183492e-04    8.066909779079114301e-04    5.907675739205810260e-05    4.894342175611790638e-05    -3.943106346217911755e-07    4.566087819463972991e-02
2.900006703596928901e+02    1.001738628709022416e+00    -2.480647523806469874e-03    -2.691348244849248064e-04    8.704082567368897011e-04    5.918903920684976761e-05    4.712242236253025204e-05    -8.780041766315300919e-07    4.929644537426959572e-02
2.900001644045383955e+02    1.001368480379423609e+00    2.584576604317657435e-03    1.297209749248198275e-04    1.025759158055101344e-03    5.809760922948543920e-05    4.851400364974270223e-05    7.420714260332910003e-07    2.380081921512181703e-02
2.900006052989817817e+02    9.974143417405353373e-01    -6.201396440520126965e-03    -3.071296689711157596e-04    1.246941380804104944e-14    5.769174952882001210e-05    4.732454995097520422e-05    -1.281716446850031329e-06    2.770764180826849540e-02
2.900001184499188867e+02    1.004268124152288610e+00    -1.110774203584474762e-02    3.255290191433772790e-04    8.370035696159348329e-04    5.949109025974222940e-05    4.905357182920041826e-05    -2.058600095171070266e-06    5.098511581973125088e-03
2.900005377479589015e+02    9.988505345885934084e-01    -7.355599523265373731e-03    -7.892075974776087237e-04    2.591868247928421618e-13    5.651365344864456536e-05    4.774032294049155515e-05    -2.127398645276590628e-07    3.937532587488052488e-02
2.900000850900430009e+02    1.002132872778036976e+00    4.842924128848655890e-03    3.605693336503732090e-04    1.094783111654061699e-17    5.565251342452544412e-05    4.720802637922116054e-05    2.889899315849026439e-08    8.440328643387446564e-12
2.900005831823672793e+02    1.000712787475160681e+00    -6.142340211125728484e-03    2.926833460481394872e-04    1.487282187755014750e-04    5.672078677208613291e-05    4.689949052807446437e-05    -4.367594130417967775e-07    4.880556833747945467e-02
2.900007692882687707e+02    9.971307709869987601e-01    4.555907589707713749e-03    -5.058611005683960864e-04    6.138296605490337456e-04    5.848914549395861873e-05    4.844683868327750650e-05    -2.002800200606947386e-06    3.403885158793907434e-02
2.900004588210967995e+02    1.000022884924072430e+00    -4.232143129823820807e-03    -4.329494277813480149e-04    2.937561695706069521e-14    5.965143995056534682e-05    4.811152961230005413e-05    6.572215142005507644e-07    3.478625469831173739e-02
2.900005050335920487e+02    1.002470112143556635e+00    -4.249506840926151746e-03    9.021728794615720029e-05    1.218397717753778907e-03    6.096519554382658383e-05    4.918005391003640143e-05    -1.004541118400493853e-06    2.966920874726148780e-02
2.900003004964455613e+02    1.001274454097313527e+00    2.374782513284447692e-03    -3.235862398799433846e-04    3.110998638152353891e-08    6.088242302634854002e-05    5.037581085343947798e-05    1.336997402135997036e-06    1.170266016454008309e-02
2.900003070092594726e+02    1.000324104172086059e+00    -1.041331207875894997e-02    -3.326545127746299304e-04    4.685212697749729861e-04    5.858912551606562403e-05    4.790368243702289937e-05    7.936252479992211671e-07    3.162689418952265713e-02
2.900000548773088553e+02    1.000996269035487662e+00    1.582308008904909514e-03    9.281870985726055584e-05    9.488540447414449842e-04    5.976040013829878061e-05    4.846824171793201745e-05    -9.609417362197256122e-07    3.516663747592271303e-10
2.899998867389679162e+02    1.002754313258469976e+00    3.910218942945202850e-03    2.157766986735861782e-04    8.382533803029341225e-26    5.985249586165307774e-05    4.857157292329994055e-05    -2.229779972393807908e-07    2.642438878656689499e-10
2.899997808538682875e+02    9.977869687712258573e-01    -6.228569778914236701e-03    1.749159498361562218e-04    4.517733685434753547e-19    5.675717339169813374e-05    4.801453204675519548e-05    1.567757080507277444e-06    4.678894856124917220e-09
2.900015963096843734e+02    9.998507848791435837e-01    7.396464463184721644e-03    -1.637078355361900640e-04    7.459664532641571439e-04    5.840337990871118253e-05    4.891294209326627480e-05    -6.261416848065096615e-07    1.177939601993994029e-01
2.900004304793260417e+02    9.986476699717693473e-01    -1.020080861858731550e-02    -1.003949514343622048e-04    2.893411144248710337e-04    5.814636668363022540e-05    4.765489796290861487e-05    -1.494128854157605380e-06    1.002064305260986013e-02
2.899999857873346514e+02    1.001067460832815836e+00    -8.174721715213016660e-03    7.497861843899268370e-05    9.923795853239637646e-08    5.950460047244718120e-05    5.012899169951549438e-05    1.194309238540841966e-07    3.711510600613652892e-03
2.899997658097412341e+02    1.001179759327967433e+00    2.460266302595237944e-03    -1.023288418587396615e-04    4.518219135353242471e-04    5.782821959743812310e-05    4.723975165800861452e-05    1.735758743276392482e-06    4.772480909386297090e-13
2.900008919259230993e+02    9.984214336298848913e-01    4.093548382371345329e-03    -8.550708794494800207e-05    1.188651889706575842e-13    5.764476396373082400e-05    4.794690434629316178e-05    6.073865102678329633e-07    7.195332936770031107e-02
2.900001800844790978e+02    9.979181749113891220e-01    -2.263394434429671836e-05    3.059831648438481673e-04    2.747609356736718115e-19    5.957738482189430304e-05    4.850881573832182484e-05    4.726345033005713292e-07    2.012261565377391725e-10
2.900000735985612437e+02    9.970666157319038048e-01    1.367967897845096762e-03    3.483776585329463019e-04    1.236225529827301772e-16    5.978529026699301574e-05    4.764888515290500130e-05    -5.237149332120871205e-07    9.441059126471720777e-15
2.900003937388202075e+02    1.001758117556937222e+00    4.273479058536530824e-03    3.647501496521474477e-04    2.128301853487423359e-05    5.723172864059712618e-05    4.796403862482609231e-05    -3.420610064114944061e-09    2.103851065664722459e-05
2.900000863555422370e+02    1.003013026639161032e+00    -4.293741990690589684e-03    8.507125984858863879e-04    2.036860845204720042e-12    5.631844501581795656e-05    4.815804284895161606e-05    -1.011246646524316957e-06    8.893775380280104828e-09
2.900000595830115913e+02    9.991136933989596125e-01    -6.401913248032836852e-03    7.248792671586662796e-04    8.281399544048388857e-04    6.036206190279804162e-05    4.998764041766503284e-05    5.453358062332269930e-07    5.044001443463893425e-10
2.899995274847397582e+02    9.964237647474253334e-01    1.385840809060152716e-02    4.448181100388453138e-04    1.070566728238586265e-19    5.674425106501501415e-05    4.735464499949384564e-05    1.335423203786977413e-06    1.392892115769568049e-10
2.900001146547290318e+02    1.000003836761949927e+00    6.287593718881627144e-03    5.373848081001481820e-06    1.291928158378980417e-03    5.640761724691198620e-05    4.638937394620544128e-05    5.496567439311618516e-07    1.710223488156757676e-02
2.899998823493208420e+02    1.000288594528361497e+00    3.915336186388482069e-03    1.022240448506089470e-04    7.490661811759226665e-16    5.965405853238029939e-05    4.938871905573063672e-05    4.816528260118917694e-07    8.732361170040449719e-03
2.900000881038453144e+02    9.963709029979291865e-01    1.111172969119678501e-03    4.185560166234748901e-04    2.274404066451662722e-15    5.680812119682087166e-05    4.772088519711573215e-05    5.987967224102977394e-07    9.893341986656242759e-03
2.899999837299884575e+02    9.994968281157932122e-01    4.212081589993911697e-03    -2.141641714625929622e-04    1.006704174534633083e-13    5.852225018028295019e-05    4.729807521042745858e-05    -7.649101615506577999e-07    1.847654380066641387e-09
2.899999869857373369e+02    9.995071105284508706e-01    -2.355637306786812803e-03    3.893861295199740934e-04    1.543244846305795231e-03    5.693542293342558879e-05    4.805683434360358736e-05    7.187900938504359942e-08    9.551731517004329042e-03
2.900006900323394348e+02    9.971596180062305415e-01    -2.039698825382969816e-03    2.517076653203112620e-04    1.399912153049269123e-03    5.799651203070480774e-05    4.816552135617053299e-05    -8.615783063305217974e-07    3.240624077167578165e-02
2.899999781835269914e+02    9.996669730076777061e-01    -7.839196170634164232e-04    4.767180396836348489e-04    3.078444320536824789e-04    5.726697623384653191e-05    4.899441678988363782e-05    7.872879652983443078e-07    1.007886236384966905e-14
2.900003362332937513e+02    9.968123325803825985e-01    4.981310255258131550e-03    -1.784559953218468312e-04    2.028753130530281355e-03    5.828278445032823767e-05    4.669365534438699460e-05    -1.511444572776173084e-06    8.843196477807703640e-10
2.899999637192657929e+02    1.001709719392487541e+00    -3.636153716508487566e-03    9.156285157192529565e-05    5.054268615188423856e-04    6.115134875880971202e-05    4.937119710705764380e-05    5.177388246436239654e-07    5.239645722738560250e-12
2.900010707402075809e+02    9.974442165563288665e-01    -1.131951445494333748e-02    -3.955663558266081146e-04    1.220702124394553519e-04    5.582040454099924140e-05    4.717460666268097341e-05    -1.144385167094356807e-06    7.275342657556450876e-02
2.899999616301283254e+02    1.000558899861795803e+00    7.060201899699474967e-03    -1.113331692057067913e-04    6.032300492600118236e-04    5.706287706864198052e-05    4.634430691578525551e-05    1.469683107575388961e-07    2.327062974215028494e-10
2.900003066535961125e+02    9.990151973240609662e-01    -3.378011789922472693e-03    -5.502996662823819935e-04    2.777776755585366223e-07    5.696677386585322409e-05    4.749356057740421265e-05    -1.543903881991836562e-06    9.043310420548565307e-04
2.900002921435643657e+02    9.986980770901797699e-01    -3.356134407623649336e-04    -4.227805667104781267e-06    2.489518248782602292e-04    5.640735593154078229e-05    4.722275830951637909e-05    -6.090054318606032303e-08    2.955303370175782138e-02
2.900001397294979597e+02    1.001389443472238350e+00    7.365821005515881632e-04    -5.620287692733305900e-04    1.213407900964681230e-03    5.474489465992298486e-05    4.653801906530249222e-05    8.134263303765457704e-07    2.326746909492271723e-15
2.900002406014545500e+02    1.000721346115414301e+00    -8.067356507297819557e-03    -5.035401809278008652e-04    1.612245853950157949e-15    5.811710991957433039e-05    4.843377239081901006e-05    -9.617019670452858528e-07    2.430841339844794888e-09
