# f_r [MHz] A m phi D delta_r delta_ere delta_eim a
2.899999523306003084e+02    1.002085511123587791e+00    -8.377030953872273422e-03    1.947769828633749364e-04    1.059089188580571335e-03    2.615659442845183290e-05    1.409892385910389967e-05    -1.871846678850621339e-07    1.151249200367618526e-02
2.900003268776267191e+02    9.978461602146254661e-01    -1.252779668868554339e-02    3.303284842707017313e-04    2.143487189565617057e-20    2.559625640758256130e-05    1.412654762124108001e-05    -4.122463282354878348e-07    1.710326697629727199e-11
2.899995767826329143e+02    1.000279765984883662e+00    -5.220422721159962212e-03    1.295589076214172545e-04    1.018608927830388965e-03    2.360247989818457472e-05    1.345595133802728196e-05    8.456996647465160317e-07    5.865062718865764700e-12
2.900000077235156368e+02    1.001046159481040254e+00    -1.183351323879982099e-03    1.300181437807598143e-05    3.042953753299772418e-16    2.156998264957524485e-05    1.176210561701826452e-05    1.438598731987239962e-07    1.325686917263725132e-09
2.900000416537292836e+02    9.995873458348787377e-01    -1.851478945291403682e-03    1.571846189408523649e-04    1.140668961217718115e-03    2.306531705863382024e-05    1.363106856251762768e-05    -3.080699606074180655e-07    2.003687829185247141e-09
2.899995748016903576e+02    1.000267870832386663e+00    -1.245465203437660451e-03    -4.279514030997201438e-04    1.961409381166258879e-04    2.243344507962646806e-05    1.355166243478993878e-05    2.995781918244977306e-07    3.592504533805429383e-14
2.899997910990146579e+02    9.966683025566855925e-01    4.577556304276586010e-04    2.499654640951262576e-04    2.472478919082935368e-03    2.247629704149561086e-05    1.369884824452921276e-05    8.575647697440332965e-09    9.337557068972868884e-11
2.900005172158403752e+02    9.985619971382729831e-01    -5.755538452296454777e-03    -2.811224120336198117e-04    3.192408302004621817e-04    2.517277294447848118e-05    1.450355646674201080e-05    -1.461488981912060145e-06    3.683314343599086715e-02
2.899998142513143193e+02    1.001606602168895632e+00    -1.609625654708178588e-02    3.568920731959569157e-05    5.168991431896031042e-04    2.364583256722038095e-05    1.365482525838932010e-05    2.104572279086778803e-07    1.488989796060285342e-14
2.899998300475108408e+02    9.964243983996547982e-01    -8.389617382392662928e-03    1.458289140914419981e-04    1.574899693271157751e-18    2.493668869106755278e-05    1.373221818265334244e-05    -3.777659947606805132e-09    5.783704050365828735e-09
2.900000062745320974e+02    9.997239896098895073e-01    7.464892918983995554e-03    -2.914525273531989652e-04    1.305086924989792125e-04    2.585480276924158436e-05    1.405261302820733944e-05    1.188603351111245862e-07    5.380573611902768437e-11
2.900009060155344400e+02    9.998729544770526001e-01    6.377175493379730851e-03    2.606123176740086445e-04    6.063118805019129464e-18    2.206380526478057561e-05    1.272823363870494974e-05    -4.464504149373617025e-07    1.407901506884357001e-01
2.900000008581395718e+02    9.989729400698714734e-01    -5.936526912229375501e-03    4.125481808354096837e-04    3.476789169170194158e-23    2.693818834958082727e-05    1.434041391723792429e-05    2.586490749218362062e-07    1.417262636726818914e-10
2.900000514799135090e+02    1.000880318647375589e+00    1.650054380621436556e-02    -8.903190107810108613e-05    1.890344719605562820e-03    2.393465186294371140e-05    1.324936622320224915e-05    1.736637531100784065e-07    9.164122684989543463e-15
2.900001374692446916e+02    1.000615080927898859e+00    -8.792311987293128031e-03    7.276855116842768955e-05    7.935251205515237089e-05    2.429016516308659632e-05    1.368890986371760231e-05    -2.269855652223832878e-07    1.455091126250974802e-02
2.900000443572208155e+02    1.002578769511381251e+00    -4.589424000483557572e-03    5.636936774465668189e-05    8.339082628838504971e-04    2.082222451895401796e-05    1.158901678491642551e-05    -3.350619166562105054e-07    1.800716014290272514e-09
2.900001414196912037e+02    9.952968290067983892e-01    2.936720877803021112e-03    4.017732421772454514e-04    7.698634173486133218e-04    2.044803900530652393e-05    1.305865110997239510e-05    1.424884477319893082e-07    4.071920964057104686e-03
2.900001264171353910e+02    1.001038635258966414e+00    2.197068222192965787e-03    -2.128031520705987506e-04    2.723897273891835082e-22    2.468350429550159861e-05    1.431107136081000782e-05    2.445503777649492546e-07    1.618559290480746024e-02
2.899998033304863725e+02    9.999693895909317343e-01    -2.911070199836468964e-03    7.619633136557480443e-05    5.743318459955255601e-04    2.187732887716102286e-05    1.255134774391331632e-05    5.125916051105949858e-07    3.587613234449737762e-10
2.900008719076235479e+02    1.000194150891246858e+00    -4.046950797813309020e-03    4.718989303023730063e-04    3.594180616461901804e-04    2.494421981840413770e-05    1.363104267164291740e-05    -1.024213502882421887e-07    1.643736596910385095e-01
2.900000623811171181e+02    9.991852640691113452e-01    -1.605315665230541830e-03    2.167296737562569267e-04    4.202363489296656134e-29    2.526719342894805049e-05    1.355240062557513885e-05    -2.073214006916508172e-07    2.764611054879109492e-09
2.900009435852917932e+02    9.968533474506058312e-01    6.013207356351891152e-03    -2.556941240599071991e-04    1.043230327777987370e-27    2.259465008417536509e-05    1.314895712350452185e-05    -6.987899293311710157e-07    1.457410470700084559e-01
2.900001823844262390e+02    9.995613953761860460e-01    9.909696782095597442e-03    -1.204563176375078354e-04    2.928415366756336102e-16    2.363845512771706197e-05    1.261068574283900262e-05    -6.967225298990608045e-07    2.898469583879870193e-02
2.900000349142624145e+02    9.992426473012585575e-01    -1.200785152129945667e-02    -3.513999635221091050e-05    5.046039950735120010e-20    2.197802402515173633e-05    1.304763935061188563e-05    3.992742041258224078e-07    6.205807551348322543e-02
2.900011726209339713e+02    9.971367580102800110e-01    -8.972365939003367191e-04    -1.489194760632065579e-04    6.908330467058758835e-18    2.540470466124598929e-05    1.386507440816709414e-05    -4.344870862488389958e-07    1.533066863846514472e-01
2.900000105543832092e+02    1.002236313964776304e+00    -1.446914893522665462e-03    -5.263028580177407499e-05    5.008832790846305498e-04    2.355616173181674397e-05    1.473232537939238909e-05    -2.109855211913580210e-07    2.255814606282174895e-02
2.899999914349118058e+02    9.989745302945546301e-01    -5.819516451897310642e-03    -1.066764818541225950e-04    3.997787795916078421e-04    2.484345785950727188e-05    1.349694098962743948e-05    4.030740833566701786e-07    2.723813139920416848e-02
2.899999794000866586e+02    1.001357513863429416e+00    8.624826900539927718e-03    -2.675764395104163434e-04    6.784935799595460818e-23    2.355531056871969152e-05    1.385129958627541936e-05    3.811302754258216379e-07    3.649404149122380259e-02
2.899996605319351488e+02    1.004647124010457970e+00    3.762355484053024873e-03    1.415751577413810048e-04    2.097101643874694448e-24    2.299933578887586254e-05    1.390477129882533123e-05    -1.462664367867837726e-07    2.131753705121457067e-10
2.900000772073198618e+02    1.000532222272356497e+00    -1.572563063716145640e-02    -8.970068002064126309e-05    2.365922558477723996e-16    2.418837340807535082e-05    1.378823547126545928e-05    2.379201768284310504e-07    1.592132568797101702e-02
2.899998846651044460e+02    9.982848116722626841e-01    3.625667878627172273e-03    -1.433394629592307974e-04    8.187899170644428042e-28    2.220403611430079566e-05    1.263085321415535639e-05    3.178615914887442737e-07    7.373807993744273302e-11
2.899998868732955088e+02    9.972791686091623253e-01    -4.540163987218046732e-03    -5.322540794722459127e-05    1.129006870974248918e-23    2.225033910930904559e-05    1.270621237631725492e-05    6.153633875486474898e-08    5.405240166261276365e-09
2.900004342098044958e+02    9.990143101786739255e-01    1.770309802787693818e-03    4.441313894909614630e-04    3.859060857573769260e-23    2.637493602535067187e-05    1.512449865342725345e-05    -6.290780120477644068e-07    4.243451557155613479e-02
2.900000131869607003e+02    1.001192703518405391e+00    -8.549957081217930341e-03    -8.691458878616853097e-05    1.189571997331996312e-29    2.286343489225928723e-05    1.410376895111644680e-05    -1.031808946430949175e-07    1.293873473294350755e-13
2.900002231907830605e+02    9.999600994875306181e-01    5.075326663812469198e-03    -1.953731309202353609e-04    7.454540596796375290e-04    2.324125458829594373e-05    1.351736988414568456e-05    -8.742328364910738408e-07    1.781379831200306248e-11
2.900002069936742259e+02    1.000465370403347709e+00    -7.428109483822932686e-03    -5.855855986592735364e-06    4.974667937933913804e-04    2.128172068211596574e-05    1.278871313799102914e-05    1.761133512391552920e-07    6.483411103847737389e-02
2.900002147224733449e+02    9.986548249969252611e-01    9.032431224609069678e-03    -4.247325694904153002e-05    1.748093968150937229e-04    2.396859399390462194e-05    1.411415477375945615e-05    -1.285919180828129931e-07    4.446839773692088868e-03
2.900002476343996705e+02    1.000996476783184486e+00    -1.562496852098123855e-03    -8.857384501439461886e-05    7.399277033119631825e-27    2.274066388801016111e-05    1.339023552190089210e-05    -7.585310909172973347e-07    2.683941995697761623e-10
2.900002203610509355e+02    1.002240220147183836e+00    -1.248822039776648768e-02    -9.465447622162892266e-06    3.378450714130855977e-04    2.550930084897072133e-05    1.405334616804654145e-05    -6.209302745113676374e-07    6.050391351984809381e-14
2.900000983593926094e+02    9.991784409821916624e-01    8.907138660640299618e-03    1.356188824759739162e-04    5.768025233308716776e-05    2.378063176346231390e-05    1.327415368860372743e-05    1.085123851335089554e-07    4.555632831372240841e-12
2.900002189158757915e+02    1.001541092460884075e+00    -1.103667777018017219e-03    -2.974992649518031786e-04    1.254104538454736835e-20    2.348435778584472781e-05    1.375131933417451334e-05    -5.547644314368558584e-08    3.600485587938080521e-09
2.899999042832627651e+02    9.996074902804512607e-01    -1.923163377830774132e-03    3.555949892513499827e-04    2.785605948865569654e-22    2.310940781201216863e-05    1.321020051869310645e-05    1.539046145187469355e-07    2.989643411307371488e-09
2.899998981005936116e+02    1.000181391745998294e+00    -1.005629438560481058e-02    -1.024766253562297847e-04    4.848097008102166070e-04    2.254449058947147501e-05    1.248437939328070032e-05    4.496859618867273182e-08    1.923539417758714073e-13
2.900009142460716589e+02    1.000627083543279561e+00    -9.152755845958258571e-03    1.137987885547176955e-04    1.305788877016019802e-22    2.378022976725529050e-05    1.328903209943482926e-05    -2.154818758625189793e-07    1.559678993916672474e-01
2.899996595802483625e+02    1.000164113957847878e+00    -4.219837115900660317e-03    -1.852203803157962899e-04    6.955521166855761295e-04    2.185021613756283308e-05    1.337597886231222238e-05    1.353287671371733682e-07    7.213896557756922811e-10
2.900005711922721048e+02    9.991730508889787865e-01    7.737124514746895887e-03    -1.995402184397290909e-04    4.326177689653167486e-20    2.247715810042367801e-05    1.261008653434339588e-05    -1.299060565204714918e-06    4.546200665574988797e-09
2.899997413413336176e+02    1.002432363945125582e+00    -5.822708177203509035e-03    -1.684075986786240928e-04    1.766896882939689032e-03    2.329188312462833149e-05    1.258881354008896224e-05    1.109563730779440005e-06    5.379547122716449303e-02
2.900000596034358864e+02    1.003376837038281399e+00    2.030119719462976108e-03    3.156415127350986507e-04    9.137440153129614820e-04    2.147615775731095709e-05    1.341174190487027069e-05    -6.224406775329119711e-07    2.561122859359908476e-10
2.899998551390742705e+02    9.991532735783325014e-01    5.374976238496906311e-03    2.038428138150895136e-04    3.790095831505480056e-15    2.568837882598373404e-05    1.409465032655622148e-05    -7.232808689992502480e-07    2.141485415758847803e-09
2.899998210993412044e+02    1.001018816865947292e+00    -8.397268243036755050e-03    9.138194668178543781e-05    3.641740319474748281e-11    2.706218544786763628e-05    1.469826239471439279e-05    -3.201720046361390062e-07    4.699407738252234235e-02
2.900002633313498563e+02    9.970996605147510738e-01    4.105276282162957646e-03    1.532360407793091910e-04    3.731085625435846820e-27    1.959003577145378594e-05    1.244716231414686736e-05    -4.941789358092966733e-07    2.126359016837804597e-11
2.900009629074176019e+02    1.002186210170946223e+00    1.024536019971706256e-02    1.326829839467584223e-04    1.915593288044424678e-04    2.176522094562269422e-05    1.370087990020545961e-05    -2.159081277263128464e-07    1.519837793483318766e-01
2.899997718312280881e+02    9.988247866954577114e-01    -8.096903381220859480e-03    1.388279478093181222e-04    4.558497619648154086e-20    2.326106769299709167e-05    1.335342356325686862e-05    8.266623918001150610e-07    9.523946098607673851e-09
2.899997279687282230e+02    9.995733488774459774e-01    2.112826752136505795e-03    -3.028454855312352170e-04    3.216639336393027236e-04    2.302201354760373723e-05    1.324299241344632071e-05    8.026129213495177892e-07    1.392063369559317221e-17
2.899996748144360481e+02    9.977727416260115945e-01    2.036563194766076793e-02    -1.591518918579254915e-04    5.959243662032440724e-30    2.337133063611539376e-05    1.387709783708526167e-05    4.318012454018771692e-07    4.909206392181006539e-10
2.900003116492859476e+02    1.000931279745315816e+00    3.170564498762232317e-03    5.867451364805583618e-04    1.017522369220928658e-03    2.405364888572429508e-05    1.372976596074384359e-05    -2.125914568535156749e-07    4.063612527283234216e-02
2.899998641583437120e+02    9.993744355621297926e-01    9.982813049920890441e-04    4.991510015080502684e-05    3.801443856286477909e-20    2.450859335025619960e-05    1.310100339606048709e-05    1.856471149102479008e-07    2.054914389518840829e-10
2.900000945383840758e+02    9.995124573908241716e-01    1.369618864994376004e-03    3.648000703893227652e-04    1.917948679771999372e-03    2.403074331309149316e-05    1.371762306931896413e-05    1.429115832403511299e-07    2.085677779868928076e-09
2.900007292626296476e+02    1.000153677942644759e+00    -2.022287104991370998e-05    2.903467809825126299e-04    2.335717112389740376e-04    2.314212812515102191e-05    1.352997170815637787e-05    -4.494458872440867319e-07    1.043120071908429231e-01
2.900002352250019726e+02    9.960153690388494629e-01    1.834208600317261198e-02    1.396928685481978985e-04    4.134148081869003066e-18    2.219819540363126049e-05    1.213615449379558156e-05    -1.052895100038393566e-07    5.553535504435839215e-10
2.900003093698506405e+02    9.992308607539220899e-01    -2.179261382230883708e-03    -4.023859709240691748e-04    1.013758475231996137e-03    2.479557090122240336e-05    1.367844382398035638e-05    -8.671145118242043958e-07    1.340288301207018425e-02
2.900001828735624372e+02    1.000568646567141284e+00    -2.042183319484014263e-03    1.478562166465607463e-04    1.336573616650787695e-03    2.274389126865907393e-05    1.357622480829441333e-05    -5.499764399196275538e-08    8.332175453423892875e-02
2.899999830387377528e+02    1.000458361781116245e+00    4.781560176366962287e-04    -5.486016588215456187e-04    1.439040061025561494e-03    2.126539749140048908e-05    1.268547155478912964e-05    -3.969838679904425574e-07    1.733014179810514019e-11
2.900006204872273088e+02    9.980123272290797320e-01    -3.291767508124617599e-03    2.239410712559276341e-04    5.358746300232662902e-04    2.408631883144847209e-05    1.406821807527811466e-05    9.054550568507511789e-07    1.851213346327489351e-01
2.899998584257970720e+02    1.000014788247083786e+00    1.488149409079207210e-02    -1.324914106419594173e-04    9.446852992759213695e-21    2.113122439888415671e-05    1.222653009800124543e-05    2.346961136626515687e-07    5.070575310242598501e-09
2.899994518678215059e+02    1.001732818727356866e+00    3.989120449984035545e-05    2.093025321010119296e-05    1.360864882537954336e-26    2.361410894675948261e-05    1.346092009564611323e-05    8.917345578408605836e-07    3.047125916162658706e-10
2.900001542177250258e+02    9.996727735695487560e-01    1.788147395847133848e-03    -3.539932205552187659e-04    2.110313100822767615e-03    2.424848625165256202e-05    1.243871787645725217e-05    5.123111900409067035e-07    3.120031207621017794e-02
2.900001779304989782e+02    1.001271609342219593e+00    9.960222293205757763e-03    -1.538545820636703823e-04    6.389107889481705944e-05    2.340899545662375789e-05    1.378512719940230808e-05    9.751932616655902412e-07    5.197431992498832004e-02
2.900006078792537210e+02    9.990759445665492455e-01    -3.961076436240416193e-03    -2.749868713880109687e-04    7.713957958480782175e-04    2.256549894638005646e-05    1.373580271442635504e-05    -2.435657400258589714e-07    1.187984412241304272e-01
2.900002668314969583e+02    9.989622344424108347e-01    3.265724803345989354e-03    -8.013297929240659643e-07    9.217612076998837186e-24    2.318620693305621555e-05    1.336701374879563286e-05    -4.370766741454382558e-07    2.660154498135990433e-03
2.900002841502043225e+02    9.978685731957281924e-01    8.539239801881211289e-03    5.057783107468947093e-04    2.364968103190542377e-25    2.480705759460037204e-05    1.441769456104409157e-05    -4.496182496244048158e-07    2.421031972221385005e-10
2.899996983098442911e+02    1.000073868410892297e+00    -4.140717451388950011e-03    1.329831776076843483e-04    3.253260143496205809e-04    2.312480782690902166e-05    1.410866857732976597e-05    2.765400861545441864e-07    5.217875313483516231e-16
2.900000234282676388e+02    1.004902762173888187e+00    -4.032980198672589042e-03    1.255619129165142680e-05    7.777397054604159764e-20    2.458545738408855297e-05    1.332148559791039484e-05    -7.657719314853439206e-07    3.359350267635064313e-09
2.899999235387479075e+02    9.976267740649770177e-01    -7.233506090259504522e-03    2.083810002781778724e-06    8.742733958622116850e-27    2.392139901831171557e-05    1.369357239515968645e-05    5.692802846789032044e-07    1.490936595450135614e-12
2.900001429424518733e+02    1.001075869515986927e+00    -7.329431596102249126e-03    -9.523778714570661698e-05    1.588049483067336147e-04    2.461589149691193742e-05    1.377183812821123502e-05    -9.244938826176162327e-07    4.435965747577192905e-03
2.900002777361675044e+02    9.986926000656418667e-01    2.911746458378528489e-03    6.737340735891857678e-05    7.332050338813715745e-29    2.347566999518402222e-05    1.314710188190574697e-05    -8.329386952091785685e-08    1.736688062754147241e-12
2.900002164865360896e+02    9.982074633781679029e-01    -2.069860319687606871e-03    -1.279480268825784273e-04    9.013807959078129902e-20    2.406945020916415140e-05    1.289359945502084117e-05    3.880770614458225546e-08    5.202534215036731455e-09
2.900001481200301896e+02    1.001512412307376865e+00    1.330517468086548673e-02    -7.367888451402443753e-05    8.766182701854502423e-30    2.654941765310432381e-05    1.501259756306488845e-05    2.450997734431506062e-07    1.622101600759947443e-02
2.900005597105212019e+02    1.000003419088883350e+00    1.694241226997439918e-03    -1.288698959411030073e-04    4.446297324983762965e-24    2.375974323782581790e-05    1.398854489388057809e-05    9.837695623235732827e-07    1.498894660717092764e-01
2.900006676960444452e+02    1.000294134390832701e+00    -5.425591634474095232e-03    -3.495073072218949370e-04    5.071173046940420951e-04    2.355717208341567126e-05    1.358861467940485655e-05    -5.924613242032047239e-07    7.465839360024610627e-02
2.900012317321131263e+02    1.001421341569328716e+00    8.438230502259615531e-03    1.190389306825394251e-04    6.401261472245091443e-04    2.260277703920518787e-05    1.403502103439272190e-05    -7.679560923415857965e-07    1.837937556861565236e-01
2.900002279990150100e+02    9.977113393529124519e-01    2.518457048893337283e-03    7.117542772927833421e-04    4.872345539292146895e-04    2.392315408399247730e-05    1.364667307032663715e-05    2.835942474089122103e-07    9.445246771682123954e-02
2.900002819959923954e+02    9.996626353735943438e-01    -6.293430812511863377e-03    -4.585639159323551283e-04    3.457076111772086237e-21    2.385086169135051986e-05    1.347185920513909622e-05    -1.474907583764969362e-06    8.900951040938997273e-09
2.900004287199338933e+02    9.997719385843356621e-01    5.655954447322306296e-03    -2.307504739785136893e-04    2.544233613865009405e-23    2.365612071244311865e-05    1.354300294753667369e-05    -1.357759900954769196e-07    6.669669818297958852e-02
2.899999890249999908e+02    1.000611899537821037e+00    -4.779827424948208080e-03    -3.288808122578757418e-04    4.924710268619863444e-04    2.485308649988700989e-05    1.430715172854506424e-05    1.224705407117084016e-06    5.325093769626088047e-02
2.899999652850566463e+02    1.000869069976760173e+00    1.506365541741260103e-03    -3.427533142112447538e-04    9.681673366426728696e-23    2.278651240366317901e-05    1.335487213870497893e-05    -7.632747937477673570e-07    7.667655880699852101e-11
2.900002467809256359e+02    9.992735697855018584e-01    -2.239110894216695367e-03    -5.697701184044150040e-04    2.126362155703953333e-03    2.198412424501250040e-05    1.333166523380856173e-05    -5.395835780498112025e-08    4.847681189404196012e-02
2.900007866760955721e+02    9.996643732751040456e-01    3.103047439102086559e-03    -2.368586819267204423e-04    1.715523899925579028e-23    2.331562785496673696e-05    1.342360485498214035e-05    9.259329753747574180e-07    1.922309869045623620e-01
2.899997969080209259e+02    9.978753936622675180e-01    -2.103007988152214187e-03    4.612063954039213854e-04    8.438598049286918142e-04    2.436616354354261709e-05    1.399052167784890732e-05    -2.900048649710335860e-07    4.920560590837515569e-12
2.900000795508155989e+02    1.003349886239689237e+00    -1.306592262635742838e-02    -5.094985095627978201e-04    5.914817230290326253e-04    2.218062317238543690e-05    1.340533773766389870e-05    4.046945686479692525e-07    3.167427117598756864e-02
2.900007031183318418e+02    1.000635867302564375e+00    -2.222328250544165686e-03    1.630497744841986603e-04    2.452797824894063805e-04    2.322212377903657313e-05    1.348646630345724005e-05    1.071062286163446857e-06    2.287837703451230387e-01
2.900005622630623634e+02    1.001338668676529986e+00    4.159810601052621633e-03    -6.533376545561225834e-05    1.918312492926481025e-03    2.407982947359316861e-05    1.382070071715610440e-05    3.123227167521359144e-07    1.288911714737481784e-01
2.899999900416323158e+02    9.996034263349736770e-01    1.470622510456029604e-02    -3.068197118019194399e-04    9.603434949273303512e-04    2.381984988102065170e-05    1.414009790596817037e-05    6.626162073763222781e-07    2.817514956868025049e-03
2.899997306277002167e+02    1.003075188927720074e+00    5.067767317332112775e-03    3.598479766248740560e-05    1.071521267095601571e-23    2.323662926718470144e-05    1.335509903004025134e-05    6.961897216195971723e-07    5.867281937630448891e-13
2.900005055986607658e+02    9.994030569851891643e-01    -5.209375006573480071e-04    3.088129768304192840e-04    1.026155648294598357e-24    2.286344576666591075e-05    1.367292811264174721e-05    -3.137002773072198646e-07    1.114920784772810702e-01
2.900001166372396142e+02    9.978326474434716653e-01    2.532688567464478572e-03    4.259271514349376045e-04    2.167234390307404106e-03    2.183072694310826103e-05    1.294301037357620077e-05    -4.749957454425341519e-08    1.833092851343766076e-10
2.900006776675132301e+02    1.001518510556266728e+00    3.455734764408780867e-03    -1.560765315335977500e-05    1.859834017640986858e-03    2.454783882157890546e-05    1.378664759220032511e-05    -9.441400849458913498e-07    9.418738941921091234e-02
2.900000353175776695e+02    1.000779925515146385e+00    1.246517324679179313e-02    2.326360267798082565e-04    1.170887858580502360e-16    1.957216569245288316e-05    1.211602623806210468e-05    5.848082490475142681e-07    6.452619451242468527e-11
2.900005491671652180e+02    1.001907778453135389e+00    -4.012129664512997275e-03    2.336500627779645632e-04    1.116262003515020187e-28    2.334659553567008079e-05    1.275368115914623973e-05    6.044748436344671746e-07    1.548364341625876606e-01
2.900004063947652071e+02    1.007075193911731059e+00    7.689014806913869798e-04    -5.596299824826087151e-05    8.015913857207092146e-04    2.218774053670901725e-05    1.314632474284240645e-05    -7.783751964648770425e-07    1.742395381588839211e-09
2.900001930050258920e+02    9.986366887894123634e-01    -7.183059786815979226e-04    -2.376473970777454503e-04    7.210744286962438021e-04    2.528864198817536109e-05    1.389341166114273912e-05    -7.493975328706524820e-07    1.489722608643075270e-02
