# f_r [MHz] A m phi D delta_r delta_ere delta_eim a
2.900001322028028312e+02    9.992911362273257936e-01    -3.661474917151495007e-03    4.617848154707986574e-04    7.911092317137610437e-04    2.179256836215596815e-05    1.245950246643556058e-05    3.892496626407013986e-07    1.748569085110488840e-13
2.900011315611324676e+02    9.973074446762659750e-01    9.979846196703882899e-03    4.974915478695474428e-04    3.795267027324255183e-18    2.339883784089206837e-05    1.267216997544291397e-05    -3.428421833816227493e-07    1.700714022803600511e-01
2.900001268233518772e+02    9.956783056911843177e-01    -8.535036381133466118e-03    -4.955022889975226226e-04    1.200550339622262456e-26    2.227778158243992252e-05    1.284165668408093591e-05    4.195797326359295294e-08    1.596674033384605509e-10
2.900004819098733151e+02    1.000735151389947619e+00    -1.225536290203288470e-02    -1.966973345767673235e-04    4.402224484250851884e-20    2.411837449852803590e-05    1.348988870353827801e-05    -2.636788481946433995e-07    8.813104784217956622e-02
2.900000509877525019e+02    1.000099925877228069e+00    -6.791807149342509245e-03    3.310026602838856590e-05    3.237539162451061770e-25    2.353219618813855079e-05    1.285073760824254164e-05    -7.594839065285865198e-07    5.406441641012750375e-13
2.900003202150781476e+02    1.001830296913440055e+00    2.140136444785067232e-03    -1.854658639750124372e-04    2.094514535893778776e-20    2.262415515828505318e-05    1.302396021630948535e-05    8.352657858880911198e-07    1.080707986984126290e-01
2.900008504579329838e+02    9.981764569777413776e-01    -3.187967721528754271e-04    -2.452360746429658751e-04    6.660801983425435730e-35    2.404876320798302587e-05    1.394177147081038366e-05    -8.808216222944497252e-08    1.286126223395063772e-01
2.899998944109661920e+02    9.969972181266179012e-01    -1.832087678727852822e-03    1.390024745854382987e-04    1.195353678666974092e-03    2.164666168380651747e-05    1.327853912845659360e-05    4.152174046806997520e-07    7.372008140661067907e-10
2.900009780363494656e+02    1.001279902905159114e+00    -5.435141987969992379e-03    -1.085702439679910855e-04    9.714688527135405824e-04    2.481655359603393758e-05    1.370121957473226026e-05    -9.685085481610897933e-07    1.107876133419408993e-01
2.900007328464831176e+02    9.990980758873605483e-01    6.427797003952481422e-03    6.093154490079926279e-05    9.990304721384927252e-04    2.265088225451729451e-05    1.248830022518463773e-05    -1.111724363242029132e-06    1.205867283858027966e-01
2.900005473458302845e+02    1.002509320904924506e+00    9.912525297727655619e-04    -4.443368781323482858e-04    1.632568113787410394e-24    2.133895776310294876e-05    1.253590893765291611e-05    -5.001307236640237974e-07    6.985244403540274982e-02
2.900002278744522641e+02    9.992211173263677582e-01    -4.353801751733295429e-03    -2.354702221292545724e-04    7.952463778874403018e-04    2.273727517827398925e-05    1.248693378252030161e-05    -7.004306083976141676e-07    5.993834396629769152e-13
2.900006457955814199e+02    1.000270360387425672e+00    -2.501524050659590867e-03    -1.058259832877587217e-04    7.992945432807976901e-05    2.168161428102464156e-05    1.295775843264227442e-05    -9.296419688706347233e-07    5.994371577985165706e-02
2.899999691903351504e+02    9.966009518558653912e-01    8.987370378112433458e-03    8.643167710207248284e-06    1.177913037339023616e-35    2.284360722330274542e-05    1.296031083620572414e-05    3.925963132974080653e-07    2.785477140706891697e-08
2.899998224158560447e+02    9.998613531706342927e-01    1.066273299240727383e-02    3.990293353683770756e-04    2.591546924903405619e-04    2.144029189370309798e-05    1.252665909401659752e-05    1.034346015859630595e-06    2.430587100280838711e-14
2.899998331566937395e+02    9.994136466439932365e-01    9.839336230248739087e-03    9.689454610720995816e-04    8.952969412761820291e-20    2.143214837167253017e-05    1.326312389269058085e-05    4.963815925648766969e-07    4.003663967053739730e-10
2.900000256743705904e+02    1.000366512971497368e+00    -6.073689543392088441e-03    4.060400919157540695e-04    9.968578593121895950e-18    2.400562292144431685e-05    1.343929394176918401e-05    -4.753740239282645017e-07    1.525287425166167163e-09
2.900004137007232430e+02    9.988442923486352543e-01    -6.573545367897278696e-03    -6.056104525054363302e-05    1.631642775506633996e-04    2.298462246015322728e-05    1.277844195146724259e-05    2.996296245218512842e-07    3.948413556990892220e-02
2.900002888403113275e+02    1.002577785784102504e+00    2.338959057661902426e-03    7.138195625367690965e-05    1.034547581585561372e-17    2.396293963345447450e-05    1.390408950153333041e-05    -8.054713445020421491e-08    6.924085758844377055e-03
2.899997317644696864e+02    1.001302144136198002e+00    -1.182857328410039880e-03    4.862479784135346345e-04    4.405121155162191487e-04    2.207680694241700035e-05    1.288573401567596318e-05    4.880554780018865528e-07    2.142050714762204228e-13
2.900007721492514747e+02    1.000379202493492992e+00    8.870458763545959217e-04    1.459331688685498404e-04    1.245407895162174829e-33    2.329536304057255568e-05    1.251173534453945018e-05    -7.228583303939400214e-07    1.314150634763051884e-01
2.899997731335827211e+02    9.987458928019505855e-01    -3.161642056649043627e-03    7.624526306926954948e-04    1.257580798118791043e-19    2.286235143673758302e-05    1.298987338529764425e-05    3.608405502453761577e-07    1.021553952599047880e-09
2.900003751235996106e+02    1.002354330236020497e+00    1.082471607616969193e-02    3.424094297399918904e-05    2.441668810611392062e-22    2.407928159052811099e-05    1.395411849603679015e-05    -5.399651815264109916e-07    5.681597127055566104e-02
2.900000182428254902e+02    9.985168756992711669e-01    2.072177608969043728e-03    -2.061055918380112089e-04    2.222632264341857266e-15    2.296492909841664324e-05    1.289911537812250846e-05    3.477208157151353966e-07    2.191973409130696374e-11
2.899999400822624125e+02    9.974998828947645446e-01    1.550250621031284753e-03    -2.991583670332600108e-04    1.244684081005828589e-03    2.643546226304875225e-05    1.331238442789982783e-05    4.557183582289938681e-08    3.414786209613927329e-13
2.900003501603554810e+02    9.996932523107104895e-01    -2.018180956142476019e-03    -3.944393932458744581e-04    3.094520944923246546e-04    2.168530283066550195e-05    1.287487053677134719e-05    -7.493169149580217039e-07    1.301762880385132562e-02
2.900005329446489668e+02    1.000728976708293860e+00    -1.103552687103387733e-02    -3.682374717784583050e-04    3.677191715709925185e-25    2.642351403705286368e-05    1.414570043498550211e-05    1.526507342771423738e-07    1.379704173220360208e-01
2.899999022700104092e+02    1.000511022593413069e+00    2.771168194520082402e-03    6.355107559495624340e-04    6.412766546080859217e-04    2.388207352094755213e-05    1.322230103913907315e-05    2.183618372547488360e-07    1.172044393726384068e-11
2.899999488975352619e+02    1.001758152312829164e+00    5.428424637953638103e-03    -2.914819380883760998e-05    2.560060633221426102e-03    2.272931599334137895e-05    1.391566135429808764e-05    1.011558491795693928e-06    8.904072347384697027e-12
2.900001763092055853e+02    1.000239145797193752e+00    -7.511295998997840478e-03    -4.576130497138880602e-04    1.780481368804399933e-04    2.180863123370895470e-05    1.227046249709892868e-05    -1.443153519440825793e-08    4.660609186250741498e-02
2.900003045600817018e+02    9.991789292177460924e-01    -1.120880248218646992e-02    -2.367736789040317789e-04    4.334649585812028620e-36    2.399893518774211240e-05    1.311359720792004024e-05    -1.382129597915662068e-06    1.219390249857843012e-07
2.899999327756705156e+02    9.989690942137257057e-01    -2.737839786980032948e-03    1.867393989643795476e-04    2.425004641016271232e-04    2.332531140436951936e-05    1.325841043175329035e-05    -2.193666300340128092e-07    1.211117740770411739e-09
2.899999248371429985e+02    1.002611411262753105e+00    -2.398006419603500056e-04    -4.419241249704963597e-04    8.921983144249969692e-04    2.178002431209697759e-05    1.279007540562057634e-05    1.534419781454466155e-06    6.388969803508658118e-02
2.900001814544495460e+02    9.965878557300432705e-01    7.743612912737267255e-03    7.822859425911542403e-05    1.216515107994524825e-03    2.122631121441582688e-05    1.240002758304218867e-05    9.479089343464336896e-07    9.668785652349703996e-02
2.899999743417531590e+02    9.989773846301335247e-01    -1.308060731215265199e-03    -2.707072660864298218e-04    1.292473006652393192e-03    2.294463457188963598e-05    1.301065165216881468e-05    -5.501027327776137200e-07    4.266642523769317158e-02
2.900002655777840346e+02    9.975748011387713943e-01    1.681254702712484637e-03    -3.001134008519989104e-04    1.339340271258810831e-03    2.269985096091175570e-05    1.312238509858273143e-05    -8.481977376885591394e-09    9.604322988103625644e-10
2.900002240639727233e+02    9.993582484072409677e-01    1.901819870773415085e-03    -1.705239663111122363e-05    2.628257028979543103e-04    2.356671622255792684e-05    1.320006586702291987e-05    -2.020216751995626230e-07    4.477012902411502127e-02
2.900007894336565641e+02    9.988553651104135067e-01    9.572116769667604478e-04    -4.368573321910825522e-04    7.246696001454638121e-05    2.240959150149880087e-05    1.276733713428428030e-05    -3.567921800666121408e-08    1.215520591414944868e-01
2.900002358484629781e+02    1.000047674925827135e+00    4.225135360070589319e-03    -1.222615421440262872e-05    7.530966119426957416e-28    2.457376795831527679e-05    1.352719967796276417e-05    -6.081452792920041034e-07    9.051562944829988231e-12
2.900001860279996890e+02    1.001005688234417601e+00    7.577992949422525382e-03    -2.949522871945579210e-04    3.855477330572978472e-05    2.229750911076743618e-05    1.347207072492776645e-05    -1.680124902633870059e-08    2.159714918839247821e-10
2.900009578437616256e+02    1.000917138654141336e+00    9.800090901232647554e-04    1.161240013582891473e-04    3.019937876110942073e-18    2.289577649412805009e-05    1.241841749408416343e-05    -8.412289202329854873e-07    1.280799037834101373e-01
2.900001522386709212e+02    9.993751858145520917e-01    1.710776891811469338e-05    -4.597754566428646295e-04    1.829056882207475792e-24    2.297660524012703028e-05    1.309439852370956901e-05    -1.220146210562632417e-06    4.447249663841670181e-08
2.899999437725148255e+02    9.971722522253383403e-01    1.260589815865356157e-02    2.345553113174530786e-04    2.019357585657842332e-15    1.993426179855920311e-05    1.210788365808805369e-05    1.420852353305940843e-08    1.984961038238586620e-02
2.900007370015102879e+02    1.002306737948949200e+00    -1.414387107681098869e-03    1.038637203131331061e-04    6.876398498292932561e-22    2.238884113771096249e-05    1.309111621335449192e-05    4.000792315577332211e-07    1.830649259459329325e-01
2.900002972552259735e+02    9.989425339361233114e-01    -7.627787057644747071e-03    -1.789169796545424576e-04    8.414558161127583865e-04    2.222829649713317873e-05    1.301361107052637755e-05    -3.115733683923104745e-07    5.755402466561566365e-14
2.900006771827003149e+02    1.001018751460190925e+00    -9.896028526717547472e-03    9.511092905796963764e-05    2.001286086525182283e-17    2.263603770558475647e-05    1.280277478393683555e-05    7.262354134693141227e-07    1.661896774969004453e-01
2.899999175517026515e+02    1.000730305969417921e+00    -1.558604013703170262e-02    -7.354472873260068397e-05    3.965929526772464715e-04    2.132422891300680683e-05    1.387284270438447957e-05    4.744091647610349189e-07    1.025490766955406927e-11
2.900001129320047539e+02    1.004196835012530098e+00    3.236164424129439610e-03    -1.869238865415277968e-04    8.032542350644312351e-04    2.016638357615169967e-05    1.197807565611619463e-05    -6.601772066388447977e-07    2.905769517878771749e-10
2.900002026147153060e+02    9.977436293790076238e-01    9.103383295509930593e-04    -1.289647550974840453e-04    7.291034644835315409e-04    2.174602107973790520e-05    1.227614205779721097e-05    1.737788710820348952e-07    6.019248507576609869e-02
2.899998327790667076e+02    9.984137693088047660e-01    -8.224348063661030689e-03    -2.682810656720022754e-04    7.136022441464987514e-25    2.472926524030432267e-05    1.301735078029528061e-05    -5.658996251429517202e-08    4.770180593179793639e-09
2.900003164141397747e+02    1.000785824760918707e+00    7.169524185861272589e-03    6.959954369837012111e-05    6.812600678653040268e-04    2.416467680774710879e-05    1.327095498199442318e-05    8.273341927628583569e-07    1.080924741466506855e-01
2.900001279821076992e+02    9.962121826778495004e-01    8.628910560974589750e-03    8.904459091728490836e-05    2.378365513216190694e-20    2.266272488580779948e-05    1.289747352859159944e-05    5.757483167826645675e-07    3.759669082345289820e-02
2.899999046751387368e+02    9.966129504412868378e-01    1.407211078394963490e-03    1.819597627360469943e-04    5.806773658358796598e-18    2.140653666270981716e-05    1.269381149694528930e-05    -2.556388765891085334e-07    1.439792628046501375e-08
2.900002663614768608e+02    1.001093656828288880e+00    -2.275215834533759508e-03    4.218006382866784556e-04    5.465615875622669752e-31    2.157627231164613413e-05    1.284839531160074469e-05    -1.379631374961593129e-07    6.729449827579991883e-02
2.900002907520906206e+02    1.001352429714961412e+00    1.321779094527983194e-02    1.283775068449693091e-04    3.311433015990525872e-04    2.450803053083603107e-05    1.277169016588478674e-05    -2.396805141165741778e-07    3.922625751594110630e-03
2.900000408535468068e+02    1.000541925826051726e+00    -2.277555191569740223e-03    2.610988494133806355e-05    3.208723597994624221e-36    2.328441116848244970e-05    1.372922765633447143e-05    -9.442345956848548552e-07    1.955574825451266980e-07
2.900000849493564488e+02    9.970623902159662100e-01    -5.715654107183035584e-03    1.594352362424245222e-05    3.944590478610956194e-04    2.317811337958309027e-05    1.312871041807203133e-05    -4.654360449082037744e-07    1.780106783943724222e-02
2.900001871564246585e+02    9.952042115911041709e-01    5.062364915051226384e-03    -5.393073679212913524e-04    4.412296990420908233e-25    2.223819243488528352e-05    1.277775035160530401e-05    4.962387104290149162e-07    6.574358247123997245e-02
2.900011654773739451e+02    9.990707591532349552e-01    -6.432505443048099330e-04    -6.552907475695816464e-04    3.852418461018315894e-04    2.295997967312398089e-05    1.355904469844987047e-05    -6.635381148640724564e-07    1.633956847861564587e-01
2.900000176593815127e+02    9.990459283942422219e-01    -3.361162307592518734e-03    -1.832972878744058354e-04    3.468295745762838163e-29    2.484140410930140932e-05    1.336160832445433685e-05    -2.211997997907783204e-07    3.380484535453845418e-02
2.899998563382999350e+02    1.000427171842101615e+00    -1.510132794616744496e-04    3.801718849497904792e-04    9.441740406353981395e-04    2.435567771535674419e-05    1.365250619089943374e-05    1.643385225622342519e-07    1.447987448661674365e-02
2.900004721437974240e+02    1.001004171652867925e+00    -3.068958075582474410e-03    -2.236087790763962820e-04    2.207438322112354717e-36    2.338058757371520407e-05    1.361677097884460215e-05    -1.135591140145328433e-06    2.991515774449667736e-03
2.899997121448014923e+02    1.000022645365763241e+00    -1.649636461809838445e-02    -9.524521045206178630e-04    3.748340328154287559e-04    2.387205504312712119e-05    1.274613705575164357e-05    6.423876561382814549e-08    2.270635027263212969e-08
2.900005004989794202e+02    1.000484977177960699e+00    -1.392511707001733772e-03    2.417465014582736267e-04    8.269321834257092993e-27    2.006389179540327521e-05    1.238359492869514949e-05    -5.721460381776655038e-07    5.703373806756583536e-02
2.900005185184916172e+02    9.968534029162825494e-01    3.259308147393989198e-03    -2.582227870270359989e-04    4.677984386801472536e-28    2.214227215429674799e-05    1.282816744264689569e-05    -1.370561952493783467e-06    1.422670776962072815e-02
2.900005706768587288e+02    1.002910550070525098e+00    4.363763324814493548e-03    -4.855233558825822128e-04    4.178852754858970080e-04    2.312560656165939282e-05    1.335680480566296181e-05    -5.072852601480239800e-07    5.538435716251447621e-02
2.899999016385543200e+02    9.973891375972941953e-01    6.595386072803552206e-03    -7.508056528111372652e-05    9.563721447856607123e-05    2.102491022084161139e-05    1.214719688435064078e-05    1.258036664672909631e-07    2.453445134876419611e-13
2.900005435653047812e+02    1.001177762126584936e+00    -1.456231267385882031e-02    -2.229467034757173991e-05    1.913991021646055911e-03    2.264400015378713457e-05    1.371208359019706259e-05    -5.977732267104983180e-07    8.475715892759957959e-03
2.900002262819507450e+02    1.001948275891014983e+00    2.319682232301289310e-03    -1.422649185844692505e-04    3.954306869916860103e-21    2.216260115861205538e-05    1.197018053738086772e-05    7.051359245915203873e-07    1.203520292391158930e-01
2.900000274147984669e+02    9.979595897512589797e-01    3.831684981840706092e-03    -1.251571488172704451e-04    3.174776511522177944e-04    2.338919288450550636e-05    1.358117159976282398e-05    -4.051686980823153596e-07    8.947217358006628180e-11
2.899997392646943126e+02    9.995962386273022915e-01    1.336532944761109967e-02    1.743908471894400089e-04    1.267077296644396146e-23    2.085369754084314580e-05    1.228888783530901647e-05    1.584243986575824972e-06    2.042478542075039510e-10
2.899999252837916401e+02    1.001057636183056543e+00    9.356872837272227697e-03    6.933966619486981256e-05    8.965656335719340802e-34    2.230549593736781656e-05    1.262855417539241765e-05    7.799982539573217841e-07    2.820938691537459853e-02
2.899998068103996616e+02    1.001096644358275389e+00    4.949730513842755947e-03    3.122057657903050528e-04    2.709797966740488763e-29    2.518099849833580476e-05    1.367218118026586931e-05    8.622473854207584536e-07    6.640937375971689907e-11
2.899999668583474772e+02    9.984860227940174360e-01    1.204681501389019910e-03    6.271040507264681292e-04    7.566032614308654605e-04    2.210829981997754635e-05    1.314214772559427507e-05    6.001513096178054709e-07    2.481070892681459111e-02
2.900003118630737049e+02    1.002284320323732159e+00    4.672263528807986399e-03    -1.583131346003318165e-04    5.996860713250479636e-04    2.329547914750859568e-05    1.317842008333258072e-05    -5.181395397428992476e-08    5.322339475488755550e-02
2.900008561419757598e+02    9.972304330085889346e-01    6.007715818468858937e-03    -2.137284659109549691e-04    1.599519091742970410e-03    2.379468668494838784e-05    1.304119404401835580e-05    -3.692467293841098479e-07    1.694240758297274330e-01
2.900000845360234507e+02    1.000179311770238444e+00    -7.369805939394716635e-03    -2.856560588543779317e-04    1.139753778496185128e-03    2.427870777813748382e-05    1.297304223365492537e-05    1.078530561645829198e-07    3.926299836101469071e-02
2.900001339074991051e+02    9.969582819878074487e-01    -1.069203420034068111e-02    3.100413772627723136e-05    2.110285627671417885e-21    2.173125379464562089e-05    1.270973607736763173e-05    6.426851052237738205e-08    2.630436166553356728e-10
2.900001026558030048e+02    9.988627394273438265e-01    7.083405253910135188e-03    7.027373339643252874e-05    8.839397298818638593e-04    2.132599186568687348e-05    1.221659251612150901e-05    2.841051702625003509e-07    7.712392448109124713e-13
2.899999281724641378e+02    9.977069763557605553e-01    2.653661101928181040e-03    5.143750708596253173e-04    1.857950912494466846e-04    2.514267141249043198e-05    1.365899734007283307e-05    -7.040043462700140327e-07    1.791011752224687928e-09
2.900002733139186262e+02    1.000580248722674037e+00    1.143742533597991162e-02    9.420516325222391045e-05    5.109878841310258428e-04    2.168084137694515173e-05    1.254888513973948075e-05    -1.998806950977994154e-09    3.484263219177780729e-02
2.900003483988156177e+02    9.950401960483008512e-01    3.683605235122133521e-03    -1.239562640076699910e-04    6.970118360334747474e-04    2.491363008730239180e-05    1.220926010505292151e-05    -2.010792480472604645e-07    3.148529305033435227e-02
2.900001303921939098e+02    9.999080240867205260e-01    -5.567816513822386286e-03    6.387871994639646948e-04    1.418816708924204974e-03    2.285545292456865290e-05    1.351405391457942838e-05    -4.562486191018010178e-07    3.731331751908643218e-02
2.900003805964470871e+02    1.002296304762259949e+00    -4.405755471344583070e-03    -1.354653867903765879e-04    4.351521828085599670e-04    2.193445384942744797e-05    1.322332773526250950e-05    8.749342212879003833e-07    1.131465195962012560e-01
2.900000471111121101e+02    1.000443217770356386e+00    1.722812088749397716e-02    -6.797010142487012888e-04    6.486547012565259656e-04    2.290147099406028127e-05    1.271974508408400112e-05    1.257494533257797493e-08    3.267513646962049573e-02
2.900003269208822303e+02    9.997852619824124654e-01    -4.996208116744097275e-03    1.793424753459072808e-04    5.039661937923926209e-04    2.245616436949481807e-05    1.291371488646517326e-05    9.917881781614168425e-08    3.200872742660641063e-02
2.900006676815797277e+02    9.993476278326385298e-01    4.627522115335408991e-03    -3.699937348828157262e-04    1.202539927367590511e-19    2.139571231217304604e-05    1.199742384955530391e-05    -1.094377925357532528e-06    4.450250569896629926e-02
2.899998130471409468e+02    1.002252714097126907e+00    4.119215173686055845e-03    -1.239069793693553512e-04    3.187396531754113687e-25    2.550691378461242994e-05    1.399755989222382953e-05    1.107862740739292006e-06    2.641322392010693088e-10
2.900008858400347549e+02    9.999459375319785792e-01    7.899236428506064417e-03    1.845774009525344439e-04    2.515374344978825661e-26    2.201048453693257419e-05    1.259724873734871789e-05    4.845156509166821338e-07    2.071937605889723200e-01
2.900007315124481693e+02    1.000679472262601566e+00    3.720660916836340554e-03    -3.859594854723181945e-06    4.031778646091304317e-19    2.112470895326918466e-05    1.255913967331682334e-05    -8.823665114153692629e-07    7.520368442951363974e-02
2.899997421796084041e+02    9.970630387211767420e-01    1.372217107604923637e-02    1.217603437070521042e-04    3.676555807856397870e-21    2.195109633375754723e-05    1.228796219116840168e-05    -2.680798245159211367e-08    6.154279899055907271e-10
2.900007772432283559e+02    9.993975830135950478e-01    3.644825523012877339e-03    -3.251999154558580661e-04    6.023240610249264240e-17    2.066843249617755622e-05    1.238298169868353882e-05    -3.187313123290500032e-07    1.777995548005819049e-01
2.899999189963955359e+02    9.993307351780557068e-01    -1.741170302290789623e-03    4.685777183532330954e-04    9.535961897123769069e-04    2.475464803098693492e-05    1.397072589617340442e-05    7.079041358085938483e-07    2.618158792774367260e-12
2.900000315978080607e+02    1.001373450569236656e+00    5.912722689379239054e-03    -2.410280872357967828e-05    1.314623610218192606e-04    2.347554098037534566e-05    1.347930379587872485e-05    4.497472885945529890e-07    9.908520739291246104e-02
2.900005593382885536e+02    1.000278108649248932e+00    4.393311763199151017e-03    -1.626098044130644670e-05    4.537778809651616903e-21    2.124043318617358739e-05    1.288651024855385801e-05    3.092726224707389290e-08    1.465709754554533895e-01
2.900002019458410700e+02    9.973421457050651862e-01    -9.025475913166736489e-03    3.051558760366169880e-04    3.048034080786155628e-26    2.436438809341174604e-05    1.290900492348554528e-05    2.366310526433334876e-07    6.799437091125816457e-02
2.899996753416766069e+02    1.000355875542590534e+00    3.942229158106921004e-03    -1.132939806382157868e-04    2.324985704716988161e-20    2.232036822210093236e-05    1.272560490723194460e-05    9.347614180334752145e-07    7.454763802762065649e-11
2.900002891993313483e+02    9.988147205631385805e-01    6.353768843721008079e-03    6.903780941286085629e-05    8.680384684929926768e-04    2.413206190688676412e-05    1.331667312298917400e-05    8.876338315580148120e-07    1.444080122307841163e-01
2.899995873829135462e+02    1.003080239599690282e+00    -2.155692902352689382e-03    5.570497144442946311e-04    1.273708820560920992e-03    2.350277986524683282e-05    1.417795664539858384e-05    7.195356034348811487e-07    1.408533246505403962e-12
2.900004155533378025e+02    9.994659072600888816e-01    1.348883372021371894e-02    -1.977837180659429423e-05    5.502873405621850766e-18    2.416378171838484324e-05    1.377469085782449064e-05    -6.522300067554905031e-08    3.726032144753219782e-02
2.899998424885928898e+02    9.988444187049659861e-01    -3.812944247194209081e-03    -7.229442950023817305e-05    5.440087877212320280e-24    2.302517178400308610e-05    1.346227693407751476e-05    -2.226715566327150177e-08    6.764117107908021513e-10
