# f_r [MHz] A m phi D delta_r delta_ere delta_eim a
2.900004911523304827e+02    1.000891831734256554e+00    1.488036806764699883e-02    3.412818001818317929e-04    3.143247005060288289e-04    2.359109173996822383e-05    1.251679076855156978e-05    -2.961913843876984133e-07    1.011897415697227964e-01
2.899995895036075808e+02    9.969352584614794566e-01    1.502592981304508649e-03    1.836502974937108369e-04    8.327543398138683448e-04    2.073820497655457298e-05    1.134825120614629325e-05    1.354955510821842316e-06    8.335771495073071580e-03
2.900000361189806881e+02    9.989578874683815446e-01    -4.240072230177095378e-03    -3.259042800293249936e-04    9.736041970853727455e-04    2.067693713902972103e-05    1.114573238451615267e-05    1.413507418732542217e-07    2.415801848097329538e-11
2.900002749445406494e+02    1.000530174035644038e+00    -1.174010198485754379e-02    1.545079304940271423e-04    2.021544092761210629e-37    2.257526779038904554e-05    1.318628278706427010e-05    -6.605011626374133081e-07    1.853264902953729936e-06
2.900001320062834225e+02    9.972873978733713951e-01    8.189125068723655462e-03    -5.356960575181070328e-04    2.530523474530159325e-04    2.335247974514736185e-05    1.319984032468733883e-05    9.180530484974196589e-07    6.618606185685971255e-02
2.900001368921679727e+02    1.003156114356974937e+00    -5.250022260370057134e-03    -1.774497550525886097e-04    3.219606765685731397e-24    2.157359838827834528e-05    1.220328864635621993e-05    7.025353462584740577e-07    4.292332032760244609e-02
2.900010226034426637e+02    1.001366641135434277e+00    -3.077141005794801955e-03    3.493123516999199524e-04    5.616272857428083022e-04    2.124012036154010780e-05    1.257660730882259842e-05    1.075685979866730346e-07    2.855120000777988110e-01
2.899999681668367089e+02    9.983068160327810414e-01    7.519119527632392094e-03    4.533903915296949171e-04    6.779308727712140062e-04    1.998235025302905340e-05    1.195590556026764124e-05    3.685438777850479481e-07    3.193341110733350502e-02
2.900003356350306376e+02    9.994736699804313007e-01    9.618524628069701973e-03    -1.569794375799012846e-04    4.367358929960322099e-15    2.433520991584227350e-05    1.269297037665478735e-05    -3.853100755424619832e-07    1.412595726071560934e-09
2.900005293349682916e+02    1.003210020423249027e+00    -2.446375743937652565e-03    2.987983290873948345e-04    9.313712368117217789e-21    2.462751107995025509e-05    1.322272524563356417e-05    -4.302989848360088685e-07    7.199805423045561870e-02
2.899996872158897645e+02    9.992562936903487403e-01    9.949452079823223674e-03    1.255163853173230201e-04    2.302698509606944475e-04    2.560935093664317401e-05    1.294951602267191837e-05    1.324787950906040989e-07    1.016148676931388606e-11
2.900000739946597150e+02    1.001168216150650769e+00    -3.533494561542711507e-03    -2.081263197182418097e-04    4.720557095560447180e-20    2.267304431921115425e-05    1.238695278493366238e-05    -1.157099849594875990e-06    1.293087030548060936e-08
2.900001497083248978e+02    1.002040221200293679e+00    -1.763521019563710993e-03    1.630868657806208916e-04    1.652090379233021769e-04    2.219776267682598844e-05    1.227325128824703905e-05    5.684176252256806173e-07    4.493907377903680334e-02
2.900001725179121195e+02    1.001620331273495479e+00    -4.861380257661536419e-03    -2.339783442228272458e-04    3.598332066498202248e-25    2.088305872470706307e-05    1.173105612792584258e-05    3.204846435917515399e-07    1.288794127099596282e-11
2.900001590113803331e+02    9.982523463941148645e-01    9.300806440736858471e-03    2.194194601277775080e-04    9.280204208658141994e-04    2.747835044726305680e-05    1.347861413360040779e-05    6.958112764762795370e-07    4.251789843855351830e-02
2.900001179500553121e+02    1.002716485460452667e+00    7.358490814991159278e-03    -3.365765572028533401e-05    1.202428285034988031e-04    2.172532046949954594e-05    1.164329328306725215e-05    2.823195904271023855e-07    5.688192695262694872e-11
2.900004653034729927e+02    9.969312401633110277e-01    -5.022943515023171011e-03    -2.649320675925284207e-04    1.807709145419575216e-27    2.417194181452970818e-05    1.257694251993739823e-05    4.742866659868511601e-07    1.390588432573288402e-01
2.900004199504912208e+02    1.001679436552881830e+00    -7.390859709484474266e-03    3.439219928219116318e-06    1.777356394841288689e-03    2.177517307435744182e-05    1.272807186107745486e-05    3.681623435518958692e-07    1.067265664317542939e-01
2.900002474723943919e+02    1.000847530518053530e+00    2.233075780650739528e-03    3.994268895647146763e-04    1.467589450437406523e-25    2.215845974297157430e-05    1.185998763930140958e-05    -6.449647631477126389e-07    7.286412406369736369e-09
2.900001564045388704e+02    9.988039722666518516e-01    1.994692741022072863e-03    -3.277959143088518025e-04    5.740652341261325573e-04    2.271063465651427035e-05    1.292479924562824775e-05    -9.588094005075017373e-07    2.315475613931313625e-11
2.900000044826469434e+02    9.970989190514002454e-01    5.418701528193243210e-03    6.416889838638247879e-04    1.518674099562015122e-03    2.412469468020994029e-05    1.190745154635657643e-05    2.685181211935352609e-07    1.559048016131222692e-09
2.900003534719021445e+02    1.000573417641790863e+00    -1.231686229534642053e-02    -1.817871611215068830e-04    3.767495650387418771e-04    2.494746886721824761e-05    1.348319375534958515e-05    2.055913756388171493e-07    6.148781588452877089e-02
2.900005711518379030e+02    1.001489241510257644e+00    4.575315177598176554e-03    -4.517387222579843540e-04    1.024711877375777380e-17    2.102972953167219527e-05    1.307726444584513201e-05    -2.139420202449584780e-07    6.488813044664046292e-02
2.900010785903940587e+02    1.002924370198364112e+00    1.219827706411849523e-03    2.541428473385913349e-04    3.415568391431378298e-22    2.117207216823586136e-05    1.197499777762937809e-05    3.749067874422727096e-09    2.350612206204412136e-01
2.900005558604100315e+02    1.000121692107502902e+00    4.279160416532482719e-03    4.368207117375644965e-05    1.185355060757252136e-19    2.377003432975593431e-05    1.309734798870774681e-05    1.181483972148327722e-07    1.539250620736956898e-01
2.900006569553946747e+02    9.995457710713567812e-01    5.564770169203312085e-03    3.324991711018031250e-05    5.065438239263140349e-04    2.432406825439697979e-05    1.306291428238885317e-05    5.121613574609712654e-07    1.623117541789585727e-01
2.900002359308011819e+02    9.989383586446076713e-01    -7.741731352506426786e-04    5.068035273660731395e-05    8.956646677329355266e-24    2.091421078239136136e-05    1.174687364515450319e-05    -6.244472303272067301e-07    6.889243117391295745e-02
2.899998334594359903e+02    9.992086643891444631e-01    8.113266863923366060e-03    1.763458159014170187e-04    1.950377809903949171e-22    2.173866621110486888e-05    1.174657913764598071e-05    -1.073815007501466199e-07    1.129334868834027807e-08
2.899998286509953118e+02    9.970796404509777444e-01    7.730847666672845348e-05    9.569063894318854643e-05    9.113070112181789165e-37    2.100262492521129997e-05    1.212810396473966089e-05    5.009949139089166674e-07    1.619710569141485576e-02
2.900009351315916319e+02    1.002105413923622956e+00    -4.205344737624553417e-04    1.148649678987048999e-04    2.171439829406543917e-23    2.264569704110203067e-05    1.281886656773169898e-05    1.547582201633926375e-06    2.456281260291692248e-01
2.899997957246172291e+02    9.978916022409552999e-01    5.999865385040646128e-03    -9.560635550390168607e-05    6.866584961998326608e-19    2.190295293757537088e-05    1.179008875637167834e-05    4.768873953308646788e-07    5.838309840486750694e-11
2.900007315262724319e+02    1.003706263049097824e+00    -2.775269253119125399e-04    5.434997919799856294e-04    8.331503734885012521e-04    2.427976432232505143e-05    1.285529934568087730e-05    -1.948634060376077397e-07    9.756421156130938577e-02
2.900003047514582590e+02    9.980691660218957706e-01    1.640580459999003288e-03    -1.645981794899119049e-04    8.308204019446544315e-19    1.961821275652145355e-05    1.137357698842460470e-05    -3.976888835682662856e-07    2.313189582613600290e-02
2.899999511215097527e+02    9.996830472330745510e-01    -4.470954736118687781e-03    1.995405320462735241e-04    5.692453181090832530e-04    2.348108748665681569e-05    1.223895229739437527e-05    1.289797632496063636e-07    4.799522137955515577e-02
2.899998232313544122e+02    1.003263267127405545e+00    2.925016502677573078e-03    1.704751922290592865e-04    4.404430280154378453e-24    2.266628019343295557e-05    1.284985790242984843e-05    4.615187094437807259e-07    3.946222202254565881e-09
2.900000888219660737e+02    9.998777527268908338e-01    2.821325634846368578e-03    2.937846484363312188e-04    3.976221851500216610e-30    2.413913259182721069e-05    1.345254460191392892e-05    -4.171584207195751852e-07    8.127676872817365704e-11
2.899999941502581464e+02    9.999644830787752792e-01    4.988832993823982646e-03    4.643987508957679632e-04    7.876972120670666955e-17    2.226025770597564593e-05    1.270543135354138964e-05    2.027520340673379866e-07    1.919259486770053941e-10
2.900005045265474450e+02    9.982099755340588798e-01    1.668837057271509204e-03    2.644674015074922392e-04    2.751584673215794370e-03    2.143244416264320959e-05    1.234482662603955790e-05    1.344890641942840278e-07    1.427391245462036329e-01
2.899998141724069001e+02    9.990004305651659644e-01    4.324349671869726422e-03    6.705113303374981779e-04    4.988202354864627573e-17    2.474706877647882096e-05    1.346921985606130884e-05    6.373844207672076623e-07    3.415209159779221832e-08
2.900010766385839247e+02    1.000583802604263939e+00    3.769691375977166862e-03    3.306770368205597089e-05    1.425142474382317184e-03    2.406280798761647788e-05    1.234492995794281998e-05    -1.540247075392407993e-06    7.204205243908692879e-02
2.900002829410144045e+02    1.004166296757413424e+00    -2.720278155631408387e-03    -4.577131432549330897e-04    7.057299454455601981e-27    2.313997774145786534e-05    1.298931666462161353e-05    -7.997454478615090041e-07    4.860661578318806330e-10
2.900000915638996162e+02    1.000524759623400151e+00    3.229219294768102041e-03    1.351221059754968495e-04    5.765347497722756912e-23    2.314834312466077727e-05    1.152642246999899782e-05    -8.794912774986765883e-07    5.417885950847378858e-09
2.900011102278641033e+02    9.984313596520374423e-01    -6.070206266786697634e-03    5.569660362755678292e-05    1.450372626336289376e-03    2.011149620186711582e-05    1.145675411716360065e-05    -4.775745237014634565e-07    2.398861556926120409e-01
2.900003414698586539e+02    1.003466613881200287e+00    3.870454367148578635e-03    -1.142089392092114088e-04    1.104182293939844257e-14    2.128441496696527129e-05    1.244284161526089841e-05    2.899493888090555658e-07    8.748746552908701068e-02
2.900001840311950332e+02    1.000301163489315526e+00    -5.000815519975144140e-03    2.643133970004082033e-04    8.329179965808627584e-19    2.242554086641320688e-05    1.234079921568538082e-05    1.596298343543798585e-07    1.284828916127576115e-08
2.899998527134347910e+02    1.002852885607709466e+00    -2.426200528034294993e-03    2.600501876173746312e-05    7.605846894411941757e-21    2.384247262615371151e-05    1.266731970249130657e-05    -2.674943089558276906e-07    3.314817655414661890e-02
2.900004256848829982e+02    1.000629158249548345e+00    8.362464160013448680e-03    -2.733693555008674366e-04    2.934903229547190491e-04    2.241366932224980919e-05    1.189370327492753915e-05    5.333020541743649918e-07    4.821805935014776556e-02
2.900001819936233574e+02    9.973243492339602945e-01    -1.053673227007580031e-03    5.937367333792294377e-05    5.615950260204948136e-25    2.227596269525114583e-05    1.114083052196133008e-05    8.061592822299717777e-07    7.820428688186344124e-02
2.900000506914929019e+02    9.957672727129509571e-01    7.334153062139606334e-03    9.528667014820419627e-04    1.351134332604449553e-03    2.275424658125279790e-05    1.219155233496885955e-05    1.787084300048838880e-06    9.714067874772176758e-02
2.900006677457715227e+02    1.002020254276904554e+00    -1.099885358214433909e-03    -3.457389528255547869e-04    6.525795326833988513e-16    1.900514847979267857e-05    1.145648269225655508e-05    -1.291310139804658498e-06    6.639598781287450426e-09
2.899996926800398569e+02    1.000378601197219997e+00    -8.098201338015186337e-03    -4.080784655542704057e-04    6.950609036511000774e-04    2.116416944727285258e-05    1.244269781819518924e-05    5.760919503729215001e-07    1.826453116157517650e-03
2.900000394537312900e+02    1.001601879983749610e+00    2.681334144991265149e-03    5.689266421177070765e-04    3.477240321215323665e-19    2.222498723777691640e-05    1.319141245730415365e-05    -4.709086140816895128e-09    1.387536202603130746e-10
2.899997798096372321e+02    9.980421194761823767e-01    3.484928698788225185e-03    3.983817378242274481e-04    2.743657680416367609e-17    2.540909115622597660e-05    1.266066975242030128e-05    4.827351453427867802e-07    1.158223788010054792e-09
2.899996796120803424e+02    1.000604726233194075e+00    5.434727343376644646e-05    -2.008294299315774788e-04    3.540457528903276536e-04    2.004168223217706274e-05    1.131776604430275281e-05    1.015646142345819359e-06    2.045872769488552803e-11
2.899999071773767696e+02    9.994538763680533844e-01    -4.791436965439999584e-04    1.260497497041354273e-05    4.055906230074288212e-23    2.084778615896734432e-05    1.250037653253136980e-05    -3.921820146691212027e-07    3.417952969558005930e-09
2.900003447976782240e+02    1.002100721198733391e+00    6.114041755295692056e-03    2.605833182203556061e-04    2.038553725741387623e-05    2.537999742768942148e-05    1.324232178234349543e-05    9.117939301994954259e-07    5.956553040942225846e-02
2.900001437598058942e+02    9.994241985470516676e-01    -1.200058856978965943e-02    3.942206031500672479e-04    1.443921715550181660e-17    2.333531910925789419e-05    1.246393823776189418e-05    -9.339023553265828018e-07    7.192206815143647669e-09
2.900004994086644956e+02    1.001936404364660138e+00    1.969945673699730298e-04    5.574418445318592044e-05    1.892241513035676026e-03    2.089857390074489505e-05    1.157826404558349186e-05    -3.098374481373732138e-07    6.053222735558437539e-02
2.900004613209103468e+02    1.001146656294995108e+00    1.079506171377109247e-02    -1.688187695438969713e-04    6.897261396890687866e-04    2.751512337327826829e-05    1.274702916595871246e-05    -6.887093507533001246e-08    6.628197532101910705e-02
2.900006624062489777e+02    9.999751603448367998e-01    -8.980018264741733078e-03    -3.158113048495786749e-04    2.642283639632177184e-16    2.135780598264752089e-05    1.206177967295349845e-05    -1.130477862557032340e-06    5.118037474493542655e-02
2.900001815678695607e+02    1.001174931893399567e+00    -6.228976110754627475e-03    4.344624359243386613e-04    1.866819712480704890e-03    2.392047724546003744e-05    1.201834509835430594e-05    -1.650080187819021786e-07    7.907101700097449171e-02
2.899996439166052369e+02    9.986218292278365993e-01    9.987939013988443582e-03    -1.318384340302262904e-04    5.812880626376446864e-05    2.122502609184594616e-05    1.168463365637831796e-05    8.386240168824970365e-07    4.652074620635345381e-13
2.900006874047380165e+02    9.996791383284018284e-01    -3.739087572730529548e-03    4.840549202272215559e-04    8.372700565955478944e-04    2.239576741981804284e-05    1.208771941322238545e-05    -6.054606442621044227e-07    5.458404573680909755e-02
2.900001603936674996e+02    9.992586819456764635e-01    5.794211319419520848e-03    -2.508896147277625048e-05    4.162829717293554955e-24    2.063678157849639118e-05    1.214860736129792600e-05    2.427553108249025887e-07    8.215653657319990644e-02
2.899995857747220498e+02    9.991667334422505986e-01    4.249820030144743112e-03    -9.630678952969102440e-05    1.685697790865301035e-04    2.524814483795462778e-05    1.286273062453744984e-05    1.284093414146000054e-06    3.908665931383198942e-05
2.900004085125084430e+02    1.000081757357025314e+00    5.398491842045678030e-03    -6.950195148792327358e-04    1.546882923219958239e-03    2.104091865456536370e-05    1.274242211315950078e-05    -2.940110075333111312e-07    1.203533929675690824e-11
2.900004196611269549e+02    1.000398338578361468e+00    -7.975431637738006341e-03    -4.428003960613511306e-05    9.109936830966869593e-22    2.229417254369142195e-05    1.201114772202420923e-05    -6.012139541465294650e-07    3.750706533065372756e-12
2.900006638798855647e+02    9.987583712591228124e-01    -7.498363982207856791e-03    6.939996348348265740e-05    7.147062695207647237e-25    2.245072813202364241e-05    1.257478495358597847e-05    5.093603827734454899e-07    1.548302681587299390e-01
2.900006522324231923e+02    1.000412421737065793e+00    -2.476713281667027988e-03    -1.486881148419546953e-04    1.033830664089647761e-03    2.195479387798990027e-05    1.189663857826518116e-05    1.681111057826969562e-07    1.507304572727139469e-01
2.900003045482906714e+02    9.989796173118585809e-01    -5.558122928709318625e-04    -4.488984251979282825e-04    2.810924315416237092e-04    2.263411557657661643e-05    1.250386888802444077e-05    6.340284827759829430e-07    1.082143329675965271e-01
2.899999333615190267e+02    9.981671196981746208e-01    3.592175514583543497e-04    -2.584870234615472195e-04    1.359284415608717029e-03    2.110199859070806185e-05    1.094610288758918690e-05    -1.109078909221313922e-07    3.991757998976258175e-13
2.899999542869562106e+02    9.973162708116408703e-01    -3.794130622518925022e-03    6.956670253507021883e-04    1.090288765374437027e-03    2.338657503469468530e-05    1.185902541186361726e-05    1.786577978411640567e-07    8.691501750565846300e-11
2.900002851431774502e+02    1.000407844722957407e+00    1.637741209590541647e-02    4.312672973258965586e-05    4.100705858864980406e-22    2.450348534439484726e-05    1.261335142703901719e-05    4.408030897877062949e-07    5.635864907955748238e-02
2.900010278791900191e+02    1.002597777294037096e+00    4.411712898227295419e-03    -3.104997072629257933e-04    1.657665151112327068e-15    2.203146112539801761e-05    1.252911975940242220e-05    -3.848973304844157749e-07    1.367905022780512292e-01
2.900000829127761790e+02    9.981346183410513273e-01    1.276947838394844282e-03    5.950470414144201078e-05    8.866228694896029755e-22    2.563839177276579004e-05    1.400454034939367811e-05    -4.989182065896332672e-07    2.531688391010570727e-09
2.899999664276751901e+02    1.001786483383227289e+00    6.090558217194771973e-03    -2.801134866885583437e-04    3.046309752787404977e-03    2.296989188437294847e-05    1.334247737055980282e-05    -7.366787111934192711e-07    4.764354282689411636e-15
2.899999408021974432e+02    9.994993793357087597e-01    -7.737215240096809166e-03    3.116109056904264440e-04    4.960481390640978352e-22    2.396745950549487522e-05    1.259059085958843398e-05    -1.825649820544858259e-07    2.732221996567861083e-10
2.899999990684386830e+02    9.982520989109918697e-01    -6.512408073599959372e-03    1.175191635008453844e-05    3.096056816939123254e-04    2.279344555291133145e-05    1.265445473957668709e-05    -1.142511900589841545e-07    4.409479647746943490e-12
2.900000146936350234e+02    1.002367289955517382e+00    -1.001725750186955493e-03    1.650660775360931413e-04    1.607980381043492268e-19    2.118203046668419340e-05    1.188163155157693837e-05    4.132615805259209009e-07    3.225912542688055135e-02
2.900004206039284895e+02    9.986060491387431792e-01    5.298777000336499232e-03    -3.548757510491503276e-04    1.154630531967102769e-03    2.165563830723740720e-05    1.311876708862046827e-05    1.021948118018918022e-06    1.291456121625849107e-01
2.899999294405717478e+02    1.000256018438201222e+00    -7.898899386454924509e-03    6.181264371716928187e-04    6.240055135440112028e-04    2.181870700476841007e-05    1.287442324984342616e-05    6.371666178941166675e-08    2.325926505366842291e-10
2.900007047309123891e+02    1.000773478720957232e+00    5.167216283726123842e-03    1.730767492011661744e-04    7.167735708387232719e-04    2.115735929110278734e-05    1.152374817908993526e-05    3.525163807998613981e-07    1.896715568242054450e-01
2.900002929608875206e+02    9.993329577697245281e-01    -4.875466295498256247e-03    1.428695517206629746e-04    1.536276587158809969e-20    2.484643096862272966e-05    1.320112352863669214e-05    2.934655165182003378e-07    8.471410644266447187e-02
2.900002549835698460e+02    1.001182442945689921e+00    -6.836029581547465976e-03    -5.541605847452459781e-04    2.284155711687617538e-23    2.399829611584193957e-05    1.259831531689722665e-05    -1.270585969124339394e-07    2.086917003278891775e-10
2.899999670105912628e+02    1.000756000782744071e+00    -7.845586336857808887e-03    3.115487890777644798e-04    9.256461620451020755e-04    2.274070392004102313e-05    1.239297607359307267e-05    -2.579919333199261641e-07    2.560450025630789108e-11
2.900004118405705640e+02    9.991887067628394403e-01    -5.184574748459950221e-03    -1.870311950112815019e-05    1.756263142388621388e-03    2.176262633269107727e-05    1.221223560073007645e-05    2.217975361206968973e-07    6.537644789602720108e-02
2.899999602430443701e+02    9.986853967440053603e-01    -4.103853569462440065e-03    4.560157847337130595e-04    9.960009871973183899e-04    1.963555053092930314e-05    1.168933224055594848e-05    1.199102911503402383e-07    3.466674009012905844e-02
2.900010979497896528e+02    1.000719813193238217e+00    -4.466414474300102813e-03    1.530528509477575275e-04    1.975203012729178370e-19    2.504967884563300326e-05    1.335829160768100709e-05    -4.885046116019023114e-07    2.189422639909587021e-01
2.900002659187287009e+02    9.985498540441414272e-01    -1.530477064840772648e-03    -6.478086869529275276e-04    1.029646817947656804e-21    2.252823457288677508e-05    1.241279950858595568e-05    -7.012156437335979236e-07    4.514124734146864341e-09
2.900000817634407326e+02    1.002244424012059598e+00    -6.822558479163948588e-04    -2.270312234414170703e-05    7.186236602890673942e-04    2.171439907921496567e-05    1.236275878312209865e-05    2.899653495775392952e-08    5.170927120346939521e-02
2.900001158571200222e+02    9.994692557195861138e-01    3.996828347750496814e-03    5.609489542223278187e-05    5.091869007241366747e-04    2.044421203796739062e-05    1.165015795602321063e-05    3.807235400824539597e-07    6.747281057872105137e-02
2.899997905792788515e+02    9.991472746519336479e-01    -6.233530024115065127e-03    7.397622164249745768e-05    2.689720630551078322e-28    2.117146017864419126e-05    1.211169540211645312e-05    4.274953442922718233e-07    1.564153786217039550e-10
2.900004323867284484e+02    1.000006139390507531e+00    -6.514367399627228952e-03    9.238697076041143413e-05    2.821133221491703641e-04    2.446738583855184474e-05    1.261807121506568807e-05    -2.366571487056939397e-07    7.110179474153222046e-02
2.899999739450390734e+02    9.974412471750142561e-01    -4.544964278830935199e-03    5.217508687743758686e-04    8.768026204875008830e-04    2.474592608527812599e-05    1.307558951110473432e-05    8.762101677349818498e-08    6.109874336238899518e-13
2.900005579096829820e+02    9.978800281585763488e-01    -9.711068893262786439e-03    -4.303338720272251974e-04    2.259543233806890029e-27    2.072847592423148410e-05    1.241996266664602820e-05    -3.820589351229510369e-07    7.296809206782871315e-02
2.899997168615570331e+02    9.990366390531423280e-01    -3.972320101215837465e-03    2.364757263106440760e-04    1.171079331025027918e-04    2.284694889379280586e-05    1.222796579451148664e-05    1.691079981598210888e-07    1.366011377890763332e-12
2.900001583016223208e+02    9.976497255932209596e-01    6.144106242778030191e-03    4.450247824116108420e-04    3.581574234256183807e-18    2.100646736588653989e-05    1.189349122311875207e-05    -5.330295116318455261e-07    5.586986154423011219e-09
2.900002485260832827e+02    9.995408533110821114e-01    -2.172389566790748280e-03    -3.601060741005014621e-04    4.171106171606047583e-25    2.053239030960199693e-05    1.146351897345309965e-05    7.566219696545101443e-08    3.530098898313287215e-02
2.899999917390028941e+02    9.985352601195305322e-01    -2.152231418782140585e-03    -4.981238034214434699e-04    4.427847218894308457e-26    2.200025506356843727e-05    1.256435492625160913e-05    -9.050795596518571709e-07    3.407294243324731202e-08
2.900004164301347487e+02    1.000893266141257953e+00    -2.597621428158365469e-04    -2.856517877100420979e-04    1.094646821801194053e-03    1.991662996712218958e-05    1.149823393356062701e-05    -1.167956918396186401e-06    3.093691772733177248e-02
2.900000041284915255e+02    9.969427543915354573e-01    -2.833290063092538599e-03    3.430357755378147383e-04    2.442645645087768906e-21    2.300926311569331193e-05    1.300636120936316273e-05    -5.635527714118377889e-08    1.008165757849656706e-10
