# f_r [MHz] A m phi D delta_r delta_ere delta_eim a
2.900000721283266216e+02    1.000150534615920961e+00    -1.109958930821128113e-02    3.356740356849458279e-04    1.541896627121782900e-04    4.117193208898657652e-05    2.875905763073131671e-05    2.184091547487898513e-06    6.600230491693710733e-02
2.900000404739010946e+02    9.962873540504566527e-01    2.828309688765474981e-03    -3.690022160223565802e-04    1.299628773566382980e-03    3.773662522578448127e-05    2.859863940410794109e-05    1.166524508125286695e-06    4.328790642181990639e-13
2.900004580475819012e+02    1.001629209327051573e+00    -3.547315972197277213e-03    1.008858136247394344e-04    6.572814588915778954e-13    3.709850539608700330e-05    2.814523167694299969e-05    1.914232434869527440e-07    3.594622513878620307e-02
2.900004957409509529e+02    9.993333307554734812e-01    -8.143706014898091997e-03    1.110465514835244898e-04    3.132926715528848415e-17    3.834054151248431032e-05    2.757176971454249417e-05    -1.553456742890984334e-09    5.716630816527891457e-02
2.900000288482966084e+02    1.000755631153465108e+00    -4.724002817090861700e-03    -6.050722760476841516e-05    4.964225821999408277e-27    3.793841774014475749e-05    2.768513366736814562e-05    -7.514018349499178049e-07    3.007566018558316670e-10
2.900001094400280977e+02    9.986181372572716652e-01    -7.816237619566314236e-04    -2.071217186049729693e-04    1.051623483335225497e-18    3.672155379764081184e-05    2.684771619609560919e-05    -8.462741324804663373e-07    5.011692414718514360e-12
2.900008936165900764e+02    9.988014109477302283e-01    -5.848482390468659475e-03    4.826289330508601679e-05    7.156890962245356772e-13    3.668670016595508158e-05    2.646055527970225856e-05    2.823627296840928670e-07    1.098671006610891232e-01
2.899999667333101456e+02    9.992467002772403850e-01    1.006566914391557842e-02    1.434709605649913517e-04    4.214600713640557442e-04    3.637251342306140013e-05    2.678185941792010630e-05    1.219970042919889353e-06    5.775296245797801459e-02
2.899997826736610023e+02    9.969529356575846935e-01    9.414645009660981782e-04    -6.504114064026891070e-04    3.287490894935293118e-10    3.669656040126165284e-05    2.698537691144656573e-05    4.763020735340159971e-07    6.377837882933826865e-09
2.900003265094761673e+02    1.003114440729006240e+00    2.001826894218713352e-03    -2.464635425340733731e-04    3.169217000652135770e-13    3.918889137905886741e-05    2.805110526764906904e-05    6.059327375565629586e-07    5.972670056272691430e-02
2.900000087357856273e+02    9.975710732524740720e-01    5.986503755512712077e-03    5.355398655806787710e-04    5.117524522469821870e-22    3.823541341138487348e-05    2.795407235273640899e-05    -1.006648880132952506e-06    2.582957740046445990e-11
2.900005545213413143e+02    1.000048779992947390e+00    -5.588619130568048959e-03    2.030164344015566731e-04    3.143355507091893832e-05    3.601218992332176633e-05    2.707853391810835798e-05    -1.044292645254019307e-07    8.255922238966946491e-02
2.900002018156989152e+02    9.992378722922087286e-01    -7.253305033363951181e-03    2.184445178508772896e-04    8.563041380423262738e-04    3.696690451376815706e-05    2.660978368104696898e-05    2.534463754975097404e-07    1.995738079893633402e-02
2.900002204986211609e+02    9.975173368870869917e-01    2.362769872412800662e-03    4.112351465885615768e-04    3.273007799239462676e-04    4.041358626910250676e-05    2.860059350951049011e-05    4.044346677856859155e-07    1.317921415866432949e-12
2.900003135919239980e+02    9.996503169209973727e-01    2.904828062139317921e-03    -1.946513933614769671e-04    6.717682849129440366e-04    3.883062570244822016e-05    2.810850824872072399e-05    7.515138354824400285e-07    4.783978710512229449e-02
2.900009168310628525e+02    1.001632089067379550e+00    -5.102565141537919284e-03    -3.046735574386927954e-04    7.363505966565638732e-04    3.793414896885947805e-05    2.834906338353968114e-05    -4.506142086816722117e-07    6.322512672402247347e-02
2.900001655031094288e+02    1.003074958829254459e+00    -1.254808436304188576e-02    1.046098407395776618e-04    1.992962423072464626e-04    3.657688490388627468e-05    2.735623128163251782e-05    8.902360787309775983e-08    1.605896353334945389e-02
2.900003955881919637e+02    1.001719170498729161e+00    5.379400850780774283e-03    1.226508340652089342e-04    8.777299868992388048e-16    3.956651802005237741e-05    2.901243625192311486e-05    1.982148347937298373e-07    4.344889791028801879e-02
2.899999704030235534e+02    9.990711223763346638e-01    -7.847279626169068392e-03    1.346305690860132210e-05    2.931871722360812697e-13    3.783516617306680198e-05    2.831421625214882790e-05    7.632832860623321205e-08    6.859926128563547526e-03
2.900000401472699991e+02    1.000571288423025562e+00    -9.252306342192146218e-03    -1.218922206533935105e-04    7.737019653991664134e-14    4.001066070701475227e-05    2.805580060889861942e-05    -4.430355539498257859e-07    2.738463103133064597e-03
2.900001144748426327e+02    9.979877021644093515e-01    5.769036785833608211e-03    1.692970264596286797e-04    6.765966878271659579e-14    3.581171297634560570e-05    2.720839760199859797e-05    4.285616421780360500e-07    3.380180262808864938e-02
2.900003739311358117e+02    1.000501048378882318e+00    2.239492025202548860e-03    7.163395656386178131e-05    1.554126056057560362e-03    3.681249249328915089e-05    2.733650608952393338e-05    -3.342286599708695365e-07    3.237482076975094214e-02
2.900001487680555670e+02    1.001066340853310033e+00    -5.118981739461432937e-03    -1.613097995999706236e-04    7.953527343847564317e-19    3.730183974436916173e-05    2.714174023646191285e-05    -6.150444699738135752e-08    5.303424425716860814e-12
2.900000396291417246e+02    1.002152274023879297e+00    7.666957074323775718e-03    8.577679773097555591e-05    3.026585432218217202e-04    3.759132920690698069e-05    2.612522052194731951e-05    -3.099387037875164831e-07    4.456445391614668333e-11
2.900001821493916054e+02    1.000419717713569412e+00    -9.688835887137759980e-04    1.278589440556152383e-04    1.871772371742338553e-14    3.959080983542273959e-05    2.788571871233721801e-05    -3.674111005905231001e-07    5.416925157519826087e-09
2.900004055645679273e+02    1.002401260372440817e+00    -1.258057383204844865e-02    5.970732545727525748e-04    1.946436894235634733e-09    3.759896059113178584e-05    2.800100623427893010e-05    -1.240532830927411822e-06    1.791273753703289881e-02
2.900003295541183093e+02    9.994384774332195631e-01    1.425669211914806604e-02    -3.229015237359942475e-04    1.613366051702301704e-03    3.894777517150255382e-05    2.857709366919014213e-05    5.918739674797753524e-07    5.286456408491289893e-02
2.900001635527152644e+02    1.000551757634154715e+00    1.321472085490959982e-03    2.669499158916522285e-04    3.485542114439783715e-04    3.877661254751186176e-05    2.798621187502623071e-05    1.717426278610564528e-07    1.234358475186933014e-02
2.900011005677494040e+02    1.001482906077342472e+00    4.817367670958939909e-04    -4.991647624821526864e-04    6.352170443791698134e-04    3.923322328738058478e-05    2.822459608314434735e-05    -7.009301070386301898e-07    1.356360509859437791e-01
2.900000706924141696e+02    1.004083847645261152e+00    9.500859751640795131e-03    1.606092193360031698e-04    1.184579648234849874e-12    3.936765523899733520e-05    2.914185729264636164e-05    6.324804190015087717e-07    5.354043745353663020e-09
2.900000742669151919e+02    9.994171211211341221e-01    -1.095039344780912235e-02    -7.712351988958869543e-05    2.019122018931098969e-04    3.653007432448954683e-05    2.705836695515392333e-05    1.644201199940373623e-07    8.876098020722622203e-03
2.899996444451732600e+02    9.990507501912665456e-01    1.092588246291089672e-02    2.569914184795384906e-04    1.043622587399528720e-04    3.664181536101873015e-05    2.794793395891138400e-05    2.493392766971091871e-06    1.955895110932236449e-11
2.900001997025200922e+02    9.979238554719771503e-01    -6.444388436675469768e-03    -2.711332793757773485e-04    1.491284720319170252e-03    3.605587980336379507e-05    2.665563068530088774e-05    -4.736708260072496600e-07    1.106934981690258255e-16
2.900005484822168569e+02    1.000937448415365472e+00    4.648175177867094367e-03    5.982417024774750141e-05    1.504386762605291008e-18    4.025459259279336258e-05    2.968827752705011249e-05    1.059835026071959236e-07    3.927094097944944934e-02
2.899999619526293486e+02    1.000056447658297820e+00    1.149444466257537600e-02    4.747245314454359342e-04    4.500582189249576515e-08    3.972608966160404750e-05    2.897295850993154099e-05    5.085576685106093080e-07    3.372301628093860200e-03
2.900002400946586363e+02    9.981582873876985174e-01    -4.255382819010416172e-03    -8.051413019497251464e-05    2.680453783938768243e-03    3.604963808822379931e-05    2.576533080755040464e-05    -1.039493390532540746e-06    1.205812575055006259e-13
2.900004261480282253e+02    9.977225159474387706e-01    -4.717837101375796545e-03    2.164250736919366832e-04    3.720404473708778330e-04    3.454513162003187190e-05    2.726203927883390606e-05    -1.694978325878395520e-06    8.607530431202247882e-10
2.899999110902165285e+02    1.001349709633423624e+00    9.134915623443887189e-04    -4.034919600906148283e-05    5.554941290872109297e-14    3.619062543244048796e-05    2.710745264632646729e-05    7.557763168589747210e-07    1.274458313500937098e-08
2.900000141940766412e+02    9.987480318335894003e-01    -1.308357958441833232e-04    3.830581696193339635e-04    2.022196828014820584e-04    3.819402387153325682e-05    2.848488765840594364e-05    -6.863325086017912574e-07    2.625767128277807852e-11
2.899996846858780941e+02    9.990269594463456748e-01    -6.703511370197936213e-03    1.797390412403919284e-04    5.665678597795195352e-23    3.901599074650695490e-05    2.805921853141836418e-05    1.017208291734528214e-06    5.800478211610481672e-11
2.899999274929309649e+02    9.998619193568624164e-01    1.017270271374758582e-02    3.327285574920649529e-04    2.491203093001437383e-04    3.655801604522148485e-05    2.699725393344874400e-05    5.245789528059532387e-07    1.690179767449541256e-13
2.900000757768281687e+02    1.000147486682276154e+00    -1.218334702214640859e-02    1.984976638102150279e-04    1.718147718028144403e-05    3.921042421757771790e-05    2.782804466525825264e-05    -4.924993229722050659e-07    6.860041368245125084e-12
2.899998306889194168e+02    9.978578009163273643e-01    7.486562731370108997e-03    -1.043323138136574498e-04    7.660020528858179061e-04    3.583785016228702115e-05    2.603661337895205394e-05    5.166685943310997416e-07    2.136618863995634219e-13
2.900004346987615804e+02    1.001792431564859420e+00    -1.562508002789493025e-03    -8.118815571084372375e-05    1.930316408126308054e-08    3.532010259481786866e-05    2.716168861598604060e-05    -2.203925185437730023e-07    5.838149807327215612e-02
2.900008681805171591e+02    1.001109070851089022e+00    -5.444154152043975160e-03    -9.756314567379254182e-05    7.616914420593401381e-05    3.873604971891763223e-05    2.827183049429062120e-05    -8.437918432544238446e-07    7.265648337838738480e-02
2.899999360570786848e+02    9.990505561662477163e-01    5.041356448860509834e-03    -5.152122884481098389e-05    1.189556953176303111e-03    3.812094585112801203e-05    2.795582591405292077e-05    -6.357674340445181895e-07    9.367233149934595104e-03
2.900003931949599405e+02    1.001167561645400994e+00    -9.818763016215746944e-03    -5.087228268488512681e-05    9.355080729865704400e-10    3.693649465870203384e-05    2.703289754836602833e-05    -3.493644163781516433e-07    3.444347810815187941e-03
2.900000053190486824e+02    1.001153567792391286e+00    3.770294429841715162e-03    -1.073564817959770225e-04    8.291760618410319529e-11    3.908613148787118061e-05    2.814547522138827814e-05    -2.001067837537908855e-07    5.742794291770048700e-09
2.900004555369831678e+02    1.003551647630104293e+00    4.589831412477831350e-03    -1.935819904732001637e-04    7.135172223128426064e-04    3.785552115873886791e-05    2.794225363812036833e-05    -3.845803617321588213e-07    2.888711002961367319e-02
2.900008449557803374e+02    9.981080184621115015e-01    -5.340279632209616115e-03    -2.498007246584280452e-04    1.880747545556422340e-15    3.868052314743939269e-05    2.874497876455928708e-05    4.900886804313446389e-07    9.777800191999382051e-02
2.900012142070009418e+02    1.001619226021773779e+00    2.199765962490667082e-02    -2.705263617208822965e-04    2.587501620790810916e-11    4.042576439734083465e-05    2.842385296618712455e-05    -2.220945460570471913e-07    1.320861571458987749e-01
2.899999559289553872e+02    1.002599603469597200e+00    -4.331454270951363116e-03    6.326289113537054143e-06    1.226594827396825871e-03    3.692681425882196085e-05    2.683444726853804384e-05    -1.872830081790857668e-07    3.751144530209681239e-09
2.899999848528869393e+02    1.002103624023016559e+00    5.492494166194433758e-03    -1.800022615697877636e-04    3.173207353507224299e-04    3.835381739037382111e-05    2.810022681372103561e-05    -7.839879869432162327e-08    1.245590247249425231e-13
2.900004375965039571e+02    1.002255501299965879e+00    6.639619041455051447e-03    -3.284691285201652832e-06    1.828260071634882009e-03    3.653491470863851737e-05    2.715585333617703289e-05    8.110553149781300958e-07    9.345918359999573488e-02
2.900001225520996968e+02    9.958288631497090870e-01    -1.485518536233167370e-03    -2.068322566248779245e-04    1.439721838695423150e-03    3.952243774057691213e-05    2.730349191000260215e-05    -1.581116713163262848e-07    1.049481295601526008e-03
2.900001267815410984e+02    1.003438161386380090e+00    8.049141237797763360e-03    -3.758421020005520857e-04    5.103535411594893104e-10    3.605496331463660717e-05    2.637132754261868768e-05    -6.161385409378500808e-07    1.054755217833755829e-08
2.899998045248560175e+02    1.000720630572397241e+00    4.080269095811795538e-04    9.127225516610779641e-05    5.266576770203510588e-05    3.834804448274187091e-05    2.788298233239970762e-05    9.425476285444882942e-07    5.512160210230455438e-16
2.900007730616092658e+02    1.000509074570961054e+00    8.961337436557213331e-04    -1.887859362243354052e-04    8.246984112673761769e-04    3.916864436516542087e-05    2.847906147879663874e-05    -2.850237001691877063e-07    1.011153914805259929e-01
2.900003932452846698e+02    9.997888308749396380e-01    6.159726645509602284e-03    5.580320182053134228e-04    1.201652304202653013e-15    3.942820616870334826e-05    2.703743066269065473e-05    5.946412345838879339e-07    4.523749834816669091e-02
2.899999505812536427e+02    9.975593838312786232e-01    -4.959947640455342546e-03    1.997539143275515745e-04    1.018109203035805948e-03    3.871557630805358413e-05    2.811262075616006499e-05    -2.423101323650064085e-07    6.825031112289559563e-12
2.900001086581096388e+02    1.001751238893807683e+00    -2.625837963678509177e-03    2.296843213032510054e-04    4.918003329311516402e-11    3.805662339662006766e-05    2.786785080708221597e-05    -5.561453539759469593e-07    7.311187217630658473e-09
2.900002047532640290e+02    1.001074514824529249e+00    6.354197140328212388e-03    4.580570320809427968e-05    2.278645556210180494e-03    3.825635266644063437e-05    2.807675256726913947e-05    -2.920746891831291684e-07    5.198553254288067887e-03
2.900005699308392764e+02    1.001055705172766874e+00    -2.183012344522972884e-03    3.690765501019431928e-04    1.442382193789898553e-13    3.855686742827923807e-05    2.883963397854721737e-05    -6.817650782156000960e-07    3.508291738088639006e-02
2.899997710093790602e+02    1.002483980376150274e+00    1.124024281051894808e-03    -2.246882581486505282e-04    3.868714328714620938e-04    3.862821198294883043e-05    2.788466500253424985e-05    1.148804802518389000e-06    1.090612394551131515e-11
2.899998792736357700e+02    9.990442973962490036e-01    1.924258931395769843e-03    6.653041423386964648e-05    1.741109268299499729e-11    3.803736884221232202e-05    2.794917771178203348e-05    -9.962133153383314350e-07    6.816456929760206576e-03
2.900004835145153379e+02    9.995635046286515113e-01    1.570180564633449818e-03    -2.910297613925662860e-04    6.795759843287065851e-13    3.975670155162682666e-05    2.837323084268260982e-05    -1.357158033900435644e-06    3.501715888663774895e-02
2.899999172010505504e+02    1.000618224033965831e+00    -2.279348431385270872e-03    -1.652877100316559934e-04    2.536051224667032478e-03    3.884141551124600518e-05    2.762911388291857043e-05    -4.875936705944451937e-07    1.133203512707595291e-03
2.899996929989580963e+02    9.991848339984311655e-01    1.256280750650684043e-02    1.626801380620397002e-04    1.554852216655863287e-13    3.401149877841893400e-05    2.711035624843983560e-05    7.567309195255496644e-07    9.189417042368847106e-11
2.900006433482781176e+02    1.000157045040799941e+00    -6.485414801854248257e-04    -8.430008848629600305e-04    1.955258827567682867e-03    4.202741389840614506e-05    2.873233617146821460e-05    -1.280864476415610884e-06    6.331192512669979455e-02
2.900001318758514230e+02    9.945794149465856382e-01    -3.692739320001324922e-03    -3.327932012571787658e-05    3.645473220084842777e-12    3.915929686436706183e-05    2.843864213166278843e-05    5.325634084318942913e-07    5.024376381195603939e-09
2.900001171919353169e+02    1.000711059334536301e+00    -6.562722781143882217e-03    1.855233411946619255e-05    1.344749248392514737e-04    3.566072149712837985e-05    2.745344000602163161e-05    -1.643166220264834183e-07    2.031729465570492374e-13
2.900000686357150812e+02    1.000280558408163767e+00    5.213572488392251639e-03    4.664925734921150625e-04    1.168685471330554661e-14    3.822139519981266600e-05    2.773930632550342183e-05    1.026362586609408492e-06    3.063765422102590966e-02
2.900003186819993175e+02    9.985983660833596121e-01    -2.182515446846209229e-03    -2.811358258825983236e-04    2.375192288914142863e-04    3.923471259795295997e-05    2.757831937269288931e-05    -1.494240288874710653e-06    1.675607147963578203e-12
2.899999435401047663e+02    1.002053098717698099e+00    7.627038078569703741e-03    6.267599597463191551e-05    2.526606438527109714e-31    3.835715388208747766e-05    2.728463211377349986e-05    -3.062718827959866125e-07    5.143533127349507355e-11
2.900000805674997082e+02    9.995614525184087773e-01    4.769884685332068824e-04    7.218685814386148871e-05    1.941621916680251267e-10    3.843077270498841019e-05    2.745392604232091969e-05    3.061031778348885114e-07    5.610411477344212812e-03
2.900001498367074646e+02    1.001771544930900149e+00    -3.001609668874422130e-03    -1.923566188811844991e-04    2.110681402727642136e-03    4.026371675394117611e-05    2.731012487536733466e-05    -4.790758557780717314e-07    4.175611388054854389e-07
2.899999557016810172e+02    9.950677950260327087e-01    -8.283315522081653379e-03    -5.961301168440109340e-05    7.590180206965524120e-04    3.921583962591445243e-05    2.781433431368460685e-05    -2.246576291771601470e-07    3.548637338366138379e-10
2.900002711395808888e+02    9.990897585839408901e-01    -7.951765447053235972e-03    -4.346380247650226012e-04    1.991810915158206991e-16    3.784577544701858964e-05    2.817557551520619776e-05    -1.200279887538932719e-06    1.366702527107775133e-09
2.900002004857713018e+02    1.000511658991757535e+00    6.293865455499313664e-03    -5.187621395116281389e-04    2.979539803368183950e-04    3.868318169023996308e-05    2.725528726934876332e-05    -1.118433785738317548e-06    3.504715446414211820e-09
2.900003065018934194e+02    9.987841688754541813e-01    -6.707868528687126707e-03    -1.452118752799640025e-04    4.153687630688174411e-04    3.943727059981060030e-05    2.905687190129023587e-05    -5.049658838276611409e-07    5.720271862559530029e-16
2.900005139631697944e+02    1.002016769595772239e+00    -5.323089970176652589e-04    -2.791495711847585283e-04    3.508960524665771894e-10    3.905514605983832814e-05    2.873246927089066901e-05    -2.848827490532669508e-07    4.421822911843655002e-02
2.899999812184944403e+02    1.000381405931657364e+00    2.034033568669219114e-03    -2.404575129449346474e-04    2.367094778707434506e-14    3.930760864388380230e-05    2.798226235399597084e-05    8.320438186328078699e-08    3.314665987032170069e-10
2.900000865378679009e+02    9.974903289301778608e-01    1.648699697301431654e-03    1.402323718536565721e-04    1.548644725840626598e-03    3.695194123197795668e-05    2.690790647054341767e-05    -1.067943408280672514e-06    1.260606775033186960e-14
2.900000111175567099e+02    9.993946299896019347e-01    -6.954864276456187641e-03    2.650728954317803040e-05    2.460588737113279367e-03    3.444149967080100978e-05    2.616557040821982459e-05    5.132271815187078910e-09    1.097820259182206992e-02
2.900007625108136153e+02    1.001481238548448172e+00    4.445234164324568873e-03    9.840352673416725559e-05    1.377892237250173257e-19    3.734078375791055984e-05    2.766621874470290916e-05    -3.836600665186499834e-07    1.029041138963985302e-01
2.899998032998383906e+02    1.000052444408205954e+00    -1.896427921182677456e-03    7.095362561501139824e-05    1.317582578653998915e-18    3.792584461519139902e-05    2.860025259263139231e-05    5.014523091987090509e-07    1.813498014806954182e-10
2.900007021513657719e+02    9.990800558290854338e-01    3.587910532743904691e-03    4.649486563257926043e-05    2.998013766835459797e-14    4.002230092736819945e-05    2.891986074253798025e-05    -1.030411115688388859e-06    3.734901223347399102e-02
2.900000082825582695e+02    9.963212433535262313e-01    4.388166875238163830e-03    7.734321869244377380e-04    4.162021884422918363e-13    3.461492655718400273e-05    2.651646658060506575e-05    1.047585109906386099e-07    1.448424811121649773e-02
2.900002526626121835e+02    9.977900287335816909e-01    7.140420228483983223e-03    -1.820336097943245563e-04    8.729075603837779243e-04    3.702707002293134474e-05    2.778095908107796152e-05    -4.914583218610988614e-07    8.103020934553323433e-14
2.899999252224239399e+02    9.980850149976195906e-01    -3.229796397220944994e-03    -3.318256122641867804e-04    8.584896082985710809e-10    3.595874659852081004e-05    2.704797317027590482e-05    3.188736728554882701e-07    9.584630194636124860e-10
2.900004236578171799e+02    9.998724182710633235e-01    8.826763260942057515e-03    -3.688954980862246065e-04    5.403402848282359144e-04    3.702887185055666648e-05    2.669149665479232742e-05    1.723675674366912403e-07    7.090010142141350835e-02
2.899999140499517125e+02    9.995041237019101077e-01    9.914297820759034388e-03    5.718035088187841579e-04    1.154333457900954119e-12    4.034181269594078905e-05    2.880995868852120260e-05    7.052479794704228485e-07    4.322291841578686754e-03
2.900003904927867211e+02    1.000988570486832208e+00    -3.464088396456217397e-03    2.683985266406734406e-04    1.642969528827792365e-13    3.694286102076992713e-05    2.726155112435336029e-05    7.493794935007426029e-07    3.923803133691710493e-02
2.900000089321475230e+02    9.968389428431734256e-01    9.497937275146531994e-03    1.149072154711772940e-04    5.523367102915830302e-14    3.666344449892961843e-05    2.742644560564694328e-05    1.329039582089874762e-06    4.827374134328722005e-02
2.899999568180163010e+02    9.984529758776348185e-01    5.113373827955098629e-03    6.131105688098986402e-05    3.049344994370127202e-04    3.846288195636318486e-05    2.778736686021337414e-05    5.913587562399575087e-07    9.107111850952104084e-15
2.900004415420163468e+02    9.994112313172908157e-01    -5.567965302077195963e-03    -3.615797300543611639e-05    2.476066790431123623e-03    3.652121268779090030e-05    2.674010180937884406e-05    9.345395365371249399e-07    7.048768303402788704e-02
2.900002234681764435e+02    9.992373991223135743e-01    -5.334549131735431653e-03    -8.197236912126483824e-05    6.842290960334659672e-04    3.581174849573780884e-05    2.692255114363622663e-05    8.117385238889978749e-09    3.468079344840783312e-02
2.900001847839251354e+02    1.000166802314212511e+00    7.809823027854991342e-03    -1.117974903192840491e-04    5.561447313311431748e-11    3.794549257565871822e-05    2.879691293088598847e-05    -1.448936877843397115e-06    6.151710623837007468e-09
2.899997429135087259e+02    9.978308686786783177e-01    -4.028165392458532253e-04    -4.508689534337884022e-04    5.913762903262328941e-12    3.526177684093615599e-05    2.652297666241104840e-05    -3.484738140804059933e-07    5.861746603857790155e-09
2.900003254897947045e+02    1.001804370872802163e+00    1.265505284876348958e-03    6.977875883547786937e-04    5.330966629217132307e-04    3.733663457341530200e-05    2.803478226633217531e-05    1.130644588040130712e-06    6.544990802650192674e-02
2.900002502375427866e+02    1.000245798857872570e+00    1.154823746438081618e-03    1.858045696576618607e-05    2.441779734947132473e-23    3.905415957802973434e-05    2.819989026149067192e-05    -5.184640221402736622e-07    2.305978592948785620e-11
