# f_r [MHz] A m phi D delta_r delta_ere delta_eim a
2.899998732250722924e+02    9.966668416029039745e-01    -3.237957202115367920e-03    5.632048072453066075e-04    1.059042630678985411e-04    2.497364206974244904e-05    1.477479549816271329e-05    8.872480671449576285e-08    1.268981455492305087e-10
2.900001959531500120e+02    1.000513676765618865e+00    -6.803785300741782734e-03    -1.527211079148668249e-04    2.136701752429542248e-03    2.700914466537659002e-05    1.620953938898171174e-05    -8.887456584136232212e-07    6.010852292913292268e-03
2.899997689785229795e+02    9.985547746038255790e-01    3.275508342753937537e-03    -5.129575687519023200e-04    1.593203881290830852e-04    2.419999836309386952e-05    1.503687693895682109e-05    -7.163887135057817574e-07    1.537903342409100899e-13
2.900001603524436860e+02    1.003900681304518594e+00    4.562435686043035850e-03    -2.904052726883030720e-04    7.362565647947530444e-19    2.874662486596831374e-05    1.644209814439623495e-05    7.981169838202965809e-07    3.585654947807896675e-02
2.899999020655912432e+02    9.983689318166307780e-01    -6.438573919796073677e-04    8.978904190328709399e-04    6.027332112525453809e-21    2.347651473316724624e-05    1.389099860627614194e-05    -5.793773879100598630e-07    1.260790224965604399e-09
2.900004545979049340e+02    1.001175987462299410e+00    1.510706917756375785e-03    3.259525082529755261e-04    6.040336525482918387e-26    2.458697114534941133e-05    1.509361212711244727e-05    8.834428119238562756e-08    3.745153467745605119e-02
2.899996353222754806e+02    1.002504525353708376e+00    1.013469398840712894e-04    4.115897582265847822e-04    2.028984519899093889e-04    2.467303696982393657e-05    1.528451762706882020e-05    1.259078253645692300e-06    3.689067907572409318e-12
2.900008975921132901e+02    9.976807759771395556e-01    -4.999613110297914872e-03    -3.190752868381155870e-04    4.143408579066904232e-17    2.529189777117700247e-05    1.422784294767734388e-05    -3.106286430932820151e-07    1.141255041788503399e-01
2.900003543629354112e+02    9.984917567691979912e-01    -1.105796843671391465e-02    -3.892583805280657285e-04    1.241341675717009011e-03    2.414013804353805942e-05    1.502160889923547143e-05    -9.534245815930262602e-07    1.406437669938673363e-13
2.900008513261028043e+02    1.002040102919290243e+00    -9.369073456770261269e-04    -3.761817271604849921e-04    2.226629635074523883e-18    2.519075752951265723e-05    1.491934436542229371e-05    -8.806405681371697583e-07    9.288843540954054567e-02
2.899999354789845256e+02    1.000932242575302444e+00    1.194284428127961352e-02    -3.562251235263306018e-04    1.006387896149036449e-28    2.375950275907815452e-05    1.528810523243479951e-05    1.293909300718800972e-07    9.562208631586520529e-09
2.900001151520634153e+02    9.979704314124907549e-01    8.073050879396350896e-03    1.715508472944743238e-04    1.033752888448139572e-17    2.574400964556514850e-05    1.516312744756573062e-05    -1.815776717803086522e-07    5.635211289295138080e-09
2.900001147025377009e+02    9.985133829383894266e-01    -2.164172159158434059e-03    3.271355353385190293e-05    7.694706911073892638e-20    2.565239850888875812e-05    1.525924365423189275e-05    3.821026026083964253e-07    4.520033548769707837e-02
2.900000370163363073e+02    9.987342056880992303e-01    -7.001593283066297364e-03    2.027460295093480222e-05    8.822466896342834319e-04    2.489716020174537563e-05    1.521063172667451669e-05    6.320189169196277499e-07    1.988176936284425517e-02
2.900005709565347729e+02    9.998090648656594581e-01    -2.329956925989462840e-03    3.997374122477562750e-04    3.216953515870853234e-19    2.744284341757556261e-05    1.606853031299300153e-05    1.613069794090199875e-07    9.502787083264936652e-02
2.900004423219272667e+02    1.001124199243487389e+00    4.478497347954158120e-04    2.530707684851152663e-04    2.796287024789264936e-25    2.671400568261752558e-05    1.531999299791515703e-05    5.711235011952315015e-07    1.170434122698134904e-01
2.900000677741076061e+02    1.000573969924718476e+00    1.019054538735097645e-02    3.295595754563970185e-05    2.981727994352807378e-13    2.418605870754005530e-05    1.448722227832356373e-05    5.425993983207161494e-07    2.956310109485573920e-02
2.900000738979486528e+02    1.003074633068602006e+00    -3.347269171680763294e-03    -2.422150835083066312e-04    1.280198264510833269e-24    2.764601733845537432e-05    1.569135079081522498e-05    2.248744486797973459e-07    1.545851626331731518e-09
2.900006442179357009e+02    1.000568171279131668e+00    4.269417088510690274e-03    -6.763448987853288782e-04    1.211485317603982603e-03    2.990668606484928410e-05    1.664637987016217083e-05    -6.513860334454578771e-07    4.645860379333646012e-02
2.899999070005171689e+02    1.001582901995505148e+00    -4.366560077755347533e-03    9.818656813199683577e-05    9.047987460252983541e-19    2.565251340356665324e-05    1.543551163886269960e-05    5.253906199870503956e-07    2.135595108856968618e-09
2.899996335118040633e+02    1.000006445550312595e+00    1.446492957393614998e-02    1.285794979212931757e-04    1.327200767884437194e-03    2.548969747212124622e-05    1.554936064150172853e-05    6.485597665641857533e-07    5.877309607007106237e-13
2.900002402192605473e+02    1.001506898915795807e+00    -4.689928354554360156e-03    -2.239749174104946252e-04    4.030508870679506934e-16    2.428987623309842588e-05    1.486645962281093934e-05    -1.138476374947556319e-06    2.758513132474471954e-02
2.899997770540043689e+02    9.998532677681674086e-01    2.327479414394050244e-03    5.646353530448786138e-05    4.167367149073763696e-04    2.293898672573817154e-05    1.353019665669350929e-05    7.580009511626004085e-07    5.119649606221301150e-11
2.899999227799540904e+02    1.001997045619226423e+00    -2.230982469449603600e-03    2.601661162997416900e-04    1.661735069272224414e-20    2.380703218911657022e-05    1.419575279492985770e-05    8.916012235607366111e-07    6.257036404752393255e-02
2.900011293171235138e+02    1.000155701909491102e+00    2.176562266890391239e-03    1.751378810402435420e-04    2.538430982245617248e-03    2.415839184176442708e-05    1.452664545621564072e-05    8.186602127150675182e-07    2.037239902971966221e-01
2.900005333447923022e+02    9.988431672961736174e-01    9.957420892528585574e-03    -4.514128954052793212e-04    2.238583792384656469e-04    2.573877945432264603e-05    1.484638688101405822e-05    -4.707039722261241358e-07    7.135288626201383155e-02
2.900000171885625377e+02    9.997157172104191858e-01    -7.860774797849629306e-03    4.319416312211942952e-05    1.523486724360555276e-29    2.481345613526135150e-05    1.517860202049647222e-05    -2.027614813547799049e-07    2.618988288225553556e-09
2.900001085526023985e+02    9.999652797607434529e-01    3.206536154963473325e-03    1.800435222720585108e-04    6.942477549017399101e-04    2.814398491294861393e-05    1.621892004252279161e-05    5.177214213298669487e-07    2.639427705208813749e-13
2.899997800098352059e+02    9.993523897399042566e-01    5.556180592982974328e-03    -3.381247053968179737e-04    3.256262001146827413e-06    2.786527604104642043e-05    1.542750402371540993e-05    1.438613408292265347e-06    2.554087379617918507e-17
2.900005280842437969e+02    9.987990385771970958e-01    -3.224315033883266585e-03    -2.188185024635780059e-04    5.366379863705756769e-04    2.420408831470232988e-05    1.430224805949307651e-05    3.060361459215760799e-07    9.195385317855007956e-02
2.900012074045559416e+02    9.984767871894530966e-01    8.775496585169817801e-03    -3.170634183106920442e-04    1.526863627085758229e-20    2.587919933020262661e-05    1.533104736389482193e-05    -1.088683842239243919e-06    1.289320172488196692e-01
2.900002398441513378e+02    9.988339975762110523e-01    -1.699964659833994073e-03    1.026206505728986161e-04    3.512452983108912638e-04    2.587857806330962402e-05    1.494992653136156576e-05    -1.445063936919984488e-07    4.929192720196816598e-11
2.900010755937408362e+02    1.004591038735720421e+00    -5.807866958416525900e-03    -8.217535142057333426e-06    3.199310281620442833e-20    2.688729705728970122e-05    1.506429053093654832e-05    -7.198411626038491517e-07    1.159822755567276181e-01
2.899999824269478381e+02    9.978199037841988250e-01    2.315364941968664839e-03    -3.511341108728718808e-04    2.594148266722152394e-24    2.400595715202369045e-05    1.464982927983082828e-05    6.771286219928798740e-08    4.715540066792544448e-11
2.900006894140800568e+02    1.001416001704102943e+00    1.580397468725231250e-03    -3.850489989074077756e-04    1.791252004618767685e-19    2.574633301954842409e-05    1.528620826631305193e-05    -2.034032932017205944e-07    9.825664610140932842e-02
2.900000102350725228e+02    1.000088191573395457e+00    -9.472026693561437158e-03    1.238531415018003976e-04    1.224943202952885222e-03    2.351888148551147312e-05    1.556638923444217604e-05    -2.548181203459794591e-07    2.760189091448751048e-10
2.900002479906195276e+02    1.000850380278116791e+00    5.570192397076220931e-04    3.058377967217202064e-05    6.675339180345655841e-19    2.551438540291256981e-05    1.493425732928805219e-05    2.108339641412610567e-07    2.723567461436387752e-10
2.900004489032636457e+02    9.984159959061185141e-01    6.036962459445102507e-03    -8.560174741861896225e-06    2.563211969201599790e-28    2.642556831749002470e-05    1.578065063785476205e-05    1.983203645982846645e-07    3.382634376218386640e-02
2.900003036593275851e+02    1.000359247277171182e+00    2.543925580598336601e-03    -3.096286111859335665e-04    4.216365431984909345e-04    2.446085353225765840e-05    1.471456109295970909e-05    -4.465241011184828142e-07    9.452566995830020029e-11
2.900003053304035348e+02    9.977355773407167172e-01    1.121401112665985390e-02    2.602318178513710815e-04    1.459658635701859987e-21    2.610096833846883166e-05    1.596746797610900032e-05    -5.297516863780639085e-07    3.410037329189009215e-09
2.900001962447865935e+02    9.984930995237355500e-01    -1.238395728053864799e-03    -7.508119780573356604e-05    6.646646323332949151e-04    2.289873673326826378e-05    1.453602922378111436e-05    -1.052112907503409229e-06    5.268983853932440904e-03
2.900007726488015578e+02    1.001288575402559333e+00    -2.523749302629464935e-03    8.545599933854221338e-06    2.287931475289356584e-04    2.625255968368655449e-05    1.603817374922810723e-05    -8.560993404467532188e-07    1.192809912241682840e-01
2.900011813933985536e+02    1.002119312378936478e+00    -8.568073109847447813e-03    -1.877010685965232073e-04    2.112337956606357271e-04    2.679758441944162032e-05    1.646121804017738167e-05    -1.070086142327278340e-06    1.129814890080950707e-01
2.899999590540746794e+02    1.004814079201708399e+00    -1.626357350842751529e-02    -1.938010702922815271e-05    2.969531804429156982e-31    2.859927205103954148e-05    1.579677945725393160e-05    -5.273084134386001603e-07    4.162131029459494769e-10
2.900004926023729581e+02    1.000015131556665215e+00    -8.741633731337499630e-03    1.384942670496835742e-04    4.831175133031871487e-04    2.506037049314381796e-05    1.508852142818831814e-05    8.313508394841884534e-07    1.469074016144781836e-01
2.900001074940758485e+02    9.974038675273509957e-01    3.942732998620549108e-03    -2.504995739305338489e-06    7.499061152356987388e-24    2.567899184199871332e-05    1.544810156650482520e-05    3.091132244430449657e-07    2.997344445100651872e-02
2.899997503217658164e+02    9.997723483582968695e-01    -5.353467716300073717e-03    2.555295120462697505e-04    1.407196787351138541e-04    2.454601796180292493e-05    1.564312859808046640e-05    1.284849614862560646e-07    1.959074003325712710e-16
2.900000261845549403e+02    9.998084142314771494e-01    3.154047004304856051e-03    3.894040304178369646e-04    2.351614533151638029e-23    2.390713982539487419e-05    1.429521457940351082e-05    6.977615012245095912e-07    4.693665771464207437e-02
2.899998530328606421e+02    9.987741274304160477e-01    -5.082892289944947921e-04    3.687714918533555264e-05    6.576281440268115812e-04    2.498535487788232479e-05    1.566694786574376202e-05    1.805914161291074675e-07    3.851693769374672804e-08
2.899998146325712582e+02    1.002170839461374641e+00    8.337678849183708871e-03    -8.368754707174905390e-05    2.795899864455912337e-18    2.600283467591786945e-05    1.527262888064655872e-05    1.235880848580650276e-06    4.873266107974842147e-09
2.899998281548289469e+02    1.001250374113957120e+00    4.261885741865281858e-03    -4.520452330614539108e-04    2.408496414053040566e-22    2.460811247061737907e-05    1.478744876970627413e-05    3.973326733940450013e-07    1.189532182521381667e-10
2.900003462243755621e+02    9.999509762763382215e-01    -4.181353124976939888e-03    -3.483693297318449212e-04    1.505346285704051905e-04    2.596058298646861844e-05    1.646208619681621430e-05    -3.516656769139725944e-07    1.469514713322823615e-02
2.900003626147359910e+02    9.987999181840439000e-01    7.147764498296326971e-03    -1.762542077174976450e-04    1.553481939233596716e-03    2.731905498482154664e-05    1.559987464484455141e-05    2.552125443697867226e-07    7.446000423415120150e-12
2.900000565637756722e+02    9.998104481678481426e-01    -4.335275767520711462e-03    3.822921782188362324e-04    1.705340426779563471e-04    2.531217567834586108e-05    1.481072725155158467e-05    1.738983522832832535e-07    2.008603744382958523e-02
2.899997653910234021e+02    9.996455288637657866e-01    2.819842826539169060e-03    3.183476139315067266e-04    1.284911910502571266e-25    2.410286793566186934e-05    1.499985692901597513e-05    8.681886630033929638e-08    4.018820814534227598e-02
2.900004364455768382e+02    9.954279894832435138e-01    -5.882523114221885167e-03    -4.828835206933523448e-04    5.154012490585773276e-24    2.630332110872210673e-05    1.601628333516347448e-05    -8.046694003107752888e-07    2.263142954623956388e-09
2.899997357548787704e+02    1.002429373597514717e+00    9.528138456787151739e-03    1.329044855947504047e-04    5.835734144980898961e-22    2.450383494436065863e-05    1.521134640668038805e-05    9.165469671719385240e-07    2.337213291092727108e-10
2.899997386901272307e+02    1.000632021853288034e+00    2.218079249880693798e-03    1.148029517014993930e-05    1.324469929342950245e-03    2.410998695163859187e-05    1.454911307623671242e-05    2.393217840791395203e-07    6.689663683917652121e-17
2.900003158147143267e+02    9.997429795520100804e-01    -8.852621361201502490e-03    3.173357502366125772e-05    1.683790425253555790e-03    2.723780188591526767e-05    1.603334113140058358e-05    -1.408617047464490692e-06    2.140533706065190369e-11
2.900001578902987376e+02    9.985276572873659218e-01    3.144389742490185692e-03    -1.140543034930519441e-05    1.769192043925457616e-03    2.341247739205793116e-05    1.514184738480938356e-05    -6.182466933860877175e-07    6.905951285291261416e-10
2.899997657758431160e+02    9.994138885894828794e-01    -4.466051402238553625e-03    3.650536379585037354e-04    2.499113791954161827e-04    2.476655187416087177e-05    1.528734396622535288e-05    2.284218864477740304e-07    3.548286008321509168e-03
2.900002916702708262e+02    1.002971819447108448e+00    5.684559370400467729e-03    8.677534602066702956e-05    8.022616849873711545e-04    2.541038334237827621e-05    1.493942744915538015e-05    -4.277619348685644599e-07    2.512495994140325276e-02
2.900000059251263451e+02    1.000376722304376242e+00    -8.519495298213579024e-03    2.286391292507940318e-04    2.014369915140441683e-04    2.572369930545312134e-05    1.576002850162132898e-05    -2.219304415996190845e-07    3.250044475267435673e-02
2.900008564366474957e+02    1.003057477589285318e+00    -5.183276302429767543e-03    -4.654524219823143140e-04    6.074372035085167385e-04    2.381088690388719902e-05    1.450167613799764869e-05    -9.173784278502431868e-07    1.071264492112292410e-01
2.900000545663271510e+02    9.985275376301758765e-01    4.218732180913936820e-03    -1.134491659304517289e-04    1.244998653191978569e-03    2.267459599278999501e-05    1.410103953210736567e-05    5.078283969945785892e-07    1.863706253067974952e-02
2.900010168878013133e+02    1.001592013188110197e+00    -6.527930778495969442e-03    -1.909452695112691866e-04    3.992929234626059563e-04    2.425022397202130506e-05    1.469600950209258869e-05    5.048055500596450256e-07    1.768412681743343207e-01
2.900003147030486730e+02    1.001385060780739300e+00    -8.792863149898924591e-03    -9.374880977672376176e-06    4.089543630071124352e-04    2.554978177466613032e-05    1.519569148418236881e-05    -2.688913774401459934e-07    4.731412729531193906e-02
2.900001812967487353e+02    1.002803661048138117e+00    4.686117334556317605e-03    2.988679576482338821e-05    6.982773430129614111e-36    2.403929186350441170e-05    1.479811025563781863e-05    -4.063970295284800110e-07    3.102169374579397555e-03
2.900001691733089615e+02    9.998390972103133878e-01    -8.200798428485457647e-03    3.615686172286960558e-05    6.457988511802312973e-25    2.614870849183572636e-05    1.573796781920292471e-05    1.919057940227250388e-07    3.154201110224246624e-02
2.900003096274675158e+02    1.001596692718448312e+00    -4.697706934538229198e-03    3.563030564900936700e-04    2.786941154278717739e-23    2.546126990536162977e-05    1.464044468510273815e-05    -1.753070263957921857e-06    4.541614875209277830e-09
2.900003258734322458e+02    1.000896637061809313e+00    -2.358593019375646027e-03    -3.944379365348861326e-05    5.843709105973528013e-04    2.679799176177204595e-05    1.584855049337675523e-05    3.233304518367050404e-07    8.540156356348438393e-02
2.900001871948819598e+02    9.988371978557416542e-01    6.646507465099996993e-03    -3.825313998826073743e-05    2.178544803522729396e-03    2.394214818510566784e-05    1.498062354902487732e-05    -2.457122512533846196e-07    5.798694670123908637e-09
2.900001923657189877e+02    1.002615761777203129e+00    -2.457187274956786939e-03    1.060401575739027322e-04    7.461040595633388912e-04    2.459605215635471152e-05    1.465737969858276321e-05    -1.082115529031804412e-08    3.150090750554445989e-09
2.900000675722337178e+02    9.969361518165620328e-01    4.130721821277234980e-03    -2.021328253715963411e-04    5.930650234460683413e-29    2.679097135784873547e-05    1.589774339186210994e-05    -2.063006592000147034e-07    2.108398571805665186e-02
2.899999666125740987e+02    9.983650771714617234e-01    -3.583376173280199828e-05    3.261681483748851305e-05    1.792292614672053366e-22    2.658807032702531788e-05    1.550502219540658252e-05    4.778546838942869579e-07    1.319916413192228186e-09
2.900001035678484413e+02    1.002242451634797638e+00    1.128407989111388995e-02    9.513265535918924930e-06    1.584375798629798485e-29    2.328941204488373427e-05    1.446970358643283872e-05    -2.127768316421001441e-08    3.023413648661565863e-10
2.900008389390039270e+02    1.002712397053147297e+00    -7.913794846309094022e-03    -4.551909443199541661e-04    1.566803785407975278e-04    2.413038783270185758e-05    1.395105700095366424e-05    -6.168336048512878014e-07    1.491864614340704109e-01
2.900000633962532675e+02    9.985284656690353033e-01    -2.166190840332963500e-03    4.725834368366127252e-04    1.147465415607561894e-03    2.550586393805964243e-05    1.571407803280847851e-05    -3.133375360982953486e-07    4.319858177134431053e-11
2.900003735399781135e+02    9.974760387259583583e-01    1.013046892454035758e-02    -5.460867775051664666e-04    1.919737794117840434e-29    2.460774627148149050e-05    1.435394568586992606e-05    6.945231096231623012e-07    1.193690364761462869e-01
2.900004240026243565e+02    1.001902513878748291e+00    -2.027533795222832228e-03    1.923248838780063324e-04    2.052111860498168940e-03    2.269725641102996114e-05    1.487263495105686891e-05    -1.176428770559572456e-06    5.260346463629326784e-16
2.899994686641038584e+02    1.001722652564125404e+00    6.020637063484514211e-03    6.062341061898932331e-04    6.874833169518330695e-04    2.677455168394456500e-05    1.564164734121102892e-05    1.404623198092693086e-06    7.283712421083809978e-12
2.899999580611086003e+02    1.000254454437807805e+00    2.941313090590640545e-03    4.266276519057942730e-04    8.687896830863265015e-24    2.392865725547846156e-05    1.469257731996810968e-05    2.445014339641192206e-07    2.391021323768187746e-09
2.900005744676842596e+02    1.001349752967024775e+00    4.351194885084527439e-03    -2.586065734828534536e-05    5.443286645096739136e-04    2.545703211874055264e-05    1.567936207558385720e-05    -4.323310609593542685e-07    4.245387621672579159e-02
2.899995582732221919e+02    1.001489089590256176e+00    1.099266834613009218e-02    -4.671697702754037083e-04    2.163514915426437132e-17    2.571309121790169044e-05    1.548622416993456868e-05    1.592431429681888596e-06    1.419792395926226282e-08
2.900003870163152442e+02    1.001246678521108047e+00    -1.198416878540502564e-02    -4.914626261422703210e-04    3.321358831025170068e-04    2.587177253629122147e-05    1.574205741647781141e-05    -5.723233906969304977e-07    2.390551690128720121e-13
2.900008525375931185e+02    1.001340083294189442e+00    1.841730272230640911e-02    -5.377862497947449513e-04    2.013210242684889771e-11    2.331059137413069750e-05    1.433894530428125566e-05    -2.315224802268786957e-07    1.950268373591129423e-01
2.900001986175940942e+02    9.980995382029164142e-01    -8.267201161273820750e-03    2.532448306693182863e-04    7.490521916592322788e-26    2.371069682939832326e-05    1.493247658818909837e-05    -1.171245209998225278e-07    3.845205216830378109e-02
2.900002024428102914e+02    1.001301682781217783e+00    -6.602553034686388898e-03    -1.390768149376956351e-04    1.961095122637674162e-14    2.468130780015641886e-05    1.467430125146443985e-05    7.265038335873611087e-07    2.517553189051516954e-02
2.900002840697626425e+02    9.984541094357672897e-01    6.017692095190713651e-03    -1.605049270240116791e-04    7.530601757547389450e-04    2.354031014065434703e-05    1.396860882784434141e-05    -8.941057915684782039e-07    9.289568324699300915e-11
2.900000112394150733e+02    9.992351623742767863e-01    7.048625853746244910e-03    5.136513652459278548e-04    5.001276649017927563e-25    2.515053569309873757e-05    1.548909591983534790e-05    -3.257554748537361740e-07    9.821842118248552776e-04
2.900003976742900136e+02    9.980654529137554798e-01    5.878141412834292714e-03    -3.102282974255630857e-04    4.783538305621730526e-05    2.247604022813088465e-05    1.416050057316481615e-05    2.270550623523643136e-08    8.558698101501223399e-02
2.900001339335422585e+02    1.001781755067684410e+00    -4.921105242537896071e-04    4.197011476017572856e-04    8.443588729390621345e-27    2.719636610289493292e-05    1.592404561431380792e-05    -4.268162600334826221e-07    7.689347025632432939e-12
2.900000720458422734e+02    9.984257474843417635e-01    6.758139217963947919e-03    -1.808202679054067823e-04    2.377225045414002754e-05    2.270334208086522058e-05    1.503321369749545619e-05    6.998155958230587496e-08    6.502880996062389185e-10
2.900000175072540287e+02    9.977527732243192116e-01    2.284849534881098869e-03    3.858718867693621294e-04    7.733695618794731667e-04    2.463656486446496536e-05    1.497173371057485653e-05    -3.092390880100588161e-08    1.285761359696573373e-14
2.899998437663678033e+02    1.001925229183638466e+00    4.150701849489601622e-03    1.027708864987309298e-04    7.689342435697900019e-13    2.749762969836491440e-05    1.629991561355507190e-05    1.098994636345822831e-07    1.232918110125405271e-08
2.899999631278027437e+02    9.988854568389189392e-01    -2.396741739555132116e-04    7.095032048692632640e-04    2.076329496203738939e-22    2.711104037586312292e-05    1.669354083136785700e-05    4.545546567421065614e-08    5.583621647196468086e-09
2.900001093796348073e+02    1.002342588229702569e+00    -9.085856032199874505e-03    3.541971516131979048e-04    3.759450822890978440e-21    2.431909319332405871e-05    1.433695606075992786e-05    3.834293339136156682e-07    7.946250622994317022e-08
2.900002785499805213e+02    1.001224994792369483e+00    7.616939669042475589e-04    -2.982447614345002762e-04    1.197255687532759608e-03    2.239851006575789154e-05    1.453539324240818564e-05    2.050346379691553677e-07    4.654180937573920013e-02
2.900000427492961421e+02    1.001077637596931691e+00    -9.395824306693244254e-03    -1.664572177665473167e-04    3.221566875936747107e-03    2.200641675710069488e-05    1.413409973278632885e-05    1.969061955157735510e-07    9.655044929630481904e-11
2.900000551727922016e+02    1.002215269845241119e+00    -8.312449419235132253e-03    -2.833407941749003568e-04    5.114814031410066250e-04    2.889255136317051367e-05    1.682010304303928564e-05    -2.649129786971800712e-07    1.892438706488451596e-12
2.899999484142466599e+02    9.983168453565700595e-01    5.145630795215883589e-03    -8.811250887882693438e-04    9.151694987893109262e-04    2.354021664183317386e-05    1.465255691820434067e-05    -3.668580054985995984e-07    1.865232918705081797e-09
