# f_r [MHz] A m phi D delta_r delta_ere delta_eim a
2.900001741733240692e+02    9.986841632129498381e-01    3.918660437013076793e-03    5.803607071892366885e-05    1.421025124289335950e-24    2.731315934650172661e-05    1.687442881436599900e-05    -3.905765521567118752e-07    8.212936721021829282e-11
2.900000568912394101e+02    9.992375498921579613e-01    5.479421127395630448e-03    -1.187104328356188007e-05    3.798308940241366962e-22    2.647976506131014655e-05    1.757412552287565424e-05    1.656390145799303614e-07    5.313176078578206767e-12
2.900000105210604033e+02    1.003665609665836289e+00    1.169386777597572653e-02    -1.042396227680943190e-05    8.529737214402030954e-17    2.860415487476143526e-05    1.647950636818181028e-05    3.977817597636707512e-07    3.898885876574234197e-09
2.900002039366805775e+02    9.978081787141934722e-01    -2.919789718379669878e-03    -3.567021297727153342e-04    1.496773307072266068e-18    2.633610176779866259e-05    1.638340671821605411e-05    -6.320192972585588801e-07    8.183042013696874846e-10
2.899999525551995134e+02    1.001399978279490233e+00    -4.461720263326397762e-03    -3.718909761127828792e-04    2.178273110611181387e-24    2.568581193581748800e-05    1.637770101071599354e-05    5.149998253906090778e-07    3.254400955859269498e-10
2.899998943368323125e+02    1.002019083420120360e+00    2.127010433472953203e-03    -3.433692570902272656e-05    5.277500470955569008e-14    2.743347520019766937e-05    1.806036252749134013e-05    -1.244221230475064221e-07    1.933160837270208113e-02
2.899999626641003374e+02    1.000652492563569806e+00    3.761721302255089001e-03    5.561724387910318979e-04    8.324009873134839655e-05    2.659121731297928756e-05    1.633585175237484008e-05    -1.857073341546038719e-07    2.978327147777878043e-09
2.900005592335394340e+02    9.970863466499457761e-01    -9.941919116845375839e-03    2.636429164444321362e-04    1.283192498008640513e-04    2.619667048634882609e-05    1.675008847099567351e-05    -6.263137351903959575e-07    8.173216389674063664e-02
2.900005594929530730e+02    1.002211562137057976e+00    3.763385399271645861e-03    -2.291348546137081214e-04    2.523295826437843443e-14    2.942277944919328281e-05    1.730196985354444855e-05    -6.631660176462431843e-07    8.256613421048554502e-02
2.900004583542789192e+02    1.001279439366022261e+00    -3.729951432444134768e-03    1.546274914479098554e-04    1.434285350539650896e-03    2.571620938077779403e-05    1.656307633711800006e-05    -5.353486150432168300e-07    5.227257813712371526e-02
2.899997779791667085e+02    1.001739125969506983e+00    1.067054651036211145e-02    4.167521943456196183e-04    8.113748636679858978e-25    2.494989541384558617e-05    1.593139343044422276e-05    1.328954879686369235e-06    1.026026903756957424e-09
2.900000431216888614e+02    9.996494653913750028e-01    6.549176709126686494e-03    -4.994758305217777451e-04    2.360334770513628682e-22    2.680794550992154668e-05    1.603699867089627816e-05    -5.884618358656061588e-07    9.186244602728156359e-11
2.900000793176835145e+02    1.004200464664672943e+00    -8.426751229602676835e-03    1.244517901515829216e-04    7.197775348138375068e-05    2.577043363408322314e-05    1.618708750517835495e-05    7.740125869359456161e-07    4.945776441882032058e-10
2.899998444033901137e+02    9.990409386151558602e-01    9.392784211414236320e-03    -1.260037393655747252e-04    1.383413696733963821e-04    2.509257884112093588e-05    1.633582758646845269e-05    7.690855788396577916e-08    4.071255009769700264e-12
2.899997602190438784e+02    9.966061931700750387e-01    1.073536317770961042e-02    5.230516051641474350e-05    6.736328287959568494e-04    2.654192544983044913e-05    1.649438813792121911e-05    4.563683191441404368e-07    3.599857759993886543e-03
2.900004401938438150e+02    1.000559891240858201e+00    -5.710454594962722542e-03    3.117939404417867703e-04    1.280872450832562312e-22    2.908777726471696267e-05    1.725465979212278335e-05    -7.783976502099057566e-07    4.972557089596347962e-10
2.900001504170087401e+02    1.000268877706073978e+00    -2.919487083494189334e-04    7.986130089626255015e-05    8.854876342000054706e-27    2.768652451150777300e-05    1.701613549170817938e-05    -2.958305083632322512e-07    6.802010524719619612e-12
2.899997962331531198e+02    1.000919853673509774e+00    2.948168978853301075e-03    -1.197679590888949257e-04    5.823243075285388249e-04    2.823206794244220990e-05    1.709963629153674633e-05    7.098764005730776288e-07    4.520929143742892509e-09
2.899999778175263145e+02    1.000740325805995479e+00    -7.098414890807365311e-03    4.482845681532692970e-04    6.692661786823470883e-04    2.803399446283601055e-05    1.713195441805282867e-05    3.139276654524841065e-07    1.449561839839438350e-02
2.899995755104918658e+02    1.002326009372432880e+00    -1.046577339454022107e-02    3.355187285837925629e-04    3.089150090167947361e-04    2.552148262411183292e-05    1.649643638174519829e-05    4.399955707914297275e-07    2.347377001328126661e-09
2.900002187233774862e+02    9.981429194994644316e-01    -2.997599861526217217e-03    -1.456406585909522221e-04    6.404325244037390652e-17    2.893894443657867244e-05    1.760891631588166651e-05    -4.678537279327314700e-08    1.676817591946511143e-02
2.899999594368696307e+02    9.980816970653665354e-01    -1.055116771962031665e-02    -4.157011303657644446e-04    5.394524828336166540e-30    2.511938373463581435e-05    1.693313278027175489e-05    2.119374034938853304e-07    4.723176115091804622e-11
2.900001357772060828e+02    9.996276115786152383e-01    -3.974850134291054229e-03    -2.136368721686171524e-04    8.385045085499014702e-05    2.723509405504267062e-05    1.735619897651459416e-05    -1.175664472636683224e-06    6.642321856447533775e-14
2.900006540146527527e+02    1.000152159521215722e+00    -5.377866812483456625e-03    -3.194431134556494816e-04    6.178335004274144863e-17    2.720971157525208366e-05    1.623133664162545184e-05    8.539793997267100028e-08    5.222085713551846003e-02
2.899995895026098651e+02    1.000194529144560418e+00    5.383728828129163719e-04    1.939449273967471638e-04    2.284185671282604922e-30    2.719976060130101575e-05    1.660870210140633166e-05    7.427416053105912499e-07    1.788369050202455976e-10
2.900004833033058276e+02    9.974163088866901949e-01    -1.106147985084247019e-02    -1.467667973967364198e-04    1.620587473317753560e-17    2.761369922674933102e-05    1.778134992241865869e-05    1.154944369105217014e-06    1.529919849244043006e-01
2.899997776866392201e+02    1.002946567278822254e+00    6.092921502673703717e-04    2.848338308934076409e-04    5.908163689715689851e-26    2.614835513998894085e-05    1.658373024498015027e-05    1.432789112585822348e-07    3.294170902332615709e-10
2.900004876243203285e+02    9.994353009626292250e-01    -1.415228991458240826e-02    -7.959072617798475767e-04    4.116258091945294070e-04    2.570988038074417063e-05    1.690061599987094525e-05    -9.802560236660179736e-07    7.692476153143183726e-02
2.899997313555045935e+02    9.996695290053898564e-01    -9.877072448193226217e-03    -1.352230264372839105e-04    1.324418629391276676e-03    2.390961696792926459e-05    1.520971374103281831e-05    5.582323578993088198e-07    3.775248800174414958e-17
2.899996466619533066e+02    1.002320571175373320e+00    6.572989521222517839e-03    -9.417826510654692270e-05    9.396078855572520547e-30    2.953450350598795657e-05    1.737962808951103885e-05    1.223630999219371293e-06    4.890263624918330331e-12
2.900002857751884449e+02    1.000061012491818113e+00    3.229557171678832262e-03    1.148960638106594938e-04    1.634409037683750712e-28    2.625595142124396552e-05    1.618297096682169378e-05    -1.839424316831207118e-07    2.675178923680384541e-02
2.900006010501992932e+02    9.991316694868488391e-01    7.415161784984062102e-03    3.446159441553488397e-04    9.605209286795918535e-22    2.692509823946647883e-05    1.704246509360019589e-05    -1.270093620499873174e-07    4.462441010209076964e-02
2.899996930122423464e+02    9.999107375624171068e-01    5.496453656463217872e-04    -9.440297895263357860e-05    9.831454610688184109e-16    2.598158369801378581e-05    1.657870143351424110e-05    1.016092968461587860e-06    5.652830041974964240e-05
2.900001108857603072e+02    9.993228487639010948e-01    -5.905725675731198117e-03    3.088855520699931222e-05    1.165246112605435556e-25    2.486896461673067583e-05    1.611603261391364106e-05    -4.367551813263751788e-07    9.110684572912333060e-11
2.900001305118565256e+02    9.993327817121993029e-01    -1.250654348074290052e-02    -6.747899813051821255e-05    1.453401426634665528e-03    2.768000260730532481e-05    1.648618850034069700e-05    4.683886570692524735e-08    1.012767423885686400e-15
2.900000761455999054e+02    9.989747577575301962e-01    -2.131587678235499338e-03    -1.157433523813861483e-04    1.201236054012783236e-03    2.742335911320964670e-05    1.639969220488148428e-05    -3.536036136727997194e-07    6.297411518130676539e-03
2.900006988187742536e+02    1.001764808860127420e+00    -1.531520163868005510e-03    -3.525029195572866873e-04    3.621350055137236904e-21    2.867003612911639337e-05    1.721875646332456051e-05    -2.035427408974297348e-07    1.323612631105166026e-01
2.900004127737346948e+02    9.993333340932575304e-01    2.508797910159325188e-03    -6.431212902032886164e-05    1.161380103473662253e-04    2.445857966197403509e-05    1.643901074085118771e-05    -7.797969358328643429e-07    5.930614951601816213e-12
2.899996892102835773e+02    1.002675779467630424e+00    6.350655509432995977e-03    4.472545049979932490e-04    2.397166718629429997e-04    2.939992510187186778e-05    1.738905251217329594e-05    1.142374537076576991e-06    3.824771075282322463e-02
2.900001644110761845e+02    9.973009668042933651e-01    8.553661656555413065e-03    6.502100437186759474e-04    5.625073489549376046e-04    2.601850442474691361e-05    1.675836886794058114e-05    5.686309456305595465e-08    3.465910961266143664e-13
2.900001788782062704e+02    9.975513729139160457e-01    -4.965779916750447283e-03    -2.340485968957715040e-05    3.498529415098647890e-36    2.772420341334015152e-05    1.710626919401817635e-05    5.985672314328355630e-08    5.563735202925272311e-11
2.900003046125373771e+02    1.000757473613357318e+00    7.629230701022147315e-03    6.668573189428578035e-05    1.047961195338925839e-03    2.797831781149935534e-05    1.738693587902257994e-05    6.532911629626569434e-07    1.170508072431282048e-01
2.900008940030476197e+02    9.984370567129725593e-01    -5.376254585192190294e-03    1.184248851913845507e-04    1.514032980477221653e-24    2.863123370379725151e-05    1.793976464158718157e-05    3.084860363499985652e-07    1.070854321554575300e-01
2.899998819297554178e+02    1.002919488095222578e+00    1.134064105788544323e-02    1.953560276649496678e-04    7.807048834410550802e-24    2.939257990916457542e-05    1.764479734971216798e-05    -1.092736920119971603e-07    5.687157248495912249e-10
2.900010148820240943e+02    1.000866599540671364e+00    -3.911211070851843864e-03    -8.844043772343241120e-05    3.378791697598401049e-04    2.606688030270041509e-05    1.701702531046434642e-05    -1.473083982567856074e-07    1.436952754518067144e-01
2.899999579571365302e+02    1.005042231505122619e+00    -4.171353872138111769e-03    7.706627529928218785e-05    4.592905809140331360e-24    2.700340555353579049e-05    1.733036903349413353e-05    1.416792377843511000e-07    7.911657069974170801e-11
2.899998977132569848e+02    9.979597575404145493e-01    1.313533112162044991e-02    3.177712190585135744e-05    1.075419476796613796e-29    2.627744424883766706e-05    1.604489754926634253e-05    1.086274664592239378e-06    3.644621147091506200e-06
2.900005850252460959e+02    1.001678125071837844e+00    1.124822629788235773e-02    8.617772838454752335e-06    2.233551604854841196e-04    2.716741039280403557e-05    1.715643786102530996e-05    1.480676414566554990e-06    8.409888666447210004e-02
2.900004764002085267e+02    9.995318922386426941e-01    -8.737295258905460396e-03    -1.635370683544625826e-04    6.534202901090676031e-23    2.572228418872359824e-05    1.641752086477653717e-05    -3.919772503837855167e-07    9.991440704108564552e-02
2.900006051108061342e+02    1.000106870789234437e+00    -9.075564110177139487e-03    -1.071903995908316508e-04    7.647926781837458476e-04    2.753821270981203723e-05    1.715666443128387021e-05    -5.342732025034721493e-07    5.488427156153918851e-02
2.899999589614977822e+02    1.002358428992368156e+00    8.406289051999610296e-03    2.090749125995088585e-04    6.172451566342756352e-04    2.917617859327416172e-05    1.741139840033651093e-05    1.904385088531135230e-06    6.096513179870546861e-02
2.899996132496960968e+02    9.992706626600573738e-01    -2.417882061800458952e-03    5.095844880601071861e-04    2.431205926589131068e-22    2.732217198920553492e-05    1.713344700170214613e-05    7.170583299293882832e-07    2.170421573350372443e-09
2.900001525121172676e+02    9.996352389558718077e-01    8.992997969652941027e-04    1.376544827915344733e-04    6.149601080490794567e-04    2.564948206725503916e-05    1.712004918771139100e-05    4.645712511815190236e-07    6.496663464470836535e-03
2.899996552395041363e+02    9.983724897427850298e-01    -1.299093980130220554e-03    5.143530886882015851e-04    1.042528072942797742e-28    2.699530441725948171e-05    1.718785208248266630e-05    1.245109980693597737e-06    2.138369511408322161e-10
2.900001649133680530e+02    1.004063940673851629e+00    1.879253277532149866e-02    3.679708879801055861e-04    2.067872072701241407e-03    2.775255673610224516e-05    1.766059285212181928e-05    1.541891490622786325e-06    8.842964820319493269e-02
2.899998603323828092e+02    9.999039395131700259e-01    -8.715754192026837176e-04    5.598232917886027029e-04    7.566529011105360654e-25    2.575725745640546589e-05    1.658156976459659643e-05    5.831983547146185556e-07    9.239377544750881861e-10
2.900000838731608042e+02    9.955172857759854166e-01    7.538202065359425261e-03    2.297840902357038044e-04    3.559055501511763376e-36    2.596152772075225348e-05    1.694938665799638526e-05    6.415234056039350274e-07    2.401072841552993886e-02
2.899999801009931844e+02    1.004602846784376391e+00    5.956133285156924723e-03    4.826320970922974552e-04    8.000467099674959297e-04    2.530060548801391258e-05    1.675526799556478077e-05    2.840555406770707951e-07    2.313497415011207560e-14
2.900010298020137611e+02    9.988260121522175572e-01    -5.175424131865075366e-04    5.801388894180720368e-05    2.610543835834730124e-18    2.636845060417489621e-05    1.677389412130429890e-05    -1.012682502811834185e-06    1.475060980908253494e-01
2.900005424288684139e+02    1.001793130262036868e+00    -4.193604822691395992e-03    4.731086505782106317e-04    2.749184773782936488e-23    2.723856352191093703e-05    1.659437453149127396e-05    -1.781958434744723054e-06    5.846859955979864213e-09
2.900002181060929161e+02    9.995236211707080320e-01    1.049084184854875978e-02    -4.051127288105000755e-04    3.545206013877861734e-19    2.743885578779670374e-05    1.684138732661589650e-05    -5.264490268166285074e-07    7.245435703386340215e-03
2.899999384094877541e+02    9.991269396409834247e-01    -4.982121754025475684e-03    -1.009681763806334056e-03    8.208373046570421492e-04    2.665278301334614606e-05    1.726593681724506715e-05    2.214838819404250183e-07    3.906074839160782880e-02
2.900004644752881973e+02    9.991389556300597219e-01    1.316841673179100156e-03    -1.481812757356485843e-04    8.488502371035578877e-18    2.677422721144885202e-05    1.663015805034253304e-05    1.650061539371995659e-07    1.148913081810102460e-01
2.900007800616821783e+02    1.001606324411745463e+00    -8.852458600888299736e-03    -2.758667646761663993e-04    9.956539856584162469e-25    2.663730383300648631e-05    1.812442638672581095e-05    7.807578474137591668e-07    1.224533317903355872e-01
2.900003113886976394e+02    9.987315890099637272e-01    -5.510890137568359975e-04    -4.345962786729210946e-04    3.737705566056447070e-04    2.747139196292365762e-05    1.680067059106471805e-05    9.359615393133496171e-07    8.466247710712622443e-02
2.900004594657860935e+02    9.986894697294993462e-01    3.232329123680104284e-03    1.454412220342805612e-04    6.724101972661480995e-04    2.866667553854752835e-05    1.703164567634120669e-05    -1.201072216875255277e-06    1.024557849472711819e-11
2.899998799092929858e+02    9.991438156321363895e-01    6.222358106436907781e-03    1.010748248581605095e-04    9.916232261602262506e-04    2.762825238028250569e-05    1.783541665081622254e-05    5.607891118665974086e-08    1.392594742687988404e-11
2.899996760623853334e+02    1.000125267362461212e+00    -1.046490444000667793e-03    3.821398469557060707e-04    4.960418365098955484e-04    2.844581588823732134e-05    1.744231354067601387e-05    8.117872909851292367e-07    4.022192840641146844e-09
2.899998489730373308e+02    9.958208263633109292e-01    1.238307201625720800e-03    3.556675104135594489e-04    1.009554303226204309e-04    2.593214015636155162e-05    1.623339230789760888e-05    9.413065469473650789e-07    4.575663225551198099e-13
2.900002049096758014e+02    9.986991243164765608e-01    -5.689461317649494206e-03    1.759444490973212968e-04    2.642882308054759053e-21    2.685595154680562005e-05    1.670617592942281646e-05    -7.857290538975184283e-07    1.038238914353089909e-08
2.899997878270042975e+02    9.991235099761179850e-01    -6.885940933151718339e-03    4.661428721221441522e-04    1.423775420861833468e-25    2.621725456711084331e-05    1.665390715927581356e-05    6.964366782718030007e-07    5.553719769687971071e-13
2.900000412543512311e+02    9.981104040220417639e-01    -6.624665470095090960e-04    -4.055681895346669634e-04    2.055929867679652696e-03    2.682553837316942124e-05    1.588424531179195636e-05    -6.142310620271297269e-07    5.737541705194021898e-11
2.900005475744628143e+02    9.973959872147551975e-01    6.003321188170492040e-03    1.596471312192174424e-04    1.909722332175281750e-19    2.616352878056284417e-05    1.709754000283636398e-05    -3.195316786672334773e-07    1.189876695118557010e-01
2.899999757070695523e+02    1.000508819200530697e+00    -2.118786678203405868e-03    -6.301764634874632313e-04    9.681777090386355002e-04    2.620684111892000381e-05    1.719101437635028781e-05    7.291641228516609462e-07    2.831957031662499870e-10
2.900000059396053871e+02    9.969002501037302899e-01    -2.946377644651361830e-03    -8.624509895408435912e-05    7.810695516275833133e-18    2.791087247693407530e-05    1.730671675797389598e-05    2.248568242179181878e-07    1.143802667392078420e-06
2.900003995796096206e+02    1.000374194168196729e+00    -3.836411827067367792e-04    -5.181793553849704890e-04    1.101786071155669950e-04    2.537095888400295381e-05    1.583460697683787555e-05    3.818547238417851296e-07    6.603856473517558112e-02
2.900000806200498573e+02    9.991228945315699939e-01    -5.344646920390227346e-03    -8.519062715471036897e-05    1.705804732413098487e-03    2.391369807802506568e-05    1.596835969147153379e-05    -1.041410169340735769e-06    2.496116906094511764e-09
2.900010120587274969e+02    1.001359063194614540e+00    1.143530616696858317e-03    8.713846931404777983e-06    5.790237006606646502e-34    2.904876278094806164e-05    1.696862989989270727e-05    3.447783444361212462e-07    1.699951036567327600e-01
2.900000203401481826e+02    9.994261669110514612e-01    7.404029521202270918e-03    2.539416641404113268e-04    1.947830081570899668e-15    2.813735757051268722e-05    1.679881904219825763e-05    1.483352330538829514e-07    7.044568758222792548e-02
2.900001657087533431e+02    1.001872307000345907e+00    -9.714482308153502693e-03    -2.946348442944581839e-04    2.644652471161076319e-28    2.830645336610117425e-05    1.739888193348331698e-05    -5.179044193593249696e-08    2.209225042092672134e-02
2.900001343371537246e+02    9.998077842087059741e-01    9.812654168748727312e-03    -3.420238234463727220e-04    3.458993062963067346e-05    2.635614844063556642e-05    1.675685000009436828e-05    6.176694633245945751e-07    3.181375782824993892e-02
2.900000081124902067e+02    1.000264020640556417e+00    7.475691954008923529e-03    -1.454813951674438301e-05    9.512465811304572248e-04    2.856933353573330394e-05    1.716470855944753196e-05    -1.935183489401080091e-08    7.612352130441864847e-10
2.899999888488897568e+02    1.001534806301819236e+00    -5.233860774790335957e-03    -4.213688638881049267e-05    1.167171217435703184e-23    2.567345581468381471e-05    1.712115618548612519e-05    2.182119299076243400e-07    9.498295838543911740e-09
2.899999300069589481e+02    1.001690274568286076e+00    -1.207789876751437801e-04    -2.994605951256176595e-04    2.408944436688135749e-32    2.579042798817637842e-05    1.623227364926238880e-05    1.568848579791933086e-06    3.582243516454782645e-02
2.899999479090818113e+02    9.987714997144730988e-01    -3.134591312140627521e-03    5.519115546371284697e-05    2.415471429199065383e-25    2.690382086084078998e-05    1.652186507962072714e-05    6.584103414417929536e-07    4.166419828947855869e-02
2.900003500415044755e+02    1.002350534861520703e+00    3.703926768620180270e-03    -5.319266500009213082e-04    1.455069284853775610e-27    2.588837734937063289e-05    1.654632902162113308e-05    4.869553208388011548e-08    6.786532923529073336e-02
2.900002508843521127e+02    9.989194956974563055e-01    -3.796516112184894400e-03    -3.706250841743512691e-04    1.930564955807790185e-03    2.769334058749916286e-05    1.714562590202263351e-05    -5.696117636066846148e-07    2.205536872792256131e-02
2.899997249448716730e+02    9.989308662658523685e-01    1.355185621367032377e-02    1.811347171441813101e-04    7.889984017383427440e-04    2.653517124810044663e-05    1.641047734307861855e-05    1.277936545465742953e-06    3.767980310502819711e-14
2.899999113309137897e+02    1.002183443967791243e+00    6.331467067777689188e-03    -5.348336441723376168e-04    1.625483348687087066e-03    2.449295519056363376e-05    1.517277547181613687e-05    1.089737995777623966e-07    3.934101356582563425e-11
2.900003894519419987e+02    1.000948299587687274e+00    -2.500360942004413683e-04    -1.910052609805337927e-04    1.306788830556308156e-19    3.071178923758162476e-05    1.798529495631557515e-05    8.026159760310766967e-08    5.983874642414486328e-02
2.899997522345183256e+02    9.991869227113762131e-01    3.808552470521545108e-03    9.595450099695312116e-05    3.545682323150899831e-24    2.590944145709835026e-05    1.628256330958881195e-05    6.266607687502427648e-07    4.314704767023148978e-09
2.899998725865152096e+02    1.002197877375979651e+00    1.850121691800149645e-03    -1.834154811861445913e-04    1.534064318088853197e-22    2.647115494575123803e-05    1.592611646181707781e-05    9.271607056502433593e-08    6.875298195004410891e-09
2.900000291442775620e+02    9.978161895859158914e-01    1.508678518626485349e-03    3.538703559200610002e-04    4.047236376884635108e-04    2.580660814263044118e-05    1.746375944797737051e-05    -1.303372011270033779e-07    5.986429142587798916e-03
2.899994936321303385e+02    9.977163183304458283e-01    7.243759437027562365e-03    5.157170227704952967e-04    1.517476299144686530e-25    2.815841874088338193e-05    1.785521612197938363e-05    2.541931254890178100e-06    6.406501555237113549e-09
2.900001385261648466e+02    1.000231298247251432e+00    -1.855164859565637927e-03    -1.636319761918983320e-04    1.185169594459521859e-04    2.593059628607883658e-05    1.688028852861656108e-05    6.416018227830514067e-08    5.480574504613256598e-02
2.900001974378694740e+02    9.986221709234555099e-01    1.203873960562134096e-02    -7.511290433591087949e-05    9.074240838442548807e-04    2.677556636153657099e-05    1.675438344597068708e-05    5.441809958733593691e-07    1.961010012394978630e-02
2.899999534556071126e+02    9.976174609338619437e-01    -4.563640748403855266e-03    9.541824751485942504e-05    1.408099388034510091e-20    2.585148597685888008e-05    1.680990895776343161e-05    -3.506069484670839118e-07    6.519712708485881348e-09
2.900006567191166482e+02    9.988621584421846222e-01    -3.553331078805682750e-03    -3.507145749430998330e-05    9.373758959726961454e-13    2.654774639857186065e-05    1.646364580272129528e-05    3.787217172478838484e-07    1.235709737490593707e-01
2.899999324812332020e+02    9.965808299899835410e-01    -3.843968162059456690e-03    -2.125266726339869859e-05    5.679561566952575337e-21    2.358257409287834754e-05    1.583404742410483263e-05    -1.775580814888812486e-07    3.737831085083373478e-09
2.900002176402426244e+02    9.992009420119875029e-01    -1.012171398323803359e-02    4.633005975964700702e-04    8.967729275944994634e-22    2.606940896183997252e-05    1.641282091053468663e-05    6.194830144606832870e-07    4.370083568885246156e-02
2.900000572230125613e+02    9.975412359888056191e-01    1.356824587350191451e-02    -3.339593506909027416e-04    3.444630147621894708e-29    2.405820522454074647e-05    1.603294461890042240e-05    -5.830816853290936100e-07    2.200821633314219767e-12
