# f_r [MHz] A m phi D delta_r delta_ere delta_eim a
2.900009949686092909e+02    9.994554961910332436e-01    -1.146137256863963803e-02    2.939267539499293078e-04    2.487445537891847150e-19    2.240029790506282357e-05    1.149176561738504586e-05    5.994695663573609186e-08    2.255106652950333301e-01
2.900002351065435846e+02    9.950080561359408993e-01    1.060897834693744907e-02    1.907488436556481059e-04    6.084448959340658059e-24    2.024080855790930580e-05    1.121378863426410504e-05    6.488042945666461408e-07    9.759911021897665906e-02
2.900000936487052172e+02    9.994093407087791814e-01    1.180902918725748639e-03    1.975764117164295719e-05    5.186331864313521236e-14    2.026702066254326478e-05    1.058781364364623291e-05    1.879916024362411244e-07    6.214930969022554319e-02
2.900001480973173216e+02    1.002154352476785082e+00    4.669546563817940366e-03    6.760324952237143157e-06    3.177041399853615614e-27    2.188503504919828626e-05    1.176423603994115094e-05    4.319132080804595516e-07    6.335509248752720091e-02
2.900006354914802387e+02    9.979946080856251234e-01    -9.749529687087867338e-03    -5.073661880108237273e-06    1.065597282278281637e-03    2.046000112740042990e-05    1.084804475000502890e-05    -1.090011761233875683e-07    1.053753821312955752e-01
2.900008474437578343e+02    9.984672534006275857e-01    -1.311458899752329654e-02    -4.736221033531525740e-04    1.803104689283733081e-24    1.981801213896117447e-05    1.051185569666665761e-05    -3.704009500512464858e-07    1.345716457250498987e-01
2.900005211001777070e+02    9.998345413683535909e-01    -1.202722546650590758e-02    -6.996812591393133181e-05    3.970209973758504216e-21    2.188063696235944460e-05    1.190437733812441862e-05    -3.892963786733823674e-07    6.941981202748585822e-02
2.900004778804230909e+02    9.993784838514633284e-01    2.972712966272736488e-03    1.745062888910226212e-04    1.813164721861274670e-03    2.120141631214735226e-05    1.177383058229183166e-05    -7.253464666037998779e-07    3.828040150601543933e-10
2.899999135928940177e+02    9.997041580200787259e-01    -2.477991188031597371e-03    -2.316466660460604653e-04    7.136740349666765518e-04    1.972171076822047049e-05    1.047069090455743874e-05    6.367219639967434005e-07    3.289729415824457484e-15
2.899999974436429397e+02    1.002251323913638137e+00    -9.217669452221586516e-04    2.747787323770312443e-04    6.605545473321632261e-05    2.036525538233479210e-05    1.142844770179245423e-05    -1.920289919571800519e-07    6.068534046697993990e-03
2.899999434699712424e+02    1.001354193211059451e+00    8.897188035342006116e-04    -3.210989541296561641e-04    3.799547168334814238e-25    2.169220848375409309e-05    1.142898834776869801e-05    -2.120696206587587158e-07    7.026480434008929153e-11
2.900001171593477807e+02    1.000552835844445543e+00    -1.146021297454221516e-02    3.982984427391388083e-04    1.646532824203168256e-04    2.063068841375076585e-05    1.130918037407281797e-05    -9.344431142212218332e-07    3.413299827766013114e-13
2.900006318306598700e+02    9.994817003376859077e-01    -5.680088101821321577e-04    -7.256597336975267236e-05    3.933744493717814222e-04    2.212577369584577930e-05    1.138686999487272894e-05    -2.799494012397613179e-07    9.508747395415022285e-02
2.899999458304332052e+02    9.976343580702095037e-01    7.893202355979171908e-04    -3.919001745080442168e-05    7.252732254790657890e-27    2.087377009684278581e-05    1.090509405510939529e-05    9.198812484067107078e-08    9.995907177846770353e-03
2.900009797065390558e+02    1.000912262469123570e+00    -4.066480067058972012e-03    -5.779460206611050687e-04    3.978402615980329724e-25    2.342756933609186634e-05    1.229464490680147363e-05    -1.962597240242118708e-07    1.966836882410787635e-01
2.899998632991865861e+02    1.002696615142858683e+00    2.257289314411998224e-04    5.348804004008613942e-04    9.346724374990100000e-04    2.355987291118704101e-05    1.182988951545780881e-05    -7.834449136490684705e-08    2.028953068743336030e-02
2.899997218657252347e+02    1.000620436744206421e+00    1.038638614687156358e-03    5.068648066784518921e-04    1.381231349751915437e-31    2.094550706178069643e-05    1.122772908376628511e-05    1.260366305354263794e-06    2.057423509747844575e-10
2.900002686403240091e+02    1.000437308020291072e+00    -4.205327153190684120e-03    5.998343895640630185e-04    2.015111976321108573e-21    2.051221177290866372e-05    1.106149396978981199e-05    -6.373003652819159340e-07    5.534644875437917666e-02
2.900003554792354521e+02    9.990933677456418360e-01    -4.873710913876833973e-04    -7.550226757104277075e-06    4.067388317044106755e-22    2.142453649467641601e-05    1.176369658439404229e-05    -1.087636120835262072e-06    1.387360347698693541e-10
2.900000572815800410e+02    1.000690909054673394e+00    -5.656807304213590758e-03    -2.455297033208502628e-04    1.355709430935099347e-17    1.985370566964479990e-05    1.089598769881904232e-05    -5.358160209641781381e-07    5.618753172116244810e-02
2.900001314586169201e+02    9.999255938859101800e-01    -6.861747316534310553e-03    2.793860426776162810e-04    2.347699180805230218e-24    2.233390152665201418e-05    1.187674790050960959e-05    -6.434471359314100726e-07    1.964139144118223832e-11
2.900001625457770160e+02    9.969842779611494121e-01    8.060494627373518883e-04    2.416955233015729144e-04    1.323492605706821008e-20    2.247629041135478431e-05    1.189543213215207688e-05    2.312036507111989433e-07    6.961846593669733518e-02
2.900000334010480287e+02    9.984696847595618818e-01    7.832437252014963838e-03    -4.759107080771441344e-04    2.014960957872418407e-32    2.287871618816110384e-05    1.148276977512595691e-05    1.120155976211820342e-06    6.473111041924363429e-02
2.899999828870882084e+02    1.000623871327182668e+00    6.259651883493550211e-04    5.451560896400377797e-04    1.169244321251914028e-20    2.154223031985465090e-05    1.192237477315801680e-05    1.071176424721278875e-06    4.651961989106615653e-02
2.900002926029612809e+02    1.002830112505791460e+00    -1.499431268958365633e-03    4.131111160518162917e-04    2.741523800864394816e-04    2.141804949292189046e-05    1.069926458368487034e-05    -5.866154161189173270e-07    6.329149698497310572e-02
2.900001307355357199e+02    1.000803560982291840e+00    2.479792839624548901e-03    1.393813467249938352e-05    1.112120963031981849e-21    2.060124570526261525e-05    1.151692467371850400e-05    -2.984413866518621725e-07    6.380819702522246006e-02
2.900004924422517547e+02    9.991711776492144814e-01    -6.406538297274900692e-03    -3.585023941755588017e-04    3.391326812764657620e-29    2.161781834749378685e-05    1.090115133633536786e-05    -9.544567973473292610e-07    2.570934077929511868e-02
2.900002997719333848e+02    1.000906114748731923e+00    -2.891043188560655629e-04    -6.482174128111007098e-05    1.130176014339634612e-03    2.186926732728961808e-05    1.191052797281220462e-05    -3.455451763081758828e-07    1.919909711909378869e-02
2.900005675201864506e+02    9.983638656591404814e-01    -7.527661977594355021e-03    4.138559820977162759e-04    9.789074074682274787e-25    1.705803873447196093e-05    9.604639589324626066e-06    2.579031846927151470e-07    1.417275891054503023e-01
2.899999854457580568e+02    1.002121653593548212e+00    -3.221368634251270489e-03    3.301321850690593779e-04    9.362661871516310495e-04    2.136048932128339138e-05    1.141415606867050557e-05    -1.173741581592796688e-07    1.724534812742879383e-02
2.899999232168072467e+02    1.000718179307919398e+00    -3.631352131355812963e-03    -5.766902671009918602e-04    6.835155619142719392e-04    1.988781082419137255e-05    1.123656193715844388e-05    3.583636237049895993e-07    2.437548932603630578e-02
2.900000579460395329e+02    1.001290702963439916e+00    1.995389482043280482e-03    -1.458780996488283886e-04    3.046156046452992120e-04    1.938001462466536095e-05    1.129639868432274142e-05    -6.858087656371257337e-08    3.186422221730655204e-12
2.900000649829911481e+02    9.988069181578791422e-01    1.500408153101950165e-02    6.866562477033700835e-04    6.565270579714151686e-04    2.485974008664977773e-05    1.185371579760434544e-05    2.199960691403577456e-07    2.217975697294328717e-13
2.900003669062133440e+02    1.002279332609828932e+00    -2.106506917881962888e-03    -9.315296426324702736e-05    7.667734418855992910e-04    2.129682599500720859e-05    1.205575739943036303e-05    -1.689576361329215449e-07    5.264693350412424228e-02
2.900000285396415620e+02    1.000956176349974136e+00    -5.815150138954229032e-03    1.197044807376418244e-04    1.031881645376946663e-03    1.878859206385553006e-05    1.048192101953734127e-05    -3.857166151843706360e-07    5.853130128568973835e-03
2.900002355366228244e+02    9.974870215523140571e-01    -4.057571864125314866e-04    3.555407391043056997e-04    6.789486145220417247e-04    2.311735621405675177e-05    1.117046796250686755e-05    -3.506509104525379917e-07    1.099813797075623011e-14
2.900007669830746408e+02    9.994828533647087676e-01    -1.328922313609509414e-03    1.254497999733876338e-04    4.361069645052174223e-20    2.097471778274842606e-05    1.068313445523518843e-05    -1.335894869108859258e-07    1.647982569971633837e-01
2.900001201185141895e+02    1.001563651825900569e+00    -3.237270980429089035e-03    1.073550271819189789e-04    1.104026772295977608e-21    2.139334503807391116e-05    1.140416776642024542e-05    -4.659399524221457492e-07    1.039621008018533020e-09
2.899996482119418602e+02    1.002093513850013329e+00    -2.792204682042684436e-03    1.347283883062148479e-04    1.523688341325573530e-03    2.568620166285159350e-05    1.200192994554329277e-05    1.075242466687034972e-06    1.187644167380396767e-09
2.900001528833945486e+02    9.994090243032388576e-01    6.067860811186782249e-03    1.120086537852735442e-05    1.057848456263159486e-19    2.125666637334909702e-05    1.051572793053333541e-05    -2.883881456119381036e-07    1.449314877741441299e-09
2.899998582038083441e+02    9.968440591819286434e-01    1.419237772228317158e-02    1.067121681447293590e-04    9.911092932524821240e-12    1.934375609551786479e-05    1.071195571288073846e-05    7.220053587479569730e-07    1.466976800775174339e-02
2.899999307752052005e+02    9.999432968634706098e-01    -6.846997128021256856e-04    -2.106669182807903342e-04    1.129933044322802954e-04    1.915686816822145005e-05    1.014467761815837860e-05    5.996327922700126034e-07    2.433698397692181874e-07
2.899999152911518649e+02    1.002226482965565380e+00    -8.880614582782792726e-03    5.505827153223189375e-05    3.142875105173561623e-22    2.104374347120590316e-05    1.088808720361535106e-05    3.378691024995275879e-07    4.649039941077447050e-11
2.899998969938953337e+02    9.983466410895851517e-01    9.513966590232025150e-03    -2.131750963766565921e-04    7.494566760713557065e-04    2.010831269377397849e-05    1.068914416423463615e-05    1.585979055045179445e-07    2.624949903615342677e-10
2.900000883669188170e+02    1.000966858093931711e+00    -7.823001271033139942e-03    2.249320383936441741e-04    4.669105101599774118e-30    1.975783923271310600e-05    1.075094613875376628e-05    -1.009375490456756351e-07    1.610262998066621143e-11
2.900005992106804911e+02    1.001935663495785889e+00    4.779776295781638235e-03    3.246568043431638409e-04    4.086468885802959630e-04    2.107676203052991743e-05    1.212538335045846838e-05    -8.947247151808406457e-07    7.875144770117815940e-02
2.900003272448378198e+02    9.967638029283577561e-01    4.903393883577189527e-03    -4.151257228905645951e-04    1.433006793877870466e-03    2.341887094489667585e-05    1.153777067557222615e-05    1.278646029593899612e-07    3.468194603452724040e-02
2.900001639525612518e+02    1.002680378400536032e+00    -6.424267015088389737e-03    -1.213264672326922437e-04    1.335768868298981280e-17    2.060000088874895666e-05    1.072556232576664431e-05    7.281843141978660809e-07    6.223685988587498302e-02
2.900008742273547568e+02    9.975364295980265750e-01    1.662776382742303487e-03    -2.765767205430930760e-04    2.042643186184394003e-20    2.286468201254362849e-05    1.083662807884798515e-05    -5.690536170258700919e-09    8.958541631067243327e-02
2.899999662411783561e+02    1.002661768114541330e+00    -6.331049582479318519e-04    2.461850861793380275e-04    1.169909501191726060e-17    1.906299163656748158e-05    1.100367143377513702e-05    1.632661423186209589e-07    3.588983602872816009e-02
2.900008198977822644e+02    1.001541600166356627e+00    3.638677338611113424e-03    -4.690066609779150355e-04    1.436925438303623544e-17    2.015023846405014052e-05    1.076516060034902340e-05    -2.673467684729069090e-07    1.962545300539760285e-01
2.899999680380627751e+02    1.002074002802783026e+00    -6.638767872417916834e-03    6.070314236246180870e-04    3.910217948649635434e-22    2.464376841618080770e-05    1.200400182378155404e-05    -1.569754128857296674e-08    1.129344579778713348e-10
2.900002106615993398e+02    1.000409943489481979e+00    -2.359895829975522212e-03    6.491209589836212379e-04    9.783036985793188162e-21    2.370740820235029059e-05    1.229134937771739479e-05    -2.180843544436279702e-07    3.409825875474011697e-02
2.900001613127028577e+02    1.003359303536633940e+00    3.760699715720561536e-03    2.145724384326332752e-04    5.027744699090953098e-17    2.288216826071236881e-05    1.189526025195209317e-05    5.170639857619390666e-07    1.567454387780526162e-02
2.899998458224270621e+02    1.002958205221305743e+00    -1.781024337525950957e-03    2.045430381164923942e-04    3.710402225568165072e-04    2.614780060872185446e-05    1.189809718192928101e-05    1.679272011099188634e-07    6.019467994714222705e-10
2.899998141018568845e+02    9.968648101145443086e-01    -5.464928811173018269e-04    5.325473125860671333e-04    2.057549293922130654e-03    2.032453294952796491e-05    9.805379180487298514e-06    5.980307853370334611e-07    4.832946615035159377e-02
2.900006730314578931e+02    1.001887681693838461e+00    2.405336906649883314e-03    1.749777020924838029e-04    1.491444663263556897e-03    2.146167749343918092e-05    1.167198405085742071e-05    9.029229640650790698e-08    1.341390070413399360e-01
2.900003796979064532e+02    9.975438149164534973e-01    4.750619327952765834e-03    1.814414118503637492e-04    6.660708509290642924e-21    2.157195544588390296e-05    1.119791194983246569e-05    5.038410348144802362e-07    7.331746362629464053e-02
2.899998031836547057e+02    9.974125068827764951e-01    2.499756312064895306e-03    5.811498470247090410e-04    1.065921722417419534e-21    2.236277872563958888e-05    1.119982551851479564e-05    7.007064250206952725e-07    2.411068984174029507e-11
2.900001917645272442e+02    9.992833483612990619e-01    5.936711120435963183e-03    -3.240200474141861887e-04    5.289353205445803709e-04    1.939824214182030686e-05    1.074907335221378522e-05    -2.201374012892736694e-07    4.797462614700112143e-14
2.900008260622929015e+02    1.001041534370129327e+00    2.450076542282664596e-02    -1.406753280427231574e-04    1.891422012297513219e-21    2.214694899622861668e-05    1.147598749078963889e-05    -6.932583393402857045e-07    9.852344899883402896e-02
2.900003154506447345e+02    1.000329472934003316e+00    3.735912909571787333e-03    -1.894342601373571197e-04    4.185610683010870824e-04    2.048256333915662517e-05    1.102329522447598383e-05    1.663910238247071191e-07    4.667193384576007881e-02
2.900009391463181032e+02    9.966275042508360160e-01    4.566014729614458444e-03    1.640689060884401062e-04    2.290680576810518090e-22    2.144747879909793725e-05    1.142941736883673864e-05    1.228092584085187570e-07    2.678620681757677424e-01
2.900001559101178827e+02    1.000357337946767622e+00    6.104242325792019405e-03    5.237711762326432893e-05    1.448486789364878064e-03    2.082178613795699420e-05    1.071221700413151538e-05    -6.112036201333863773e-07    1.055218746777904470e-11
2.900003020346721883e+02    1.000410132636665672e+00    6.558262935639998237e-03    -3.011377905970824163e-04    1.079228441606698259e-03    1.855543175910223343e-05    1.017883918001732362e-05    4.401589281028870484e-07    1.690729011492070055e-01
2.899999584571385753e+02    1.000391525493395939e+00    -1.786945710657453310e-03    2.979447572099768618e-05    7.472651094945390818e-04    2.236065074900192871e-05    1.220252069378753656e-05    2.035925242518293100e-07    2.689094752847977568e-02
2.900003122433387830e+02    9.985403278176782083e-01    6.903423088734699821e-03    -2.668006542456857104e-04    5.639687487581860736e-04    1.933728094719209685e-05    1.032329793839995355e-05    -5.729280291212618516e-07    5.592886015498316596e-13
2.900002848184580557e+02    9.972752809325975409e-01    -1.014239699043242024e-03    -1.039504665326901442e-04    2.536851380041741690e-03    1.910996033185268116e-05    1.045005008843496276e-05    -5.461218417428176965e-07    3.491935181225999411e-10
2.899995538361993113e+02    1.000054336275311817e+00    -1.889942802806606490e-03    3.971547512688737027e-04    1.072759257315118848e-17    2.326618590724983737e-05    1.197532340561172341e-05    8.189926462499796654e-07    2.830785470313424303e-09
2.900001824196266398e+02    1.002094086617818736e+00    1.068410516826742533e-03    1.789708877991152860e-04    2.126402173593597498e-32    2.309987168003038591e-05    1.172740968815810308e-05    -1.132811773124601481e-08    1.998151199573278348e-10
2.900008408084203211e+02    9.990106542444967541e-01    1.391682565934143829e-04    -5.103897959319388285e-04    3.154153100241147995e-22    2.030382501319985520e-05    1.116778903207364450e-05    -1.226167146422196000e-06    1.032846210348018906e-01
2.900001271578984756e+02    1.000973708314870869e+00    -1.955805689121310493e-03    -2.972727252898591527e-05    2.593419354030069148e-23    2.069939377535912116e-05    1.154640774648822136e-05    -2.858554803997620254e-07    4.588521595287133048e-02
2.900003272829779348e+02    9.985251231323583054e-01    -1.173697264488208700e-03    4.521908805190255772e-04    1.617274054706029513e-22    1.955847272196701734e-05    1.031724259789820932e-05    3.911446905734751998e-07    1.298212300217075066e-01
2.899999496661699823e+02    1.000043074394342701e+00    -1.394352758076708573e-03    5.534741038520212550e-04    3.089294040590866955e-04    2.081084272180322455e-05    1.067851520580523728e-05    2.869742121133537746e-07    1.127368538488536000e-12
2.900007557672140592e+02    9.994818498076180058e-01    1.288621336658026494e-02    2.146010096939435382e-04    1.229509839028735030e-25    2.381801965751793111e-05    1.234232085992399091e-05    -5.031286530104664323e-07    1.264407243921586432e-01
2.900002722198281049e+02    9.994345808140450149e-01    6.339994092784619235e-03    2.874595801189391061e-04    6.493367942994047784e-25    1.938935251743296580e-05    1.071820393584187337e-05    9.244658496012872712e-08    4.199306760025726254e-02
2.900001297295719382e+02    9.997252186439172794e-01    8.170480849790585920e-03    -2.996462169112837858e-04    1.526171803270095532e-22    2.462115437174232149e-05    1.210168144850325546e-05    -6.010616352542589738e-07    2.145016530828694511e-09
2.900004267097629622e+02    9.982916095924121436e-01    -4.688095771488409377e-03    -6.264570374495502858e-06    1.570470559673391233e-28    2.279842750523006288e-05    1.144907371571639404e-05    -1.170233955593092540e-06    3.251701880982609677e-02
2.900004078908503402e+02    1.001101550115719441e+00    5.470344326272522269e-03    -1.846809015544363306e-04    4.020370549162409765e-19    2.182899932550916221e-05    1.121308990850060629e-05    4.815905683419604974e-07    1.072604421829258803e-01
2.900002123836405303e+02    9.990422826563357672e-01    9.078031288028450127e-04    -2.040209472178333998e-04    3.623273487048313992e-17    2.143345739115809699e-05    1.192441537909696294e-05    -8.358609382883022050e-08    1.992429887028088746e-08
2.899999822566039711e+02    9.998136915813180536e-01    -4.352130334348898455e-03    -3.830091026482207797e-04    3.291899621698255592e-18    2.242054289970541811e-05    1.091450034789739578e-05    -1.617543470053336823e-07    1.245556525124982396e-08
2.900001052525680052e+02    9.958428550358945364e-01    1.124171190693783358e-02    -3.207687351501757361e-04    2.139139889661119051e-03    1.979815832267264563e-05    1.063538541121141135e-05    3.247127013562901731e-07    4.421273688620912246e-02
2.900000040687311866e+02    9.988746939557708870e-01    2.175372422439721294e-03    8.426704546905735031e-05    2.263863358831345026e-18    2.254103500230762158e-05    1.162176353293350623e-05    5.216991089308980630e-07    6.315457483048811930e-09
2.899999057148555153e+02    1.000660992292817131e+00    -2.118320023235762957e-04    9.630698197376771701e-05    5.587082126444114019e-04    2.216926155770848955e-05    1.218098491161044302e-05    1.918288472674021250e-07    2.490718788837673059e-02
2.900004114426020010e+02    1.003801831511940135e+00    -6.119385588051745074e-03    -5.125284343880442484e-04    5.789295688021091650e-29    2.334317116168825351e-05    1.197086843734198255e-05    -6.831808338358003486e-07    2.458817284905997331e-11
2.900002103021625999e+02    1.002842979482945207e+00    2.121017107326765745e-03    4.715408405122904659e-04    2.479490791996604255e-23    1.866765417640057269e-05    9.925871696048938115e-06    -1.108498442879375808e-07    1.277761644982660772e-10
2.900004058919666932e+02    1.000240214918495685e+00    -2.606822393067193336e-04    -6.289609948331000358e-04    4.257639940978004175e-25    2.142676303755872331e-05    1.084164319646529985e-05    -1.024725647553174219e-06    5.347294943285121882e-09
2.899999415413514043e+02    1.000743819063122819e+00    5.519814910098501393e-03    2.086711519937429311e-04    1.511900279817436039e-21    2.062981731693245448e-05    1.089409429678407645e-05    2.145256930060300767e-07    5.236003878124833406e-06
2.899999099663177731e+02    1.001774610810481914e+00    1.305474381465089812e-03    6.600139922963611257e-06    2.581856696466230602e-04    1.984349045953369688e-05    1.071108611198664933e-05    1.243613781342754166e-06    7.368303059639259855e-02
2.900004517775790305e+02    9.970297071589758753e-01    3.745551792528158293e-03    5.381632873177382494e-05    1.562110940438385431e-13    2.170025623448742325e-05    1.092245724600274709e-05    -3.107831640420080402e-07    6.293748502450925708e-02
2.900009787064299758e+02    1.000866296866399496e+00    7.051012743002395451e-03    -3.997923944637551681e-04    3.510673235103540493e-05    2.201935917114346690e-05    1.156890910024486354e-05    -1.167880959548996819e-07    2.231724525296043260e-01
2.900005337984875950e+02    1.004266874133344700e+00    -6.613928839036304665e-03    -3.397702134975505656e-04    1.476389157526552633e-22    2.391195414466220742e-05    1.161469289789647501e-05    1.994436147699806614e-07    7.803917467239979144e-02
2.899996907763696186e+02    9.988483679543833649e-01    4.253478529444161028e-03    9.122833133443555690e-05    9.069877012270979215e-04    2.146492307630037011e-05    1.064761581424940155e-05    8.518623817311433427e-07    9.904203700446063063e-11
2.900008153562995403e+02    9.956903222176841650e-01    6.247247678049659865e-03    -1.374088802596955890e-04    2.170881824512053623e-03    2.241212903178487858e-05    1.132456583107374629e-05    -8.427645077953669034e-07    1.111926131889857255e-01
2.899999720963568279e+02    1.000645742479079559e+00    -1.777460622933650864e-03    2.155955111751277104e-04    3.687768305705836852e-04    2.154214847995882876e-05    1.146996896675019819e-05    4.807965275969869339e-07    9.652542301345906628e-02
2.900003125622192783e+02    1.002790675712961654e+00    6.399366194793508662e-03    -3.590755430457458360e-04    7.169811146546233722e-24    2.050303058836348686e-05    1.100043540925568428e-05    -2.548949148484221469e-07    7.460347041424307546e-02
2.900005129985666485e+02    9.993950066317824898e-01    3.758510737615308305e-03    5.124876357148063725e-04    4.107817845207090338e-19    1.927765591444110686e-05    1.098052581956363595e-05    -2.041557787084724991e-07    1.268852670949222328e-01
2.900003638800789076e+02    9.975136037003417000e-01    1.447783749331425047e-03    2.060322123132221064e-04    8.246023463966157510e-27    2.222784684318195264e-05    1.167006029397667488e-05    -9.780686680589107525e-08    9.539020526392802402e-02
2.899999100869308677e+02    9.985857278361214284e-01    -4.687352157095209769e-03    -1.698395511262723297e-04    4.491875105099898179e-21    2.036195301974576843e-05    1.112943330367303196e-05    6.135848075011658760e-07    1.090281408531232666e-08
2.899999105693052002e+02    9.960377378840411522e-01    -4.615499792557064261e-04    -2.428764297803870029e-04    4.467677071588346551e-22    1.947048933481257716e-05    1.033192585998980037e-05    1.166834553229091362e-06    9.053647436385974108e-11
2.900002626317143495e+02    9.997928155869024724e-01    -8.232375904111851467e-03    -2.890321149483247236e-04    4.210892725891399332e-04    1.729477287900277528e-05    9.725802481560356463e-06    -2.227001519727427423e-07    5.223281766782372076e-02
