# f_r [MHz] A m phi D delta_r delta_ere delta_eim a
2.900006222044026458e+02    1.004303744394554165e+00    -4.413817045993705807e-03    -9.148862137980182249e-05    2.148994866774363881e-22    2.266878785067186176e-05    1.264232119158663169e-05    1.494295808234951396e-07    1.652591211962204654e-01
2.900004456812289959e+02    9.991132277251154603e-01    -1.163212622859343195e-02    2.146294211767086973e-06    2.673186149539429645e-31    2.364904725927873534e-05    1.265451794850785557e-05    6.370791322422669498e-09    7.877882206993153114e-02
2.900005506001795652e+02    1.000892755219622510e+00    2.999261589815760496e-03    2.049212586462629074e-04    2.946114143189090036e-03    2.482172447852851123e-05    1.189893294151148304e-05    -1.007266729925743470e-06    3.574412682312512468e-02
2.899998978195479253e+02    9.992211875874630334e-01    -2.094022597015693463e-03    -6.463163773370981960e-05    6.787221584387267493e-04    1.984380126093330111e-05    1.101560110395934646e-05    8.526668999306349921e-07    2.039614665592200463e-02
2.900008693586069626e+02    9.989751628889177448e-01    -8.944820300205618205e-03    -1.363379528725741519e-05    2.551216161140081867e-15    2.392693584891682847e-05    1.140043157429568535e-05    -6.988075469306749500e-07    5.200093280117909500e-02
2.900011535798921614e+02    1.000292506313982699e+00    -4.486700556341156887e-03    -3.982230160065879944e-04    2.425446705176311109e-04    2.152295065861231839e-05    1.193466451920772805e-05    -7.455907180101739297e-07    1.935606505021565393e-01
2.900001923701620967e+02    1.001141748411868093e+00    -1.395311998940487394e-02    -5.394386378825785869e-06    1.848728426776704860e-26    1.969464633781888618e-05    1.017612889837199260e-05    -5.394182613333456213e-07    3.119341489875981972e-10
2.900001846414218107e+02    9.994497121233900661e-01    5.264181287192798778e-03    -8.454707032358075528e-05    2.913628517864234345e-27    2.185697478281358564e-05    1.163256785763881530e-05    6.743707332065952616e-09    5.928177861415573823e-05
2.900001600486310736e+02    9.985063105873476230e-01    -2.479534685304725546e-03    -2.810261351785375014e-04    1.752350716207717711e-04    2.223165611741558746e-05    1.072056731173772166e-05    -2.472029830411704711e-07    3.068164456786257629e-11
2.900000685430064209e+02    9.996378290303573610e-01    -1.313831521031949470e-03    -1.369520454082190678e-04    1.715491722799728901e-03    2.132025673829871402e-05    1.180727383513334466e-05    4.259078496617915395e-08    1.116339780287552120e-09
2.900004027543955658e+02    1.002923243858136804e+00    -7.757491310810513433e-04    1.425121488970638412e-05    2.362553911330398917e-22    2.366668347939327721e-05    1.191789878756583305e-05    -2.632013403072181796e-07    5.507152696028234928e-02
2.900006377996525089e+02    9.989983767338974641e-01    -8.836848274463489708e-03    -3.287091957556058982e-04    6.880946302464767406e-04    2.001896745374469663e-05    1.076430522480260512e-05    4.581593270029577480e-07    1.639078188594498275e-01
2.900000163091173135e+02    9.958030315056772830e-01    -2.761764225693647250e-03    1.529955955218818700e-04    2.008618304228270193e-22    2.087929596178805425e-05    1.137148871356393963e-05    -4.412944602350356371e-07    2.630626371886545244e-09
2.900006936619710132e+02    1.000133754009659759e+00    -7.930125360793429529e-03    -6.609179679098824665e-04    5.750707062422901351e-04    2.093695389124562871e-05    1.118353227763715579e-05    -4.383010873226915740e-07    7.527541949967429813e-02
2.900001441835482296e+02    1.000236319652341166e+00    -3.035820772872546182e-03    3.793933761328935534e-04    1.179197535338012004e-04    2.274151846845130884e-05    1.111642977923666240e-05    2.369104118129653389e-07    1.872922631284167411e-13
2.899999379865197966e+02    1.003068732412111475e+00    -5.694384171189621757e-03    -4.600920665584262497e-04    3.118260848537224053e-17    2.224356822744152015e-05    1.164227646009527602e-05    1.351521290148606996e-07    2.564423509547910892e-09
2.900003282786651653e+02    9.965425704843471344e-01    8.528686186765379804e-03    -5.796411435902011329e-05    9.301248593686772379e-32    2.098425207574610124e-05    1.100718214813886542e-05    -4.062421061203341390e-07    3.070258903395411965e-02
2.900000303024837081e+02    1.000873411990771622e+00    -3.503061414040450818e-03    -1.843071103281836913e-05    1.160753583377249053e-23    2.027106475668412504e-05    1.129771294785170424e-05    3.512809136120075983e-07    1.595776047232943980e-10
2.899997639698788134e+02    1.000022966063667029e+00    1.288737398666415720e-02    -5.908682101356777742e-04    1.053122107764866735e-22    2.208050804739695674e-05    1.193743479195531250e-05    9.007672928570243979e-07    8.890636555427402441e-09
2.899998755501253527e+02    1.000727356888936992e+00    -1.165932056230647822e-02    -4.143856886954659419e-05    1.313754671754382899e-04    2.197428369957005157e-05    1.160609964126947888e-05    2.322347290446596907e-07    1.064104330154909558e-12
2.899997775783373299e+02    9.986788566858684213e-01    6.627992662592848729e-03    4.347002422519951519e-04    3.611037625323062241e-21    2.190219651612773996e-05    1.089162706929525353e-05    4.645735090265513666e-07    3.466270291711992257e-10
2.900013491530366991e+02    9.979116096125716373e-01    -9.680884419149835343e-03    -1.178866171959433359e-04    2.802898466283360528e-33    2.246235968159650097e-05    1.204731667993175222e-05    -1.015658101644825878e-06    2.573451555415972591e-01
2.899997939043217912e+02    1.001664099950561937e+00    3.748655138993066231e-03    -1.500282498800686165e-04    1.024168161336830177e-04    2.286586864072111521e-05    1.203349704944251866e-05    3.281565401260249936e-07    7.326153269870012150e-13
2.900006670039782648e+02    9.996377010017569731e-01    -2.983187270974769958e-03    -2.755660043495854541e-04    1.477737665991718063e-04    2.111515394751282572e-05    1.166105306769726751e-05    -1.208450207095881226e-06    3.975434094742893130e-03
2.900004326293020540e+02    1.000792431632166135e+00    1.095013582064465136e-03    1.042772048770602137e-04    4.892565338409201247e-04    2.139535334930461701e-05    1.161552255160115470e-05    -2.915976819865157644e-07    1.731395201461904260e-02
2.900000480987007450e+02    1.000756687779326137e+00    -4.975392353500010870e-03    -2.504893491940384919e-04    1.270302009264792338e-03    2.253730794911439108e-05    1.203656179198476990e-05    4.885233857004333486e-08    6.958132071762333781e-02
2.900003234913199321e+02    9.978565037456222919e-01    -8.478854556565383269e-03    -4.515204002974872557e-05    3.770856705207562541e-04    1.904337443591708700e-05    1.030903735070373283e-05    5.158776216604621190e-07    8.861593448981132382e-02
2.899999658097631823e+02    9.993554387691270247e-01    1.037605169329868741e-03    -1.253872100027609871e-05    9.159698198534171280e-04    2.041548755736339587e-05    1.178084162920829563e-05    5.990149511481646195e-07    6.582026264143718010e-10
2.900002064004168574e+02    9.988718353036148967e-01    5.341426742810463126e-03    -1.131994679689498712e-04    1.106686228197937490e-27    2.270008904935703637e-05    1.188049880807053489e-05    -1.185399281294190424e-07    4.378125503338199664e-02
2.900006504145704298e+02    1.002055538121534362e+00    1.245433153558221043e-03    -1.084883887966616497e-03    3.334587942817611958e-25    2.212297980485259774e-05    1.180627321262873283e-05    1.277869782451085752e-07    1.058556197425759710e-01
2.900004050343115409e+02    1.000575655064726011e+00    9.350484579009988445e-03    -1.872304443565663484e-05    2.059699836090345438e-20    2.220321932430984347e-05    1.181555567890641880e-05    -1.914026188527195301e-07    8.255113721830534268e-02
2.899996321608514904e+02    9.994887122203668373e-01    7.066802405798555198e-04    1.736481256585999686e-04    1.533070748883990598e-29    2.053552466183843867e-05    1.122794236586126813e-05    1.038760103044885674e-06    4.686531121907364789e-02
2.899997276726026030e+02    9.987850411050797073e-01    1.028409895548805693e-02    3.159788749782737433e-05    9.829322994503330756e-29    2.366647367916192076e-05    1.196215870190857371e-05    9.473947999573091258e-07    4.368408987544146734e-10
2.900003486700535404e+02    9.964860795974234131e-01    -2.817798365005801347e-04    -2.391633107342938192e-04    8.604016579426706189e-04    2.080921422257603226e-05    1.122275058710242571e-05    -6.037193111702792428e-07    1.098888152624332738e-02
2.899999496668318102e+02    9.997181688540471844e-01    8.064104250248487838e-04    -2.487239747727928757e-04    1.710206837251356196e-21    2.309016018174020758e-05    1.193683675320182299e-05    3.573531355707644136e-07    1.542537853427418046e-02
2.900005047258060245e+02    1.002936716586160237e+00    -6.993737257922989260e-03    -1.884460896962253460e-04    4.326156093769169505e-19    2.288665034937887357e-05    1.161681070825978986e-05    -3.020133963512226613e-07    7.182180920753999942e-02
2.900005525692068886e+02    9.962301458817074407e-01    -2.839187337598807377e-03    -3.063854163323146535e-04    3.356234416295963082e-22    2.197424101777457569e-05    1.210284739524445081e-05    -8.291108683099840581e-07    5.401449212287836449e-02
2.899999427588799108e+02    9.977038777334118480e-01    2.388867877433731822e-03    -5.965818767571973331e-04    5.556876499834848080e-04    1.927384126797976121e-05    1.132171508305026900e-05    6.210586513525694248e-07    2.043506305676421470e-02
2.899995325532314610e+02    9.998663099685429767e-01    7.012157071321889132e-03    8.706920169299889366e-05    6.676824141100161977e-04    2.352134757705430043e-05    1.275108940146786603e-05    1.181961810530118566e-06    7.872708665407536945e-13
2.900006601142735008e+02    1.003860403445812954e+00    -2.603482549295126590e-03    -7.462698823311081668e-04    1.902766810571867415e-29    2.428793968435748640e-05    1.245581557668039276e-05    -1.038075233157345377e-06    3.109601805613410735e-02
2.900003539705763842e+02    9.996356819525987758e-01    5.748821031606283008e-03    -2.307313275068016234e-04    9.982556371553206673e-04    2.171653092815063624e-05    1.142717506484322279e-05    -1.089500269552373615e-06    1.547109226187104482e-11
2.900001101137424939e+02    9.997003329091592727e-01    -3.234319665760598921e-06    -4.192231221012971391e-05    3.400737982604227936e-21    2.256075623976141255e-05    1.222322961724882217e-05    4.345635351170236435e-07    5.522248241507583453e-12
2.900000591192273305e+02    1.002331721052570623e+00    -1.979719337357674358e-03    -5.421873857387008565e-06    1.054461051480193616e-03    2.188145666951221596e-05    1.163409473178825285e-05    -8.030327481595116307e-07    1.196284545840317285e-10
2.899998209275552767e+02    9.991321067861957950e-01    9.591315089085445181e-03    -3.527909962154598587e-04    9.221565864917871409e-04    2.081925878503263679e-05    1.104968479752663603e-05    5.557681747026489021e-08    4.721619292229799203e-03
2.900003969178188754e+02    9.994997839991976996e-01    -1.226798761156070068e-02    -2.968434832254179898e-05    1.221362650561246834e-04    2.089680294295161045e-05    1.197004833514672586e-05    -1.258714775214480849e-06    2.026920063092242652e-02
2.900001566539198734e+02    1.000697835689719373e+00    -1.162225203538809742e-03    1.080228802529404475e-04    1.577148816202950089e-23    2.002763999954741055e-05    1.169508451167073351e-05    3.988394032794613635e-07    2.438710343143839725e-10
2.900002637986574427e+02    1.001873258050824278e+00    -2.852123663133998913e-03    -1.627763802199922111e-04    7.419223906098165944e-23    2.201206883636740790e-05    1.195674241666181557e-05    -1.900106319912575166e-07    7.224813691861616799e-10
2.899999028666622394e+02    1.005078444426360074e+00    -7.457695141969673293e-03    3.300902553908400465e-04    7.652165069746196067e-04    1.995336504617307920e-05    1.040526237304251673e-05    5.693283322402291989e-07    1.019517671704525501e-02
2.900001518952698234e+02    9.992583217267684281e-01    1.677883753933263195e-02    1.625896400755887073e-04    6.669313195881006814e-26    2.015660011536515500e-05    1.122075959730618978e-05    -9.263271884657384463e-08    2.755808194408738976e-02
2.899998647272760763e+02    1.001256744340160765e+00    -3.560150069218658789e-03    -1.155130664448167339e-04    4.677499632598975158e-04    2.143215228892246050e-05    1.126847810265466261e-05    9.501931777900996780e-07    9.918672743661283619e-13
2.900005425511934050e+02    1.000508682696566787e+00    -6.999732285387926661e-03    -2.710009347035856092e-04    3.027145233621963895e-21    2.013380471388300462e-05    1.141984820075602927e-05    -1.076550818384054364e-06    6.860685938323815569e-02
2.900003012574114791e+02    9.983893842945630315e-01    -2.879359784809848791e-03    -5.858438540660928671e-04    2.134661220687930609e-23    2.184119063925452813e-05    1.152933740086306476e-05    -7.313971064193677942e-07    2.386673832328943445e-09
2.900005238450012257e+02    1.000905608935994673e+00    1.120641377464053588e-02    -1.253045954610133340e-04    1.905098297440431283e-24    2.158123627149679849e-05    1.213531745813830365e-05    -1.023707178592118415e-06    6.583839874133236567e-12
2.900008664431006196e+02    9.976843962589606596e-01    -2.574680356202189470e-03    -3.393675703386684695e-04    6.452969292347360969e-04    2.083297851349246214e-05    1.050363986864467667e-05    -8.074650291813880662e-07    1.102159905324310574e-01
2.900007204317712990e+02    9.997121544750862121e-01    -5.636080668409385042e-03    -4.638893989917105371e-04    2.580952348023787699e-20    2.094333729607327646e-05    1.219634030444800684e-05    -6.678837532830923118e-07    1.175990294862308827e-01
2.900009085200042591e+02    1.000903106451908275e+00    1.883365397549853298e-04    -4.709693546750364206e-04    1.199805341023556753e-16    2.221072253351273542e-05    1.115423814226722995e-05    -1.232819898936288036e-07    2.115454828744549320e-01
2.900000351319679339e+02    9.990972139892824178e-01    -1.603392584727476866e-02    -2.948650777159712486e-04    9.710118511906886111e-24    2.499802266079297766e-05    1.233077318861206040e-05    -5.260642038265324074e-07    2.180217536362414884e-09
2.899999309800005562e+02    1.002401993012822734e+00    -5.546882248719829829e-03    2.926525849813418120e-04    1.902124049379217025e-28    2.049566689196149376e-05    1.064648136577762421e-05    -4.318602959549722237e-07    2.273839535964474163e-12
2.900001876529312881e+02    1.001990487303120680e+00    2.907601219711537701e-03    -1.933395200389265536e-04    5.536094894032185174e-04    2.013853499796994270e-05    1.089373635358281673e-05    -4.976817268798025422e-07    2.735245285915296054e-11
2.900003147204571974e+02    1.001404889095926398e+00    -1.115399516509878912e-03    6.706140331762918327e-04    6.845272780318492918e-31    1.996944670031178539e-05    1.110443814594462102e-05    -5.873507520673371639e-07    8.433780355320505021e-10
2.900001282920445078e+02    1.004653237906792951e+00    -5.996016817006121456e-04    -4.096442470296164586e-04    3.591931449038658177e-32    2.245772249184465331e-05    1.174386468430544233e-05    -2.250058152913661921e-07    1.526333663714291803e-10
2.899999851645907825e+02    1.001211035728273080e+00    7.280043294491162290e-03    2.691470442111294032e-04    5.929882746834970857e-24    2.208588298482387492e-05    1.180752536103463943e-05    -1.485418907953939598e-07    5.834570180336385838e-10
2.900000167162637581e+02    1.001974518866692199e+00    4.835248687468388963e-03    -1.013020722427457213e-04    1.427854320161734032e-03    2.183120415500391522e-05    1.246445011238725936e-05    -4.643814547820429284e-07    1.149266665546587336e-10
2.900004630694890011e+02    9.999188999544711409e-01    -1.120750667850438365e-02    -6.876631816140400019e-05    3.851735483210617149e-29    2.203677004729763885e-05    1.122583829809401045e-05    -5.856671010771604085e-07    9.716089965258322970e-08
2.900009161299198581e+02    1.001667707780513172e+00    5.551036621348740333e-03    3.017286939529473201e-04    1.390000657807649033e-21    2.270825630220151846e-05    1.244798855334040259e-05    -9.739424938191196004e-07    7.303004488823290619e-02
2.899998594337335476e+02    1.002909075706811315e+00    -7.525396633538877778e-03    -4.464234625191518756e-04    1.207638288434310964e-29    2.059716823563770738e-05    1.164025989765341886e-05    -2.892824981865660104e-07    8.625327920762593804e-09
2.900001156647644507e+02    1.001777194068270926e+00    -6.986027673421190028e-03    -1.534568634576295092e-04    2.114179772878801912e-04    2.093891383279030774e-05    1.154288263172960649e-05    7.801607944504822051e-08    4.822704189968024253e-11
2.900001104034083710e+02    1.000626385666676388e+00    -2.980432090141674813e-03    -3.862543905600606840e-04    6.088472748152364651e-04    1.916337255666874877e-05    1.121419970378153825e-05    -3.345260584969851593e-07    1.960799964475030618e-02
2.899999144745395370e+02    1.001413897819523280e+00    4.961984814481779776e-04    4.412160130701790793e-04    1.339808478794629436e-03    1.849822946795455408e-05    9.964156093069723627e-06    4.852132360300378804e-07    3.547043646941205324e-10
2.899997364647087466e+02    9.953935235857250818e-01    -4.138153755877454695e-03    4.320997927820325918e-04    6.473441291328575410e-24    2.173735879868018468e-05    1.153654031132938211e-05    8.140723640947295003e-07    7.341244016424976204e-02
2.900003914300677366e+02    9.961556521671124376e-01    4.655409110461640812e-03    3.260158516684390348e-04    7.986832869277077048e-05    1.930876874023001370e-05    1.042357734815969962e-05    1.325364607701383819e-06    2.022702384239870865e-01
2.899997751387002722e+02    9.973863958137197949e-01    1.156156137626376118e-02    -5.061222422818562701e-04    1.120372378594147380e-18    2.013642130493744801e-05    1.146893373160679669e-05    6.134443554987639039e-07    2.636875647189150898e-09
2.900001241627134618e+02    9.970759904476240720e-01    -3.959366523861116566e-03    -1.502190617678417293e-04    3.009756842593692199e-24    2.395856408984424208e-05    1.247696050057953105e-05    -5.921541224679021008e-07    1.569776069266398743e-09
2.900008816603980222e+02    9.994701251944835274e-01    1.106570694675303689e-03    -5.216136610492101439e-04    6.869671471378729366e-29    2.078850054011015488e-05    1.142155958757688798e-05    -4.801802312521780600e-07    1.969075504983030522e-01
2.900000109510453967e+02    9.991030846001762722e-01    1.501051091114615627e-02    7.126293596214475267e-05    7.980103088418093706e-28    1.963498439938870670e-05    1.119681852499989779e-05    -5.992545835947859509e-08    1.792964934926244173e-12
2.899997878410205203e+02    1.002249564279100724e+00    -5.483742640027542900e-03    -1.022222793483508559e-05    1.366704042616294960e-24    2.256171721198887135e-05    1.216940011613384720e-05    6.992930712613161029e-07    1.128045945247224513e-10
2.900006618463836503e+02    1.001435137965826394e+00    6.208623715408976770e-03    -1.691590712646892159e-04    7.987526012591333699e-19    2.110036832504096654e-05    1.121597205649790134e-05    -1.328293612151425527e-06    3.970417070481051941e-02
2.900011939921109843e+02    1.001060939322943932e+00    5.896627349471545224e-03    3.651163795781410868e-05    1.256880576274986214e-03    2.171231659688825730e-05    1.160507805810034618e-05    -1.648442218646307958e-06    1.751937149680279360e-01
2.899998179202625010e+02    9.999364794799319167e-01    4.666918843815777602e-03    7.640435270333169207e-05    4.371101887795509049e-04    2.391218901076217474e-05    1.143231254661547043e-05    1.609745485157835330e-07    3.080424204623328847e-12
2.900001388826634070e+02    9.964839445147545272e-01    -6.074569982094613248e-03    -2.516708992421982363e-04    1.991683762936529411e-22    2.066139511591966882e-05    1.185524995231235648e-05    -2.416583165920639472e-07    4.884044465671093932e-02
2.899997725851827681e+02    9.998428716413506612e-01    3.416942842592206580e-03    -8.392006003649766068e-05    6.817677842436045254e-04    1.936111954157222461e-05    1.130222787466974056e-05    1.264355195208983053e-06    5.238502910177537766e-13
2.899996455254717489e+02    9.990118681781257060e-01    -2.382738819954374060e-03    3.791654938607000487e-04    1.666953349090673909e-18    2.024115064790245566e-05    1.126091571213842411e-05    8.563219090929860302e-07    1.527941680230491021e-11
2.899997409409006650e+02    9.962643565650393107e-01    1.207030471288527730e-02    -2.102323286459995770e-04    2.581104441755851940e-20    2.027620963577284922e-05    1.056199978972065206e-05    1.698099502417241216e-06    1.461933994369824536e-08
2.900005139704452972e+02    1.000778797669759745e+00    -1.455001614384323835e-03    -1.851780641089743223e-04    2.571959946646495219e-24    2.151139518273529499e-05    1.178865590362375180e-05    -5.144215131018735054e-07    2.173812574180708578e-12
2.900000055760889950e+02    1.002091333183271260e+00    8.400140408833219399e-03    9.285256304316342828e-05    3.793660099584361200e-20    2.162533390871286128e-05    1.153775888739683868e-05    -2.958399471330085254e-07    8.190608484601529605e-10
2.899999935443212280e+02    9.998056298515062279e-01    1.436890080798981784e-03    -1.856781267562896483e-04    8.159372322192476063e-04    2.256298925488103030e-05    1.074153741283021782e-05    2.872156851511976753e-07    2.145058255587297218e-12
2.900005673569983742e+02    9.998763989329575441e-01    -2.910937418083433485e-03    -2.585704335784143413e-04    5.866992002173058243e-24    2.057077268285259822e-05    1.098764553166999686e-05    5.410138468580958199e-08    8.360306916103615871e-02
2.899999606750041039e+02    1.001317354896574141e+00    -6.511638421684883341e-03    -6.777766984290390739e-05    2.813998523223092412e-04    2.389866407510590686e-05    1.143384064876478242e-05    -3.232596715689173240e-07    1.495936292346944996e-11
2.899996153066666125e+02    9.990339699072837698e-01    -8.956059208259998378e-03    5.340057457522370300e-04    1.341966601773757553e-03    2.160916533640758227e-05    1.146845985184234263e-05    5.264099278993708616e-07    6.008107044798289750e-11
2.900002184857286807e+02    9.982699203972015267e-01    1.847911484685697218e-03    -1.650063398408897623e-04    1.316346813758132199e-03    2.224326093947809758e-05    1.114063591034402893e-05    -1.106909128380437877e-06    8.794156232597886978e-14
2.900001572769259610e+02    9.990383961513810140e-01    -9.179490251574136742e-03    -6.205049487608819449e-04    1.559670881647303971e-03    2.287997945183944650e-05    1.176787297964371533e-05    -1.050210706408543894e-06    4.767452469724480773e-09
2.900004255274353682e+02    9.991394738658593289e-01    4.797025633576943414e-03    2.497576654533064191e-04    6.475055462985209087e-25    2.016713961529407271e-05    1.205161468274532679e-05    -4.007571538211301427e-07    1.095791894468419042e-01
2.899998063802404431e+02    9.995165873930754730e-01    -4.681508927474152949e-04    5.987810666138847085e-04    1.355394027633289753e-03    2.271982171563368804e-05    1.188404159406754745e-05    2.316431718234628427e-07    1.176100276237986822e-13
2.900000300397884416e+02    1.000495767813223580e+00    -4.612341585000202630e-03    -2.816431456178875264e-04    5.487158518560699165e-04    2.065522809957334941e-05    1.055616739767003444e-05    8.488597911566507780e-07    6.754705713878554199e-17
2.899999813102946291e+02    1.001223816635399944e+00    -1.917304279467437790e-04    -2.717932800785675344e-04    6.011844464583113428e-04    1.944038845756705064e-05    1.134164059622400406e-05    1.473979652869811545e-07    5.294174405428631146e-11
2.899999042322933747e+02    1.002462048082397139e+00    -6.017437889892574172e-03    -2.226584979119510443e-04    3.866517013844191397e-04    2.121346481654665697e-05    1.247591775505535232e-05    4.930394574200699648e-07    8.496822694459141897e-11
2.900000093348840551e+02    1.001837124927548617e+00    -7.653993978013550782e-03    -6.431762055397844346e-05    2.303057888772428764e-03    2.017143395276648946e-05    1.085086101149485515e-05    9.166894618532938394e-09    4.594460072508270913e-15
2.899999011101573387e+02    9.975610869167287342e-01    1.645086987767003378e-02    7.370798661985809288e-04    6.830400201315090767e-21    2.151121694683307494e-05    1.175328603761771725e-05    1.572728263415853076e-06    9.924145410042381488e-02
2.900002819431482521e+02    9.957986981587659825e-01    2.968677206816462254e-04    -4.308554198758927966e-04    3.530680268240750266e-04    2.238765474185452835e-05    1.145724114876091505e-05    1.447440576875819701e-06    1.105070782660178413e-01
2.900005726799607828e+02    1.002424419030153890e+00    3.821012778336586521e-03    7.415218348452781445e-05    7.124356537298406379e-04    1.906875265255337769e-05    1.092369376411503295e-05    -7.405823621198696907e-07    1.316616585202564638e-01
2.900000091574958674e+02    9.999989741476810190e-01    -1.010220107566330190e-02    1.167564521286881077e-05    6.499630712283805311e-17    2.060454697267020843e-05    1.166220855528279098e-05    1.243927237433312282e-07    3.568455617047784360e-10
