# f_r [MHz] A m phi D delta_r delta_ere delta_eim a
2.899999450088579920e+02    9.971873167904556912e-01    -8.195548980457992988e-03    2.185325956996013149e-04    2.119484898519709195e-03    2.167533326708403953e-05    1.163283590823044130e-05    3.597924370973349055e-07    6.399066378052037545e-09
2.899996753925134385e+02    9.978990238391001188e-01    1.458838794790538566e-02    2.245103775731618944e-04    8.182602499942175089e-04    1.942813424534237240e-05    1.065243975077479824e-05    5.053159733112785511e-07    5.988127170598845767e-10
2.900003592844058176e+02    1.000917796804013049e+00    7.173755206998351161e-03    -1.756300145478472991e-04    1.467656034210333858e-22    2.171079760020692371e-05    1.206323751796763308e-05    1.109439884024407429e-06    1.651902754731315592e-01
2.900004162721383523e+02    1.001458164256603833e+00    -9.654032187792736548e-04    2.722891938981869433e-04    2.260552538941057610e-29    2.235893728133862382e-05    1.238661181920455498e-05    9.431463669676024471e-07    1.686809737292416511e-01
2.900013146773148378e+02    9.972827800231887085e-01    4.019180488721517917e-03    5.326951767510721336e-04    1.917353879335965983e-12    2.508209215680129220e-05    1.356034955498471008e-05    -8.112865727901400337e-07    1.915185637977672994e-01
2.900001778262848120e+02    9.997270801087534409e-01    -6.107537634578500546e-03    -2.699188859907496922e-04    7.271907494776776821e-04    2.271029075857471587e-05    1.195091488023465267e-05    2.597921757123006846e-07    1.078410514801711600e-01
2.899993780808502493e+02    1.000140527889629816e+00    3.803735134950748421e-03    -1.704405738413845812e-05    2.498241063986536737e-23    2.117825368710937099e-05    1.199114749827164388e-05    1.596130470181641819e-06    6.575592433337259256e-12
2.900007131542924412e+02    9.996905466010701513e-01    6.672998830822816224e-03    -3.205393221821528117e-04    8.147005729736071615e-04    2.228966484488750351e-05    1.245796571545157213e-05    3.027027612593243653e-07    1.406336699491352593e-01
2.900002112146122499e+02    9.980895950416258655e-01    -1.052242987403626505e-02    -1.527332862380019994e-04    6.556583011531870670e-04    2.085666267162293296e-05    1.131101536484695336e-05    -4.313993426055921948e-07    1.392185661116864670e-09
2.899997546561541526e+02    9.991489668955479964e-01    -4.181326331022865335e-03    -9.603097895515172488e-05    6.730144758565706936e-35    2.190500488485211329e-05    1.219169572032926651e-05    2.609023310146953852e-07    4.021226381125496754e-03
2.899998062805777863e+02    1.003207976012947089e+00    6.381051224572567571e-03    -8.992142956667442211e-05    1.106326082222181420e-18    2.326983413077889708e-05    1.288729738979112285e-05    1.767080073355540563e-07    1.460364565839932655e-02
2.900007979004419667e+02    9.986237146666856468e-01    7.234133387516929366e-03    5.656913649536844625e-04    4.157352985954753614e-04    2.214687180303001628e-05    1.266713820032893667e-05    -3.184761674338689064e-07    1.539493918636735681e-01
2.900002524679477460e+02    1.001365197350603031e+00    -5.327747554333707274e-03    -1.732093891924333211e-05    1.158814466131507187e-05    2.567575894171038442e-05    1.243939961357697263e-05    -3.782356382759019607e-07    5.711633102327292461e-02
2.899998872778224950e+02    9.966631563651502379e-01    2.666161004695732310e-03    2.562081934984445459e-04    9.228706686743265268e-04    2.143348129978827585e-05    1.120189654275253182e-05    1.065329818550679782e-06    2.302574175018357733e-02
2.900005300473110310e+02    9.994218643715480077e-01    8.903605103458457279e-03    -3.688918582078657641e-04    1.353328198379535668e-03    2.226809572852544593e-05    1.230277584257042545e-05    -3.158556915232666836e-07    1.098004247958024038e-01
2.900000062259387619e+02    9.997629138135921689e-01    -4.528958766572951412e-03    -6.988983125142886332e-05    1.680511806910430547e-04    2.116302936890351595e-05    1.188682776260781133e-05    -3.929034322946555381e-07    4.937176881470270451e-02
2.900000394570614617e+02    1.000853931625037774e+00    4.602162737133116618e-03    4.135221661339708000e-05    2.506194291923207829e-04    2.290970375162633085e-05    1.247883718259794284e-05    5.185633122536161728e-07    3.962414114857145493e-13
2.900005426741715269e+02    9.988199234407114657e-01    -5.195450815768560236e-03    6.467724624265359132e-05    3.535625944777798018e-04    2.497046660086614625e-05    1.272316479461671578e-05    -7.669364834613071508e-08    1.086616781442327345e-01
2.900004277911309600e+02    9.971354735230674171e-01    -1.024945029351633299e-02    2.025714561857686806e-05    4.095362428604185423e-33    1.958939238545355122e-05    1.156339841305613136e-05    -2.334821693985265699e-07    7.724250414050876090e-02
2.900011446422439008e+02    1.002041126923627345e+00    -9.114769735831931841e-03    3.754743089351570144e-04    6.296104772601792505e-04    2.375646500515397820e-05    1.215933812964534627e-05    -3.609840746391558704e-07    1.707322848615963062e-01
2.899999390001655115e+02    9.995662390094046668e-01    1.020992632770524947e-02    6.816509891949502431e-04    9.306053575381345545e-04    2.114949580413727200e-05    1.244771518214502355e-05    8.477990210762802704e-09    7.353065723713020710e-13
2.899997000112514343e+02    9.996992757326373935e-01    1.426655753204013333e-02    1.079060489522791944e-04    4.394084213080048863e-04    2.275327886252901622e-05    1.206603883002946383e-05    7.305239864626013394e-07    1.661255333992659152e-13
2.900012191685976859e+02    9.974158168485997011e-01    -1.849338972045335133e-03    -1.292555295019038794e-04    5.638059350146772769e-23    2.258024678566597629e-05    1.203015596256849945e-05    -4.245070732525395422e-07    1.874207482599422880e-01
2.900000117190621154e+02    9.969278573086413076e-01    1.490836761181911062e-03    3.919208696784476397e-05    5.833663456133700471e-04    2.263052436960668077e-05    1.235443305471583822e-05    -4.587688164833246935e-07    1.451372598154236342e-09
2.899997800498179572e+02    1.001399080065698888e+00    1.143504809019088748e-02    5.770146861382718928e-04    1.831282633170970998e-03    2.003295538299765618e-05    1.093892121300813593e-05    3.874674519441469483e-07    7.758564219424086993e-15
2.900006083096897669e+02    1.001628786374055169e+00    -7.469642519679704946e-03    -8.003115307210729665e-05    1.113814751217677554e-03    2.275317798981371130e-05    1.286712698978064037e-05    4.270122305044199252e-07    1.838395438051663444e-01
2.900000125620499603e+02    1.000093617307930449e+00    4.881119403240125922e-03    -1.817146550481935053e-04    1.162576506393866961e-03    2.089342506798526716e-05    1.208673518233500383e-05    3.093043255678560387e-07    2.244367109156988313e-09
2.900000588308589045e+02    1.000554591951299699e+00    3.530589965782057835e-03    1.923217877679674395e-04    7.174853768316551437e-20    2.054276230923812767e-05    1.176776367118016925e-05    -2.628579484361864788e-07    1.416495927323523953e-02
2.900004168933193682e+02    1.000633695937060086e+00    1.652578750356984262e-03    4.286771638807667338e-04    2.399287516692537336e-04    2.569734147326757135e-05    1.335144230257624425e-05    1.236158370468604556e-06    1.197837889816333184e-01
2.899998882493755445e+02    1.002698833639012799e+00    2.997806047105525205e-03    3.360682937716270012e-04    1.646135163387187203e-04    2.418538866053343390e-05    1.377532601123172585e-05    6.221596761778742949e-08    1.179795448535880180e-09
2.899998827050475825e+02    1.002673626083457226e+00    5.814897133111726797e-03    1.393926558956984677e-04    3.325871464531492149e-04    2.477509710499483750e-05    1.247066651298870043e-05    7.842795014403020416e-07    1.776201887643383617e-02
2.900007535415454640e+02    9.990983480063824196e-01    -5.088816953708484060e-03    -1.417820008670468506e-04    1.994853922742236343e-04    2.105312968714646881e-05    1.193602715214281057e-05    2.687222642404616892e-07    1.509076797292716321e-01
2.900002106119443965e+02    1.000929209805365927e+00    -2.062229736026721834e-03    3.508471925859511084e-06    4.834127523093765096e-27    2.304290831369638310e-05    1.218100838776015105e-05    -6.583438686331946157e-07    3.756376501710755018e-09
2.900002656532208789e+02    9.997743902834131946e-01    -1.903065119369323765e-02    1.752598402711271299e-04    5.609708038443668698e-16    2.144910995566894340e-05    1.098597084016557422e-05    -1.271461131384076242e-07    8.881581339734355521e-09
2.899999044518237952e+02    9.990442262667881268e-01    1.107009674979514066e-02    -9.968549808513915158e-05    9.505339937957353513e-20    2.216815329489535785e-05    1.252796201085152921e-05    6.128994573981327272e-07    2.029185956002816671e-11
2.900008711105090811e+02    9.974409734557491136e-01    -2.758925359657678818e-04    -5.992596238951572061e-04    1.063369903937494861e-18    2.378350438420690223e-05    1.303460921736246443e-05    -9.817598280329849810e-07    1.322321351289505731e-01
2.900000720629603848e+02    1.001901676749644476e+00    -6.324225277201600375e-03    -6.248931342716688249e-04    7.089036162510007353e-04    2.052030899707728094e-05    1.244817356451557193e-05    -5.151310321122116086e-07    3.519654898239833018e-15
2.900000855988967032e+02    1.000611613627662377e+00    5.445198079376367510e-03    -2.887626380917110045e-04    2.011022944860378275e-21    2.010076799972495979e-05    1.150758627871800202e-05    -5.423067189501549697e-07    1.287474909667621516e-10
2.900005594113949314e+02    1.005418557232327537e+00    7.344458296219822865e-03    -1.507190498255113703e-04    1.535034784554403185e-17    2.256954128568190241e-05    1.223163984210740825e-05    -7.399050164148983226e-07    9.367945376355482634e-02
2.900002603087688158e+02    9.998786678125183291e-01    4.310624300565471371e-04    -2.303626300255160386e-04    7.126603397097157191e-20    2.097035967482396913e-05    1.158873912190005343e-05    -9.879731201126228379e-08    7.768842099484553230e-12
2.899996227782131655e+02    9.974075275175620092e-01    3.176327276822400996e-03    2.543386585459407102e-04    5.500539883169833742e-04    2.187991528041876958e-05    1.192493799544470652e-05    3.225847314040777326e-07    2.510968273917463287e-12
2.900003656696079588e+02    9.996955246337208001e-01    -1.090670189608908183e-03    6.131706715360896339e-05    2.618424386512681850e-23    2.393580736388349194e-05    1.253299841234030212e-05    1.349550446583486627e-07    3.702935267765750105e-02
2.899998261189712139e+02    9.989324107577968181e-01    -1.037140348035725003e-02    4.152102767217225802e-04    1.340674870664140047e-04    2.225511318494278508e-05    1.295554758584415475e-05    -1.390816084186889235e-07    3.290012089717692252e-12
2.900007406089366100e+02    1.001150910850108655e+00    8.017108504115364256e-03    2.336214135430298084e-04    1.108088831648725804e-35    2.045936177271915805e-05    1.115274805331953185e-05    1.118982908354081205e-06    1.765824986406446251e-01
2.900004756894745697e+02    9.991540914564470688e-01    -3.427668000610007738e-03    -2.580523624504906703e-04    1.462500003638312999e-03    2.203573296863410575e-05    1.201951818847646385e-05    -3.065508137878512712e-07    1.347112529567896788e-01
2.899998140461910907e+02    9.997211219762266454e-01    -6.047088636901286644e-04    3.432268547660317958e-04    7.902270617324716262e-25    2.080468128906139659e-05    1.143245860320059274e-05    2.764117218630832894e-07    9.984149833547232916e-09
2.900000859088978586e+02    9.984090875683074850e-01    5.825333815538398345e-03    -1.707955989661905907e-04    2.193787176945094075e-21    2.071934255046637164e-05    1.162639549880024428e-05    -6.271335687482426514e-07    8.294668129403090506e-03
2.900005947902275807e+02    1.001772362588639886e+00    -7.788189899917518158e-03    -8.431167023112767713e-05    1.506916394800425041e-24    1.871431806404802423e-05    1.126178666638494092e-05    -2.649045989990948956e-07    3.353112700546859865e-02
2.900006582385685192e+02    9.994906758872076358e-01    -3.554060165002453052e-03    -2.722360337943945360e-05    1.455033751541048644e-13    2.315412073669308280e-05    1.253023528861278515e-05    -5.788678377474033273e-07    7.413044578824386222e-02
2.900002006802015444e+02    9.994922399392895951e-01    2.081121423108209939e-03    1.460003946459387291e-04    1.108701400868225524e-26    2.149486510186621248e-05    1.228396801818093414e-05    -5.300481944108911547e-07    2.095645164173597108e-13
2.900002958634220249e+02    1.000222138065967492e+00    4.214644580091644020e-03    4.270216710471277667e-05    1.241769468704986487e-03    2.489981692533332219e-05    1.172545536625971289e-05    -5.587212474910474857e-07    1.225493484250563393e-13
2.900002430930019841e+02    1.000837105327210930e+00    -8.557236498748798520e-03    1.350953834948983331e-04    1.136418041698162001e-03    2.066976451496888763e-05    1.172244466194512519e-05    1.228590796085400979e-07    7.831667141240197805e-02
2.900000862244199880e+02    9.988663964209731905e-01    -4.018877185215980266e-03    5.288137184197672867e-05    1.015485433507436370e-33    1.940713605430178916e-05    1.161722370466967435e-05    4.843269817152570707e-07    1.253274756314736414e-02
2.900007459143740220e+02    1.002174198145105777e+00    -6.613997035281202370e-03    5.708928548577384387e-05    1.028193177167932620e-19    1.984211793961987999e-05    1.190111235469590871e-05    -8.602662862265067088e-07    1.437055581588543296e-01
2.900001222533891223e+02    9.991653671613219823e-01    -2.985169554996362860e-03    5.728775862488596219e-05    8.483029599006097331e-04    2.116562717524492324e-05    1.164692104030589612e-05    2.402432016743258978e-07    1.948093014805770476e-11
2.900001654302758993e+02    1.003004072842239580e+00    -2.164552388097121043e-04    -3.459776711533253624e-06    3.000346313968869241e-25    2.224753226898813739e-05    1.276867171466424654e-05    4.028344229380457521e-07    6.092967115402984582e-09
2.900001574379335807e+02    1.000830927313118623e+00    -7.760972412275276081e-03    4.782459023547273695e-04    1.184242849871841802e-03    2.171262907248569025e-05    1.217504595044103431e-05    -3.124972665459737815e-07    4.742674134434227110e-12
2.900002657893657556e+02    9.987668497118707966e-01    3.555925935442102613e-04    -2.146618757471458589e-04    3.120450693413742554e-24    2.179724217830495534e-05    1.257599472312426141e-05    6.353780991616526930e-07    2.422893765280896561e-02
2.900000193708208371e+02    1.001871168039558224e+00    -7.361381277528479539e-03    -3.823882490458859634e-04    1.860446073585447127e-23    2.042632294617575299e-05    1.225036610668137292e-05    -6.184699790222846247e-07    1.976811992405990360e-10
2.899999643680284294e+02    1.004375744607068466e+00    -2.537967912623958957e-03    7.477222540953144857e-05    2.101839799149909102e-04    2.402678683992056757e-05    1.248494523145344465e-05    7.953444995478432169e-07    1.035678477779099077e-01
2.900000808836255146e+02    1.002333941866950573e+00    -6.809170936398979863e-03    -2.742051555803161757e-04    1.454387497353094879e-30    2.568093132504705529e-05    1.312491710549950042e-05    -1.975126239948070949e-08    2.874577505980456523e-11
2.899999543565930935e+02    9.991981863425221100e-01    -8.912323190028765066e-03    -9.288166035412965830e-06    1.280826575881221228e-04    2.153674155231854193e-05    1.227520510416343046e-05    8.786883242347480317e-07    1.622054343485065462e-09
2.900008365894846634e+02    1.001760634700074482e+00    -5.669708976858576534e-03    -5.790334852096933440e-04    1.551878395323264166e-03    2.213303608690976625e-05    1.219771413196952389e-05    -1.937213862503426780e-06    3.819251538919971739e-02
2.900012979915097162e+02    1.000884801129499069e+00    2.019686152913765121e-03    9.475695403154279725e-05    1.190560833921215081e-03    2.284454065935228670e-05    1.260286931036165334e-05    1.234894279509328825e-07    2.315611299870573014e-01
2.900008669670830841e+02    1.001189712057456216e+00    3.889813632033953597e-03    1.250565849018326324e-04    3.523664673125560877e-23    2.309056248965555208e-05    1.307197430722221446e-05    -8.312328182649871811e-07    1.293729255018552793e-01
2.900007966563752575e+02    9.988573962302487175e-01    5.071806399664928640e-03    -1.171238318818751493e-04    3.596190489126925680e-04    2.250685988116910428e-05    1.220317379323887729e-05    1.034613559945586677e-06    1.823715610385769348e-01
2.900003452248176927e+02    1.002022542055692078e+00    4.717837302611298765e-03    2.978549189976361939e-04    8.390593113889622135e-04    2.131646149787829730e-05    1.197380102745377423e-05    -2.470662323231123030e-07    6.726587414523509112e-02
2.900002006519193287e+02    1.000730922446377402e+00    1.550461372883589831e-02    8.655751941793839361e-05    2.506795820696077839e-18    2.296603840320443106e-05    1.268787515584621458e-05    6.262183616491907625e-07    7.453518745050255467e-02
2.899996389426384553e+02    9.970615823509768605e-01    4.485517803648597819e-03    -1.162602716757133131e-04    8.122439258933434767e-04    2.331057306476421321e-05    1.257823470541631682e-05    -6.618523619174659624e-08    1.964140781343724261e-10
2.900005193889329007e+02    1.000031706367034312e+00    4.667475523633670201e-03    -4.992154656348150041e-04    3.193961404468526641e-04    2.349282869055701340e-05    1.260664573524696360e-05    3.404176477227410412e-07    1.286381630084837968e-01
2.900002721100505596e+02    9.993425988706701180e-01    1.402710223819653070e-03    8.383493684018558482e-05    3.335172746588474790e-17    2.320613892450784093e-05    1.136884198275181917e-05    8.081491825464502209e-07    9.634479053642013013e-02
2.899997307600094700e+02    9.989270309879925147e-01    -1.951728658286060875e-03    1.859942836843842331e-04    7.804802682422202889e-23    2.331050383568379137e-05    1.231421906847559027e-05    7.409896095084050346e-07    1.376041756872763581e-09
2.900005866409820214e+02    9.985448274194210772e-01    7.493154575218753839e-03    3.576553920060420648e-04    1.134028937914298657e-22    2.311566887556656201e-05    1.313324709351843280e-05    -5.192212682343232016e-07    1.239668394275587893e-01
2.900002262179467607e+02    9.992579258424976185e-01    -1.038050654148713926e-03    -9.459678926313981639e-05    1.624859762056515963e-03    2.132697583615888995e-05    1.229574145354357343e-05    1.527538047249216034e-07    3.093497720805474249e-02
2.900002007552829468e+02    9.994213523073234295e-01    1.190878728006358744e-02    -1.819676309309462358e-05    1.814632886984441241e-03    2.101756988694957685e-05    1.175269209530457945e-05    2.593963450196805289e-07    6.135446233178276643e-02
2.899999960968792152e+02    9.987808177819625932e-01    8.148268577054727096e-03    8.742109258454288539e-05    8.763959143164862112e-04    1.976257883108144928e-05    1.076876999229751663e-05    2.861987569901788641e-07    1.437104083827341852e-14
2.900001828620142419e+02    1.001204349852279796e+00    -1.815105146053106475e-03    1.139293730039298805e-04    1.982134031130804511e-03    2.276750827297745872e-05    1.195077745311158415e-05    -2.132853944125527640e-07    3.198103979741736652e-08
2.900002338653260949e+02    9.979524975534124209e-01    -2.662442364611616180e-03    8.123402470426145194e-05    1.331071376062041827e-03    2.057760321923651707e-05    1.165029161615694605e-05    9.250107883640048079e-08    3.138666969270277607e-02
2.900001577498530878e+02    1.000798297644523549e+00    6.544048658449723790e-03    -6.527665152430247840e-06    3.658587143347305801e-23    2.074466435089316601e-05    1.191565675338659710e-05    3.655026717964087377e-07    1.298163664836418096e-01
2.899998742107212593e+02    9.978559165950054988e-01    -3.455467524903404423e-03    3.281413767646372852e-04    8.022437629372274367e-26    2.236476562873287237e-05    1.261751714753366162e-05    2.732537573137242002e-08    1.211183663676200454e-11
2.900008533211642998e+02    9.998952353309629171e-01    -5.855830297784325213e-03    -3.739216449068150571e-04    1.374236478608189694e-17    2.495191350434545284e-05    1.269059799950219835e-05    6.965605099953485538e-07    1.527973716608685695e-01
2.900004177901196840e+02    9.978761439077673545e-01    -5.457534613908610575e-03    -7.207706066376621406e-05    3.172443295921572808e-24    1.971880092647798510e-05    1.188264005851125193e-05    -1.083108280989396339e-06    9.593417501972929340e-09
2.899999516325603963e+02    9.950554038791397105e-01    3.616099144582888419e-03    1.070407537298187712e-04    1.480166783968105701e-04    2.118693801143151193e-05    1.202467889013545551e-05    4.717163972257815002e-07    4.676114620822672272e-12
2.899998512424089654e+02    1.002616791999729084e+00    4.928951147883031333e-03    6.414896466397685022e-04    1.337991319708097633e-03    2.107190358605207293e-05    1.156619248126878859e-05    4.799993513432277409e-07    2.655694019202475831e-02
2.900001865022460379e+02    1.000297256499756982e+00    -4.585761403289611605e-03    1.370996531188465586e-04    3.143990576354780515e-05    2.404935340488186595e-05    1.289598191843660791e-05    1.134161024420938391e-07    3.423624479092565407e-12
2.899999526362289544e+02    1.000007363079840506e+00    -1.298520125255184969e-03    -1.082397082198072945e-04    8.084023438925298528e-04    1.818824465876586494e-05    1.130287376706667171e-05    -8.971596132387329940e-09    3.275974702379861464e-02
2.900002619712762453e+02    9.984877649783543418e-01    7.420183102289970231e-03    -1.775778819756174555e-04    1.505925022925024122e-05    2.306922790251499425e-05    1.242591030274819289e-05    1.492824903195479475e-07    4.880970433743641451e-02
2.899996294870947509e+02    1.002016309141549266e+00    1.340423866107883638e-02    -3.733424356451340935e-04    4.614564862965507127e-21    2.281086798671443176e-05    1.238570897864783284e-05    9.045404540931324151e-07    2.297078820256967595e-10
2.899998328751004806e+02    9.980829692394334041e-01    5.678540874761920168e-03    4.485411052896500460e-04    3.985310573153464080e-04    2.330693078697733972e-05    1.205624994656485704e-05    4.527977370369903801e-07    8.690343098924799780e-14
2.899998991991562320e+02    9.988643489542485820e-01    4.548747853945540702e-03    -3.531681904898724693e-04    8.951253990228470779e-04    1.898110439766649297e-05    1.155484120719647350e-05    6.143591679511703535e-07    1.093566403589848538e-10
2.900002348918469579e+02    1.002543409210999048e+00    2.398388816820453285e-03    -8.467596102312246163e-05    6.767026456570810226e-04    2.240481694259716927e-05    1.201881572096778372e-05    -5.163974583910620179e-07    1.174435138716084531e-06
2.900006637548262347e+02    1.000843749547140726e+00    2.572211467883223079e-03    -1.925046489503316218e-05    8.637320313192435074e-04    2.391731221624769950e-05    1.275325071504911731e-05    -4.920828953581630273e-07    6.003914111570381879e-02
2.899998035127547951e+02    9.990335222008603910e-01    -9.452069650808159543e-03    -2.366839033629042669e-04    5.084099926864590141e-07    2.407969705558189643e-05    1.200036055299005400e-05    -5.244183846328063451e-07    6.871160353698909943e-12
2.900010863763483258e+02    9.982569457457984852e-01    6.106173093514829890e-03    2.136407024170557209e-04    1.750985199379662421e-22    2.270623106534314141e-05    1.214124123892511307e-05    -7.006959051445187392e-07    1.360363387380301992e-01
2.900003309214430942e+02    9.989785918412256160e-01    1.164167830104679028e-03    5.042532047318847369e-04    3.388328226305256131e-04    2.171369157766682456e-05    1.217198449227211247e-05    4.652559374114329170e-07    8.111228771066852916e-02
2.899997599561903030e+02    1.000444576134409846e+00    -7.983943835820312557e-03    3.598339863421165931e-04    2.151093282391763603e-28    2.053233149746117739e-05    1.188467407523625357e-05    -8.114113325048858456e-07    1.948615174313126539e-13
2.900005819789227530e+02    9.984947300146221894e-01    -1.221502793615252902e-03    -2.110108065034075697e-04    1.027661766806710277e-04    2.170708191695768099e-05    1.193347176951911658e-05    -1.329121037981091458e-06    4.918417737378139032e-02
2.899999291907270162e+02    1.002953543556269311e+00    2.146330221000663629e-03    -2.170153545436643194e-04    1.239877110283762714e-03    2.054229506976854310e-05    1.181058110732203199e-05    3.147635785055032310e-07    3.151959811276358343e-03
2.899998297107316603e+02    9.987093343158968128e-01    3.265171594557446551e-03    7.249882229978391393e-04    3.420147587087519829e-22    2.308514022011544302e-05    1.201364584270523509e-05    -4.877746652903257450e-07    1.321187593269161174e-11
2.900000259473974324e+02    1.003965210346104975e+00    6.979306105120112059e-04    3.415287833665980031e-04    7.767808942829431954e-21    2.408758948181400698e-05    1.279211975350552860e-05    1.825434587936920690e-07    1.412739273791884002e-06
2.900001168185477809e+02    9.990184997452224991e-01    2.406369958029782024e-03    3.477964164351855043e-05    2.990552232843472842e-17    2.086219519877672632e-05    1.143187183932901533e-05    -2.194653090465605634e-08    5.328823555081496341e-10
