# f_r [MHz] A m phi D delta_r delta_ere delta_eim a
2.900004977019895023e+02    9.993655648132787617e-01    -2.481148575855107383e-03    -5.221215742918488417e-04    5.412358811120726717e-04    3.530453042133643708e-05    2.338935439833899276e-05    -1.030419262348968794e-06    3.976378708507011906e-13
2.900006260862861609e+02    9.980151774171837076e-01    4.468401184164126974e-03    9.816270019468669556e-05    1.166239210161095382e-10    3.204377738238209746e-05    2.237601630075305547e-05    1.626291674715681401e-07    9.969680114310275343e-02
2.900004133287600894e+02    1.002370798484796710e+00    6.777297487509003487e-03    -9.987279314800999290e-05    2.496497495547575496e-03    3.396092412292686370e-05    2.186979617135460696e-05    -7.990282985787766820e-08    5.048638577967758806e-02
2.899997536419887751e+02    9.998622871815625590e-01    -7.092037565769375614e-03    -3.093528277731302486e-04    2.045893876867038019e-16    3.431299481388679827e-05    2.213751563171445860e-05    7.526375615772748590e-07    4.310850431049961352e-09
2.900000343173358033e+02    9.996872324224765904e-01    2.034093501870584859e-03    -1.738050926386205638e-04    8.753119393974365491e-16    3.027977979323729209e-05    2.127247736833343293e-05    -5.209723990311403254e-07    1.267886709447670286e-10
2.899997371484836890e+02    1.000562365406577614e+00    4.479883280482933362e-03    2.662116822622406028e-04    1.180728772206986535e-03    3.096886505486627980e-05    2.119793078531615263e-05    8.288814454842700661e-07    6.627650836527103568e-04
2.900002225844876307e+02    9.963713596445459286e-01    -5.422702034227560620e-03    1.962402053484507052e-04    1.982045394810135527e-03    3.401423194045129130e-05    2.280997531450847489e-05    8.214477021417157745e-08    3.471518930432725830e-02
2.899999386936638643e+02    1.002551920315848388e+00    1.421011076228313741e-02    2.339614718015081045e-04    3.170028495527456823e-04    3.152647222206696713e-05    2.138958923231559014e-05    2.944676026163970450e-07    4.482082950736600204e-13
2.900002320120758554e+02    9.997002141126030139e-01    -6.780975129710525157e-03    5.122682372462154832e-06    2.613584505916997359e-22    3.356031814752984306e-05    2.264455276732136883e-05    -1.510128272434083437e-06    6.733262499480117751e-09
2.899998440035701037e+02    9.992367343119302747e-01    1.911912956491638700e-03    -1.494602194622467108e-04    3.633246107725289615e-14    3.223292395809069355e-05    2.224536403146881594e-05    2.692337122169590735e-07    6.399162269640427107e-09
2.900007546678642711e+02    1.001386822566199264e+00    1.585886761761948769e-03    2.528155125255253139e-04    2.901971896088369848e-21    2.979777881510739900e-05    2.149245230659688045e-05    -7.308904537244374790e-07    7.872073246062939733e-02
2.900003888105861733e+02    9.984544011542564323e-01    -6.326033439612917253e-03    -4.634152084531161582e-04    1.193469674423481209e-23    3.261615693880655560e-05    2.165083106831486493e-05    -5.380922428036909094e-08    2.479660384696683734e-02
2.899999091979184414e+02    1.001052006421131679e+00    -7.573707602084990640e-04    4.690430361220059279e-04    6.684292021402289327e-04    3.221367225714187214e-05    2.224234914289101197e-05    -8.852723517061581237e-07    8.851997784611480291e-03
2.900003214949772996e+02    9.981529766050217800e-01    -8.976206937616698286e-03    -2.570847065270213841e-04    1.090229926876209995e-22    3.263527020492224082e-05    2.201178651086976168e-05    4.623548000072542572e-07    6.378828187359279756e-02
2.899999062637961060e+02    1.002727124169484840e+00    3.382933408778039924e-03    -7.311862052861608076e-05    2.323828035504114031e-06    3.144305975242017855e-05    2.074932356077078773e-05    -1.303422455602765129e-07    1.346382644441519814e-06
2.899997985131461746e+02    1.000549003973665529e+00    3.629693010630891375e-03    -5.005779789255230693e-05    2.252137656845112734e-27    3.267003101089849720e-05    2.182439288999399288e-05    1.447859320549008657e-07    1.779211107575530195e-10
2.900001283222282495e+02    1.001868296644119916e+00    -4.527103139150970464e-03    -2.510716456859946977e-04    1.067812421010328993e-20    3.079060582767799024e-05    2.146814564070692426e-05    -4.625413311612188732e-07    8.809054394915936664e-11
2.900002152871329599e+02    1.001001144403901977e+00    -1.597505557813179780e-02    -7.582678360739769467e-05    1.438855376616433896e-18    3.353685245881570713e-05    2.095219362296273411e-05    -4.633145654834158646e-07    1.209640700345636951e-08
2.899997849164303148e+02    9.983756357204579546e-01    6.967680372600316453e-03    -3.036778170661866543e-04    2.679839164616113658e-23    2.928530228287801765e-05    2.016403396988067229e-05    6.943952043480295764e-07    1.172252143158910921e-09
2.900001454821603488e+02    1.002787252497775672e+00    -8.342598609140130378e-03    7.376830466038359615e-04    3.944225520819126391e-11    3.374496683107341331e-05    2.269846158747068109e-05    -8.816201964156318133e-07    7.130092811992657872e-11
2.900011886023395959e+02    9.981819677157967030e-01    7.333978025229683471e-03    -1.953601998186810511e-04    5.553429696917242800e-04    3.035542185717028318e-05    2.142295238943038390e-05    -8.845433650176821656e-07    1.212976866408311816e-01
2.899999251807094538e+02    9.974164731100367831e-01    -4.511125973100782623e-03    8.037038245491621156e-05    9.000653896380995006e-15    3.059721170104087853e-05    2.226588696011229439e-05    3.316783147095495354e-07    1.086355663067324444e-02
2.899998064695802782e+02    1.002736072536146272e+00    1.740052378983566279e-03    -7.730175840746613867e-05    6.272038652560378309e-04    3.207201006571634098e-05    2.234219300834878211e-05    2.517929352070298997e-07    1.882975238886273206e-09
2.900001340678182373e+02    1.005638799096435720e+00    -6.539682367787760537e-04    -2.021760623386825934e-04    6.884029361910434840e-04    3.102160214254796080e-05    2.230099782860562070e-05    2.075612624603549811e-07    4.991076860567151413e-02
2.899998485914705952e+02    9.972380546526359302e-01    2.012438019797239009e-03    2.072005925518661303e-04    1.112776619181718701e-03    3.009710213919732441e-05    2.175376561346988272e-05    1.210754892379524941e-06    6.574855724759046290e-03
2.900001776511002731e+02    1.001260102299553978e+00    -5.957303503795172844e-03    -4.951500174858249363e-04    2.468047060060569583e-11    3.360848335486135854e-05    2.277138146670397808e-05    -7.579638443695224776e-07    1.702379938018926814e-02
2.899998863229886865e+02    9.996033134311216317e-01    -7.763735510870775278e-03    4.389761701634092893e-04    7.862814829195913704e-25    3.047836509646190812e-05    2.097866508506150208e-05    2.934247933382544140e-07    2.843944965565524457e-11
2.899999967456761283e+02    9.952626049922940199e-01    1.424900240390648311e-02    6.192762966787555487e-04    2.220345701401631566e-21    3.236459522264943873e-05    2.208258309659055625e-05    -1.654322076373125180e-07    1.212546014307602644e-08
2.900002792016873059e+02    9.989838433460972444e-01    -3.490547830705329705e-03    -1.985261801441330664e-04    2.827780239092417183e-30    3.338439145932597777e-05    2.253688444777976008e-05    -6.593406477436580200e-07    6.747986521062538920e-12
2.900006271118941754e+02    9.993833107227467760e-01    3.600934180843147828e-03    -2.894455011283589068e-04    5.820329081050906123e-19    3.135693753480504848e-05    2.190104838914431082e-05    1.041728755929197798e-07    7.036190273848477728e-02
2.899994308724882330e+02    9.980032130068138274e-01    6.385979305783695201e-03    5.778458096050939109e-04    2.003679318212311499e-03    3.036762797484153956e-05    2.116829951832474523e-05    6.839315755236113161e-07    4.628210388138422965e-08
2.900007016465881975e+02    9.981003882909786906e-01    5.064619845022715235e-03    1.427679474212930266e-04    2.218303481494433762e-03    3.261808153647688911e-05    2.252811056288241893e-05    9.958064984480100426e-07    1.259686247188183394e-01
2.899999678845329072e+02    9.997522279566777303e-01    3.492461546310132638e-03    -7.499670898148617492e-05    3.879275644564061391e-24    3.351807726486169748e-05    2.175417718993210488e-05    -4.120067581722405899e-07    4.891912353865523611e-09
2.900000589780393057e+02    9.965260704063495512e-01    1.032046848793620984e-02    -3.747619092757724048e-05    1.535544906581061309e-21    2.971224891846255590e-05    2.077544273888065930e-05    -1.488580533802787791e-07    5.956936170686758438e-09
2.899999232323700653e+02    9.973347305750395186e-01    -5.858294271653830508e-03    7.592663636983199731e-05    1.092138473940599749e-03    3.150635018696847285e-05    2.188552957849489199e-05    7.646217007435622608e-07    7.405122359236912880e-03
2.900007234189860696e+02    9.965894896541499515e-01    -1.701436684133866926e-04    -3.608418160582259142e-04    8.553440063643120185e-10    3.030185992661444706e-05    2.138735460384822828e-05    -1.857952340797658922e-06    5.246551983196174468e-02
2.900001726028996245e+02    1.000133391161889262e+00    -2.903535183294616087e-03    1.946743901284583064e-04    8.784468998314755653e-04    3.064542402918542349e-05    2.149338264241669981e-05    -7.151521107478425030e-07    8.300177181154190362e-09
2.900008755830649534e+02    9.991924906586318045e-01    -1.046715879628237755e-02    -4.385411936403205493e-04    3.624255086560330574e-28    3.319564439557133693e-05    2.207431191063620723e-05    -1.177822339125909339e-06    7.662302933485505563e-02
2.899999176321774712e+02    1.004549197752818923e+00    5.295744114168582373e-03    -3.609149923049740239e-04    1.443855266389240834e-14    3.148199818320566654e-05    2.281955129559055820e-05    -5.977628164968675397e-07    1.308253136004459389e-10
2.900000785483522918e+02    9.987418033557486918e-01    4.808138730362695665e-03    1.324746754763562377e-04    2.065667202465772915e-04    3.214554488157868404e-05    2.149385941696282945e-05    5.749210195918762425e-07    1.381329915634872500e-02
2.900003888631961786e+02    1.002315806272664256e+00    6.126294179192827904e-04    3.341952374200299466e-04    9.029889456824975562e-04    3.222873277231492361e-05    2.148512563902844238e-05    1.599340234048159304e-07    5.525217555579874790e-02
2.900006759983243114e+02    9.987799130986030338e-01    2.826325487886265433e-03    -2.500521094205440881e-04    6.306808698510931029e-18    3.254145830931160936e-05    2.250682966856173517e-05    2.530816552976267927e-07    1.309861853267257348e-01
2.900006840662175591e+02    9.960489097115053925e-01    -2.662197996184587339e-03    -1.074634780251700636e-04    1.048254255506564618e-25    3.036263278822615058e-05    2.049883306463246745e-05    -1.389036030088079357e-06    1.021972326799867935e-11
2.900000411558135056e+02    1.002121741524655718e+00    6.322542344104666208e-03    2.922273923470071434e-04    3.631398671183375020e-17    3.093241847825823915e-05    2.124002973365034607e-05    -3.344119794632322275e-07    1.295440328048556855e-02
2.900000109630433371e+02    1.000491843761813548e+00    -8.241401353921594050e-03    4.334705449142323705e-04    1.474948127605879058e-13    3.075092370572290844e-05    2.194642008191009366e-05    2.974656885364235813e-08    3.326479035465325715e-11
2.900003253216464714e+02    9.997749326281236693e-01    -1.237748217019361135e-02    3.130418915234756084e-04    1.742978766054117214e-13    3.090335590020137121e-05    2.128743359006071763e-05    -4.096546156049046395e-07    4.148390575049810958e-02
2.900001114662456416e+02    9.975747183548012709e-01    2.605056487231997061e-03    6.187163567233046530e-05    1.484473455503102944e-03    2.991678997545917928e-05    2.153471550246055421e-05    3.771294229902808404e-07    8.454273790395204288e-14
2.899999598903397100e+02    9.968895424656140092e-01    9.989088852478081315e-03    -5.189355846059015613e-05    2.439855916138926132e-19    3.111730293161256146e-05    2.122494316630869009e-05    -1.264271154672270709e-07    1.762377891780186564e-04
2.900004985644511066e+02    1.002283171552265761e+00    -6.285316408736036330e-03    1.248319643720881720e-05    9.236654571874010595e-11    3.054218943114668565e-05    2.117615811354865691e-05    -1.425956594653859538e-06    9.598324217108138302e-10
2.900005487067896865e+02    9.987680799111290364e-01    3.258856803636575768e-03    -6.708965947959504841e-04    1.361515362955797949e-07    3.165398872334262265e-05    2.291900830089721997e-05    -4.908002499247161562e-08    5.027560336847781280e-02
2.900006575163435514e+02    1.002803903115704331e+00    9.370781287849728547e-04    -2.285084666681470660e-04    7.236472910108462855e-06    3.448837658074791417e-05    2.243896269137034746e-05    -1.632796788979102329e-07    4.800767428722808178e-02
2.900000381116846029e+02    1.001001842980667078e+00    5.002376008534883955e-03    -1.147779230830026835e-04    5.291259087392361196e-18    3.272486542789391952e-05    2.250068153674763229e-05    2.172624174969663607e-07    2.424783853025113192e-02
2.899999530276308519e+02    9.966092569268698576e-01    6.167632148726980533e-03    1.319992932410514442e-04    1.373252045252582650e-04    3.037468148650714983e-05    2.042913762188614701e-05    -7.775668913921072135e-08    1.585792400572388409e-12
2.899998884095349467e+02    9.953803634527274014e-01    2.220632404801927383e-03    1.408701452583002050e-04    1.291621122441047710e-03    3.202741954470752486e-05    2.147464446980985967e-05    3.634914082487421635e-08    1.329748076651622937e-10
2.899999562094468502e+02    1.002208546048043880e+00    -1.668073653237155812e-02    9.249581176774211147e-05    2.306988368959952322e-04    3.109819016146375735e-05    2.062968184709109239e-05    4.645739907276434994e-07    2.260068540575106981e-13
2.899998724207345617e+02    9.993867938126209660e-01    1.585563737243626185e-04    4.886725339498645607e-05    1.058863641666595520e-10    3.225739864962012994e-05    2.260561479998057620e-05    2.115245615988193179e-07    3.179373814069450440e-09
2.900000571998501186e+02    1.000146306905917992e+00    -1.537247226542665796e-02    2.888869547052381223e-04    4.936720741547946054e-22    3.275114945905558366e-05    2.212734083181389986e-05    1.445377967259502705e-07    7.946694599591846137e-10
2.899999668752906814e+02    1.002586520281075977e+00    2.734754606895508505e-03    -5.974245237644101435e-04    6.170725247334048570e-15    3.376678399127487580e-05    2.253210084438312053e-05    7.589278760009094536e-07    1.146079129875304976e-02
2.900005514215156950e+02    1.001416242436130810e+00    -9.007284994636934397e-03    -9.675520657885939690e-05    5.413221524229251424e-11    3.146984485596680890e-05    2.127938354486958472e-05    -9.735257393216168860e-07    4.947791232864123812e-02
2.900002180393100275e+02    1.002735570512823804e+00    1.680267660453699371e-03    2.581902509627891171e-04    7.382111515400149220e-04    3.020196957224074625e-05    2.125769413741459044e-05    -5.940577720398818894e-07    1.142231264677747229e-13
2.899999188740889622e+02    1.000919715863812565e+00    -1.077001299865331697e-02    1.916773030834305195e-04    8.535998344718431399e-22    3.033236796983828528e-05    2.097566494294022591e-05    1.461931853127925229e-06    2.569193464718207612e-09
2.900002991807151034e+02    9.999122799957717023e-01    7.124658532578669393e-03    2.556755219569723479e-04    1.773810454571890776e-03    3.240396174072301104e-05    2.294572700042400444e-05    1.380792542512722835e-06    5.921457826162482285e-02
2.899999593542574985e+02    9.996896641071426615e-01    3.669215104589491124e-03    -4.316943038848515719e-04    1.338800591798515472e-24    3.323867812840349705e-05    2.217488626166694114e-05    5.923660608545526455e-08    4.065759809866495542e-09
2.900003299165360318e+02    1.001058229309081948e+00    1.435506235917335168e-03    2.830297429187336559e-04    4.106171055261678845e-04    3.232547491022680553e-05    2.215647630736528305e-05    -3.952330043917861073e-07    2.592089649538729598e-02
2.899999799592991963e+02    9.978885713957815762e-01    1.596706445767063359e-02    5.325801922693377665e-04    2.047591837787750713e-03    3.355972434460428443e-05    2.268455346558689696e-05    5.795078994442408100e-07    2.589768411656243052e-10
2.899999003251339786e+02    1.003834768863188565e+00    7.805288016301717424e-03    -2.935970095397721718e-04    5.496332500372362508e-04    3.142413870653002915e-05    2.176763216647542072e-05    3.743257778818602666e-07    1.229147648869636719e-10
2.900003265051229278e+02    1.000337868270295916e+00    2.978504716199286383e-03    2.342954973646135569e-04    3.672755992771110666e-20    3.003771502801994792e-05    2.131886044341766592e-05    -7.667096913020073792e-07    4.974247981006182538e-08
2.900003341759820614e+02    9.999659511861932470e-01    1.038683288814865741e-02    -3.973300955332690048e-05    3.647182850729526118e-21    3.055170507456473174e-05    2.241650372842898448e-05    -9.446716626284961655e-07    1.484757201909862878e-02
2.900006524700856971e+02    9.998904239456534171e-01    -7.452215127829790037e-03    -1.468760686822080815e-04    3.697940293884192735e-04    3.091621288475381133e-05    2.131503552033750721e-05    -1.023766377111595692e-06    6.938217076849047260e-02
2.900003951011099161e+02    1.000078195103947243e+00    -1.217429179738169220e-02    -3.286134453064211381e-04    9.068885118604616901e-21    3.219973038873440543e-05    2.240802472372995310e-05    -2.946208040087671404e-07    5.585219025239616941e-02
2.900001337074574508e+02    9.989698843629304381e-01    4.804108995138844235e-03    6.472029400981701422e-04    9.569934067940410018e-04    3.045448608847867600e-05    2.077989083332262466e-05    -5.558462136793757636e-07    5.338984950527890153e-11
2.900001804803142704e+02    1.003105872008985378e+00    -6.680229220238404972e-03    8.198579076706894039e-05    7.039844710368377506e-29    3.221786674900363110e-05    2.200761634160643905e-05    -4.756591302852489656e-07    3.477129828941848882e-13
2.900001444064968723e+02    1.001285942266671114e+00    4.507227204359058256e-03    -2.169442663547760462e-04    1.556689606014978355e-27    3.025775687440647698e-05    2.060672110044703295e-05    -1.084060824987229928e-06    7.915770410449920720e-10
2.900003382064840025e+02    1.000828257423184153e+00    7.057631054629962854e-03    4.391100504288487211e-05    1.260789953720403006e-03    3.263654115488405760e-05    2.181686138665077517e-05    5.121909401689242085e-07    6.540106853929700259e-02
2.900001836364862129e+02    9.986482008260881837e-01    -2.331909421106684744e-03    -6.606259857186823218e-04    1.518372492497998801e-03    3.320632268489319682e-05    2.194488146835553007e-05    -4.314276651212629236e-07    1.755946602392436776e-11
2.899999639111520651e+02    1.001642361165051121e+00    1.346963503199579239e-04    -5.340067104335723862e-04    1.024498916325971469e-03    3.274979279371012346e-05    2.288503090811229725e-05    -5.553471348740685311e-07    1.392444385699535677e-11
2.900001815132913521e+02    1.001766976708436729e+00    5.773095184575698265e-03    -1.834647151736659655e-04    2.809727220482612347e-04    3.257306571223175925e-05    2.205768522252605460e-05    2.544268787005264097e-07    4.306267327885516388e-03
2.900007933109407077e+02    9.969588725244036276e-01    1.414848561430830662e-03    6.347090624565180500e-04    2.698214122681474132e-04    3.267083484232096260e-05    2.230275572498997659e-05    -6.593294972273782030e-07    3.417392995998373012e-02
2.900000377579963242e+02    1.001362715033963902e+00    1.412933858014879312e-03    -1.111439267152897550e-05    1.415084848568431105e-14    3.362047313814647994e-05    2.365155297056882087e-05    7.607999874515745880e-08    1.281050032787288229e-09
2.900001066831791832e+02    1.001518459202599409e+00    -2.116111746590790006e-03    -2.206490404227879276e-04    2.485397501013086896e-04    3.221938210006501240e-05    2.203790202936391839e-05    1.653442756578890486e-06    3.358300297461518091e-02
2.900001027432185197e+02    9.986618008786364298e-01    -1.670007398259088080e-03    7.269259673792216603e-05    9.796452105166120802e-04    2.935225455182444612e-05    2.043227020915233533e-05    -1.212978367251013402e-06    7.773471180447702328e-14
2.900000422503024424e+02    1.000010602489368905e+00    -2.220407795691262207e-03    -8.908006650141009927e-05    1.903179398137623121e-31    3.243168784420795783e-05    2.226964999748910751e-05    -1.066673965947750874e-06    1.538572338534882886e-10
2.900002569701367747e+02    9.994891926958221484e-01    -7.326421554893718276e-03    1.887195121778753408e-04    1.816218826309359510e-04    3.231888112989086384e-05    2.182764602656531817e-05    -7.391485085481172821e-07    7.384673348792829706e-10
2.899999413719360177e+02    9.986209225439657278e-01    5.605994831047592282e-03    1.208704219690628407e-04    5.914259816636176052e-04    3.072346483116041011e-05    2.191862838432705142e-05    -4.073741157010893548e-07    1.209705720326003536e-08
2.899996174663463648e+02    1.000117349448955251e+00    -1.135892779410501959e-03    -3.733046634650284430e-04    5.940729807459236425e-28    3.344672177659286429e-05    2.246957010833543306e-05    3.184648875304887413e-07    2.279311026028032035e-11
2.899999913353609031e+02    9.991516875928245778e-01    2.572272764269790263e-03    2.237621248067664468e-04    7.949281245711369102e-04    3.160608981859793474e-05    2.189780090922376876e-05    -2.039391638166069874e-07    2.016935810398414865e-12
2.900007871118352796e+02    9.986091572967573660e-01    -2.671041228586459523e-03    -1.360375240208552849e-04    2.393559022802497358e-16    3.267005598112838761e-05    2.366623065956818380e-05    -1.674786971357929602e-07    6.895232848322394026e-02
2.900002214775334437e+02    1.000889025784531539e+00    -5.042863289357413757e-03    2.188399328351955052e-04    1.626913197977454865e-04    3.195453133414449446e-05    2.175776688786994109e-05    4.496533236630014772e-07    4.053444493075693267e-02
2.900004060145396352e+02    1.000404864893762458e+00    -1.359192475860681757e-03    -4.373153723246212985e-04    2.300512136892130013e-26    3.148760395509299397e-05    2.188338750044652905e-05    3.042579579118836955e-07    8.928110743046155373e-02
2.900000131444875819e+02    1.000882484300963160e+00    1.079287330737614551e-03    -3.980823274409572843e-04    9.803588913213895250e-12    3.397283824940213436e-05    2.239500437848445402e-05    -1.228170800335567516e-07    1.804544331419849837e-02
2.900006093806347280e+02    9.985333287898406907e-01    1.033592213727130109e-02    -9.358890084415868093e-05    7.903849178420832141e-06    3.290871443079272093e-05    2.223530697618968652e-05    -6.389281249365666479e-07    6.115388371398047113e-02
2.900002044599798978e+02    9.973280000110739119e-01    1.842180298282156473e-03    -3.549008343638347576e-04    3.344320398830442805e-25    3.001575413824367371e-05    2.165730676376522758e-05    -4.666896793586055916e-07    2.751545526728484772e-11
2.899997725973423712e+02    1.000291660081302991e+00    3.099992292021852211e-03    -6.855989011725413388e-05    7.181053760144936151e-15    3.338162456558347349e-05    2.336856918464554604e-05    1.311575736007875805e-07    1.741661528049674330e-10
2.900001617700738166e+02    9.979331302150938887e-01    -5.574134144294745977e-03    3.399320572361052162e-04    4.521833519399058693e-18    3.102601643659496847e-05    2.165499004547638358e-05    2.639367904634397988e-09    3.512270783374815686e-02
2.900004361110529203e+02    1.000305487316947906e+00    9.155202454104314352e-03    3.276590474806723358e-04    1.022953911166934517e-10    3.099542517442538820e-05    2.180061663909884368e-05    5.463487560023932577e-08    5.313881751283949101e-02
2.900006055901446871e+02    9.966897357410670066e-01    -2.653725965575783833e-03    -2.428087771574847522e-04    1.765614680353807782e-03    3.133591789685600707e-05    2.076575035966392169e-05    -2.068138873821957202e-07    4.206809164934112444e-02
2.899998066666626642e+02    9.984018007572915687e-01    -9.763124008543827949e-04    -5.531733290526440980e-05    6.695592784703893674e-09    3.162039381602885175e-05    2.155101678789022487e-05    1.749922307227917395e-07    3.755789224076768906e-11
2.900000847255916483e+02    1.000729039815346333e+00    -6.983301090733411154e-03    -1.534843849616944827e-05    4.193684653002614126e-34    3.046790089813100952e-05    2.074452424324181788e-05    5.894538503001559887e-07    8.115432176041579454e-12
2.899998036374472576e+02    9.985556594341017389e-01    -9.087461857779229393e-03    -1.610208419122446184e-04    4.891716714397413745e-21    3.202622815150019608e-05    2.156301560142948065e-05    -2.136127781594882411e-07    3.310490336294286769e-10
2.899998446890025434e+02    9.978871529731094814e-01    -2.190528867653509550e-03    -2.316538913920809025e-04    1.631156085277506908e-11    3.079871440691419286e-05    2.142143197809740388e-05    1.876131659974132082e-07    1.008517303023317961e-10
2.899997172197834630e+02    9.984118226650163797e-01    2.398182930398104484e-03    -1.907278933390069544e-04    3.506617485344048502e-19    3.260274729221587781e-05    2.362627378828101128e-05    6.283184117350519727e-07    2.309143833691993331e-10
