# f_r [MHz] A m phi D delta_r delta_ere delta_eim a
2.899998947900964481e+02    9.986137984469187767e-01    -2.059427482105421353e-04    4.134402047375081960e-04    8.377153592384341100e-05    2.477833162886991931e-05    1.302965480997889038e-05    -1.463705134208311289e-07    1.642669379395798540e-09
2.899997144559404774e+02    9.999954071060559446e-01    -4.050211872075570353e-03    -1.257013789367473588e-04    2.265818547904757072e-28    2.444935810877051468e-05    1.361139135792222546e-05    -3.030807103132448734e-07    1.861901518685183285e-08
2.900000907554572223e+02    9.999837979458735537e-01    -1.419720362704310563e-03    3.893724674661933841e-04    1.626454510678034732e-19    2.256470750471421759e-05    1.294687362957366961e-05    -2.814608865934965225e-07    1.614904778031539757e-10
2.900001335462222869e+02    9.997182557373908152e-01    1.036798910589776038e-02    6.485785607124902423e-04    4.228526869782908053e-04    2.361909528370886629e-05    1.326325424489406717e-05    2.068306866187821916e-07    4.986375219622328468e-12
2.900002768938473992e+02    1.001669749948852495e+00    3.816162019587131509e-03    -1.717300842814576444e-05    1.438457558331437211e-22    2.333824558326000215e-05    1.298624344828765103e-05    1.758366790627512333e-07    2.430616295626813333e-02
2.900001054445513660e+02    1.001762439556835194e+00    -3.720080231617282820e-03    1.629808781966216936e-04    1.026752272542018601e-03    2.374374487099976285e-05    1.301599786926357990e-05    5.733256742991237992e-07    8.150079726840805602e-03
2.900001324765764821e+02    1.005121982607154907e+00    4.335602072339055622e-05    -3.601835637147317174e-04    1.231680978013603451e-03    2.531569860832564919e-05    1.289261167578395199e-05    -7.807553361998457840e-08    2.438186187614056755e-02
2.899998848780190315e+02    9.968383306235630847e-01    3.394687022899087973e-03    -2.337020780220789434e-04    1.469417509362424190e-03    2.338134515301991615e-05    1.254527344115072325e-05    4.995926166167766249e-07    4.386346120983973876e-12
2.900003224083026225e+02    9.991804227877698619e-01    3.146744130877289838e-03    -2.025839017773074173e-04    2.119429567543725703e-26    2.216353130790423205e-05    1.227044908713681800e-05    -2.737156694644136110e-07    1.240527680650784122e-02
2.900001020950193151e+02    1.001029491575612607e+00    2.455105649478856941e-03    -1.824627267692207483e-04    1.176590312491026906e-03    2.346750955222907595e-05    1.315359082871830249e-05    -1.186111628733230048e-07    9.924035444337547302e-10
2.900006896022138676e+02    9.974544077453457724e-01    1.975456047138710470e-03    -3.567231073373378905e-04    1.494296968969180493e-03    2.265343875152894527e-05    1.299274821260307910e-05    -1.136896301248153229e-06    6.245538342937659304e-02
2.899998383778349762e+02    9.980543530739264257e-01    3.518697989663302148e-03    2.224831088714135840e-04    1.731354966288668274e-03    2.171352566608747845e-05    1.240850275480421576e-05    3.940010387548398308e-07    1.974867086761829737e-12
2.900005505828438572e+02    9.994992370411394100e-01    -1.420849260735043869e-03    1.595629009567180862e-04    8.298472874981764825e-27    2.321716977787007498e-05    1.268792753215613488e-05    -6.445860958269878062e-07    7.039991111346706465e-02
2.900003455229520455e+02    9.984667404823154291e-01    1.953484056604062706e-03    1.490302323995062702e-04    1.044500987794069703e-03    2.383826817734777836e-05    1.338064774887816674e-05    -7.688623762384083884e-07    6.156777601756706353e-02
2.899999228813227319e+02    1.001177259342841186e+00    6.843224576079521074e-03    -2.507172350348690275e-04    8.726667289941304924e-04    1.964687682251205924e-05    1.230418016801971546e-05    -6.673957848904460461e-07    1.154579452702020407e-12
2.900006059811728960e+02    9.980438299336190644e-01    -5.043903137850312517e-03    1.095513014690329597e-07    1.246829707607237424e-04    2.016707013851993285e-05    1.298294922316600509e-05    3.624747186871882524e-07    1.965137079857109947e-01
2.899997248150611995e+02    9.994605136822541924e-01    4.515036208703188461e-03    -3.338774096058623594e-04    6.233094035687767633e-04    2.195476265147779476e-05    1.306135743219932439e-05    1.287137563692057123e-07    2.644206331244343823e-10
2.900002404778977052e+02    1.002327067280667006e+00    5.615550690870069021e-03    1.011297692056237300e-04    4.892470266010235837e-22    2.513627731592667626e-05    1.319074429678229373e-05    -8.223544504908250973e-08    6.445384954802414745e-02
2.900001601602812116e+02    1.000649735102365545e+00    -2.504744513159747055e-03    -4.808631968050899829e-06    1.046000783366503881e-03    2.088817564727101373e-05    1.192418633488645628e-05    1.419661395308314619e-07    6.223459951396844099e-13
2.900000306341794953e+02    1.001371735365711668e+00    9.079658206762167283e-03    -1.165507531058362927e-04    1.388937118294341798e-03    2.352565438017334532e-05    1.308923245196601572e-05    -1.264555363300745669e-07    7.209303165426258421e-10
2.900003231801584889e+02    9.997188723560772594e-01    -3.006667727609320211e-03    1.188878885549150865e-04    2.385247643441361560e-04    2.290279233761669585e-05    1.338823247648968802e-05    7.114199779541892025e-08    7.723612074813399064e-02
2.900009023165789586e+02    1.003227958445316981e+00    7.232458144381143962e-03    -1.358576725449508256e-04    5.398973460653196695e-26    2.244033677285361787e-05    1.254588742372329439e-05    -2.322202405756932959e-07    1.086969034535815726e-01
2.900002394900435547e+02    9.988026721162766020e-01    -1.354826140567550981e-04    5.492175002272495525e-04    1.253034981040515893e-26    2.178899027505392939e-05    1.282191912408005258e-05    -9.227851580214397058e-07    4.436092064666355509e-08
2.900001962598800560e+02    1.003009202728837312e+00    -5.863627913121578078e-03    1.804945214817694251e-04    2.976704834354648938e-25    2.163951227434082693e-05    1.235740328343756938e-05    -5.476995878930360989e-07    6.901070059674059294e-10
2.899996838982302734e+02    9.985153589180071343e-01    8.077575864845113959e-03    3.827078531313214812e-04    5.862812706412712927e-20    2.038178004187798370e-05    1.231704251321795633e-05    2.742772388195482547e-08    2.295561904645433568e-10
2.899997239021806763e+02    9.987461794418411865e-01    -1.262417843226710905e-02    -2.815281595251972161e-04    3.536642172028742919e-04    2.296870277998508663e-05    1.353474402175264267e-05    6.162176226118610237e-07    5.322924778308151210e-11
2.900000400791151947e+02    9.998905032058038600e-01    -1.425848787081010569e-03    2.577642745583214252e-05    4.934279203058559949e-04    2.172665939000973848e-05    1.217185598074245092e-05    2.422633360341697638e-07    1.272150007372443661e-09
2.899996896103961603e+02    1.001950639850799796e+00    -5.318018432390579815e-03    -1.398024392459089197e-04    7.405570357289634935e-04    2.238254929834199749e-05    1.282287306422025757e-05    1.165038450596622900e-06    4.956867453932874146e-10
2.900000751369460090e+02    9.974928254018637919e-01    -3.542970165352761752e-03    -7.434240200474790468e-05    5.838830896017994975e-04    2.230662663751749645e-05    1.229098670643691271e-05    -3.452288207333145218e-07    6.029284124524032168e-13
2.900000331476291535e+02    9.983290124332517834e-01    -5.367151668033229989e-03    -1.257141744190414076e-04    4.142203216114277308e-04    2.166050985187099108e-05    1.273503938612947701e-05    -3.108130902545451541e-07    3.194988895698051811e-14
2.900005463221192485e+02    9.998885576205133185e-01    1.060477823650574081e-02    2.385870132400256236e-04    5.383159692134788313e-17    2.183718273520147320e-05    1.243125637327457751e-05    -1.040862887029559870e-07    8.826285832194609438e-02
2.900008807106951849e+02    1.003599764924570481e+00    1.598030450290662029e-03    -3.537122726312564691e-05    1.108801992531574260e-03    2.530449137296377206e-05    1.452504691714555212e-05    -1.026360872623364342e-06    4.916060772555157915e-02
2.899998901556193687e+02    9.982139370718746685e-01    5.244981653279454092e-03    4.423184836508423871e-04    8.857624349048569393e-24    2.327624112875532143e-05    1.313855747809707167e-05    9.463874290231702526e-07    1.722206425011592615e-10
2.900000879529359281e+02    1.000603905745803601e+00    1.107532117187409043e-02    -4.353517459605072315e-04    8.771971852617581073e-04    2.602028040139246518e-05    1.345112975702982499e-05    -4.137261263773077713e-07    1.796424897050746873e-11
2.900000214350162651e+02    9.999965834749099391e-01    -9.786000088690068738e-03    4.571594344621982106e-05    1.013689320225686155e-03    2.055823055339296498e-05    1.229255949094422072e-05    -1.702801520913624119e-07    9.333351213621135381e-14
2.900002526568263193e+02    9.988605678505998453e-01    5.027560424196136045e-03    -4.792509410322705202e-04    2.184275838825998984e-19    2.128245017940156621e-05    1.241679490313920658e-05    -2.382585967643491708e-07    3.092378599143573998e-09
2.899997446120854079e+02    9.991996240746665592e-01    -3.697408906015535283e-03    -1.067061248015958608e-04    9.336069832364637293e-05    2.244347520790316401e-05    1.373425061998786622e-05    2.767841533129459553e-07    1.267229188495522935e-02
2.900002156582667681e+02    9.989912282256907528e-01    7.187774868991655616e-03    -5.114064291641076286e-04    8.114123086060509973e-29    2.325781392563522804e-05    1.240121684815495375e-05    3.719426535089676150e-07    3.037179074763149758e-02
2.900000283014780393e+02    9.993375096408085856e-01    -2.154293375183457485e-03    -3.845667010648874890e-04    1.042385541027139161e-03    2.084158071210361667e-05    1.246706126526859248e-05    6.559150887582640092e-08    6.475833036364991461e-10
2.899998800238864760e+02    9.987838851460147938e-01    6.765491145803340101e-03    1.726644883392238481e-04    4.882076395177655090e-04    2.173713821225105709e-05    1.301335784367804168e-05    8.635074912561541307e-07    1.215118799701572537e-09
2.900004265900629434e+02    9.966864163770750018e-01    5.005967732237933321e-04    -3.562265120589309161e-04    1.369960231588574441e-22    2.151187037084897573e-05    1.222088231723907111e-05    -9.294172818898138853e-07    5.038226740118616705e-10
2.900001343103654108e+02    9.982290159392946949e-01    7.103026146872806583e-03    -4.504236942642374087e-06    3.941640870362956672e-04    2.044958987971495264e-05    1.137524830660433477e-05    -7.488483138316163722e-07    4.916627903310843056e-05
2.900001468623715368e+02    1.003627448195642646e+00    9.374390855693541871e-03    1.058039405283053874e-04    1.210203074597101608e-04    2.153622466821456262e-05    1.242711552693098978e-05    4.680863765127114129e-07    8.954961950854332942e-02
2.900000904505592416e+02    9.971508343062535085e-01    -5.812545966969345432e-03    -1.641166626221403834e-04    1.522147767692354301e-04    2.659717075954158057e-05    1.379743403216151989e-05    2.041603845720012564e-07    3.562123921145747913e-13
2.899998295810516993e+02    9.989495018312253283e-01    4.116410780346500126e-03    -1.916894525991668448e-04    8.376618544011327901e-29    2.396783586535919646e-05    1.363028061995003371e-05    1.748742056324448368e-07    1.013533521561104758e-10
2.900005464902542371e+02    1.002295005993674160e+00    2.902288532202246295e-04    4.585471820811373982e-04    1.290035416699541647e-15    2.279665341769847829e-05    1.250854198109320359e-05    6.055154744993678290e-07    1.355140408775215577e-01
2.900002183811529335e+02    1.004955948910607244e+00    1.368406841821360846e-03    3.463210156405981035e-04    1.373192176418383087e-15    2.359081712136144854e-05    1.354839201711805681e-05    6.257904948978107056e-07    9.392943675997891817e-02
2.899998657424131352e+02    1.001288914183213086e+00    -4.856905681494064209e-03    -1.297283995343445075e-04    7.249553867424676952e-04    2.287948676705298110e-05    1.247205920591141732e-05    3.919013137489613091e-07    7.699875506891983975e-14
2.899999708645867713e+02    9.997315256952322704e-01    5.427407297493047102e-03    -4.683615302486691208e-04    6.159919907691699175e-04    2.307011888064494304e-05    1.280624451909438204e-05    6.519771148957125184e-07    2.819206145335501064e-09
2.900002350002903313e+02    9.980878763423730593e-01    -6.785649462025676766e-03    4.840168816104362202e-04    9.168714726301813948e-04    2.147521003822768247e-05    1.243866341830422807e-05    -5.718150553028854854e-07    4.139688283847982575e-14
2.899999162577222478e+02    9.981001998792289331e-01    -9.471789583666546941e-03    -1.093380088162825182e-04    6.074071265430883203e-19    2.374283988497233471e-05    1.302834615560966730e-05    4.895450515872363819e-07    7.784763914290804786e-11
2.899995263623180790e+02    1.000814482924066828e+00    -1.167178286419773368e-03    1.915589795152157550e-05    2.781953690968208949e-20    2.452363776954564616e-05    1.321310988195253293e-05    1.384289089889080874e-06    2.848821499370087647e-10
2.899999597980241219e+02    1.000424554215865847e+00    -1.038883703853586173e-02    -2.401115907462086430e-04    6.600067806326526858e-04    2.204199664251182340e-05    1.273837564223656045e-05    -8.587923815819513763e-07    9.149485429057131686e-15
2.899997258074160413e+02    9.989289604632362041e-01    5.170479460155257175e-03    -1.883162018767578819e-04    1.185340730169023596e-23    2.386697241738283744e-05    1.326601175521605449e-05    6.150736762379550155e-07    8.320227359891157660e-10
2.900003953206394840e+02    9.969503495659044479e-01    4.566025236904890268e-03    3.239754289659100488e-04    6.043984400844216220e-28    2.194168309845088391e-05    1.237416598440536233e-05    -1.269256182702824468e-06    1.714353797779881927e-09
2.900004466939266763e+02    9.986872078183488544e-01    -5.462146957023475413e-03    -7.477608630762577974e-04    3.542601840499719993e-04    2.562154743791174823e-05    1.330871778559261790e-05    -2.929660801749562732e-07    9.182502462177984104e-02
2.899998709549864202e+02    1.001678790291633092e+00    6.213858166570974950e-03    1.433042051752895954e-04    2.165320315552040201e-23    2.275575128198110945e-05    1.220607927794863287e-05    1.836289403599657126e-07    2.441950134191505926e-10
2.900005864036751859e+02    9.951843575786493146e-01    -2.748527393439902794e-03    1.168538040784773105e-06    2.540042434296209406e-03    2.195141394939827161e-05    1.251086000944824902e-05    -7.670666339333973939e-07    9.054989658995431234e-02
2.900002046173019608e+02    1.001911741818928503e+00    -4.390069947447236033e-03    -5.843183931005389315e-06    7.376920302896444911e-21    2.424890264852268149e-05    1.327817571544728791e-05    -3.732115474493101537e-07    3.408205899243581249e-02
2.899997238621285192e+02    9.980342037944811562e-01    4.305137340974227698e-03    2.714763333743395687e-04    1.796790757742398795e-30    2.313931825036377908e-05    1.256461955111630549e-05    3.456128110863431126e-07    4.042388639900683605e-11
2.900005827311312032e+02    1.000116855702574581e+00    -1.268312554524351956e-03    -7.212047966063047668e-05    1.975240349748428596e-23    2.370619914497806174e-05    1.365585237450982851e-05    -1.004977917375149150e-06    5.347896657707480045e-02
2.900005207101359019e+02    1.000143530363914124e+00    -7.022920863758026246e-03    -1.720826733610832042e-05    1.364518123242478523e-19    2.289106403269696927e-05    1.255786921179634045e-05    -8.754512890686980098e-07    1.901395157546452094e-02
2.900000178972500180e+02    1.000110556865855260e+00    4.654425767693249477e-03    4.014675745802905428e-04    1.455899720032845929e-03    2.055994727569219018e-05    1.283183768796696067e-05    -4.489531671745657683e-07    2.451732123701758667e-08
2.900003074216243135e+02    9.990551716440795316e-01    -3.263740822428793688e-03    -4.463973299252855663e-04    5.532528238690578631e-05    2.054950513805616944e-05    1.230757789362206764e-05    -1.279757930734604916e-07    1.098326284609285469e-01
2.899999543461200915e+02    1.001573224286548047e+00    -3.236387578253758102e-04    5.864317789838766407e-04    4.640261132372693808e-23    2.046186116004609411e-05    1.193628595015953911e-05    4.101804581144825426e-07    2.364339096265498994e-10
2.900003158663091654e+02    9.985579436412623799e-01    3.877660386046988435e-03    -2.440363481319518068e-04    1.078688444253378832e-03    2.311141385212211693e-05    1.310911502191192811e-05    3.379759798321970444e-07    1.235441795104266771e-01
2.899999434555027165e+02    9.995131489592632423e-01    2.240101732219016307e-03    -1.237878146215737687e-04    1.417024688191475255e-26    2.205151943556448308e-05    1.253249952175364686e-05    9.523344549225927484e-07    4.196254305683630766e-12
2.900003366120446913e+02    9.978392015052730546e-01    -9.520958747517902984e-03    -4.445410286081824037e-04    1.606241807885979854e-04    2.418062424245709185e-05    1.330592315753600582e-05    -9.760992842696071019e-08    6.992297965912365465e-02
2.900000204508339152e+02    1.000418461456382690e+00    2.833443436868485557e-03    4.931624049742721672e-05    6.874703193243268846e-04    2.297804167896775785e-05    1.340102501179233441e-05    -6.016414344050525251e-08    5.659092135079860607e-03
2.900011923519683705e+02    1.000643477529249648e+00    2.056283107048220010e-03    -8.730429836201913539e-05    3.208459273696640273e-21    2.547928752636534141e-05    1.395924504590607870e-05    -4.789616540822249953e-07    1.508658997486373721e-01
2.900000142231760947e+02    9.975658389605511767e-01    -5.495024675466387079e-03    -2.663613231257642706e-04    1.071498501775617089e-03    2.242859658813623909e-05    1.212806885499509501e-05    -1.367309741487662430e-07    6.112531457989343886e-02
2.900006134465658079e+02    1.000145852769656285e+00    -7.197235014204977216e-03    4.830788264383458841e-04    5.853371302029752958e-21    2.350744956125078541e-05    1.338771866584038205e-05    -1.349290286870780640e-06    4.676064302507707842e-10
2.900001198531809905e+02    1.002148792129435195e+00    -6.726796838662216227e-03    3.048860143163366170e-04    5.329437536778445959e-28    2.627577665572841930e-05    1.406928029182410196e-05    -2.412220669647881183e-07    1.051733398910450145e-07
2.900008825459569834e+02    9.979484990095456309e-01    -1.345753638563342361e-02    1.843550402425086587e-04    1.146976974629637985e-23    2.279682272677201765e-05    1.270371394027680124e-05    -9.316822917282093004e-07    1.519676750029706480e-01
2.900000304734335259e+02    9.973896523277531179e-01    -4.982851200222804429e-03    8.643461527294544577e-05    2.241646233742081944e-19    2.295652811297001011e-05    1.311502567907064962e-05    5.911341532426384677e-07    1.894816694692138409e-09
2.900008535347586758e+02    1.005011066706636980e+00    -1.001110062188561439e-02    -1.519226880522502661e-04    1.335739501670476928e-04    2.241740524660929584e-05    1.304952306478617784e-05    -6.000641692017617889e-07    7.447733716296917050e-02
2.899998296354850709e+02    1.000962993033959636e+00    2.433779290746770040e-03    -2.163016420715487689e-05    6.229444288421766612e-25    2.203015182808736527e-05    1.236785268517442355e-05    2.687087766108677032e-07    1.261158829808211242e-08
2.900003329697076992e+02    9.986329816705620255e-01    -8.516336576187350654e-03    -1.602303563181051507e-04    2.380071417691239765e-03    2.365002986531083225e-05    1.329322601146731619e-05    -1.210357030891859909e-06    4.557140008371951892e-08
2.899997627967239282e+02    1.000839118463713318e+00    -1.007720212687533007e-02    -4.861091611168422838e-04    1.666562329614636302e-19    2.217312171392188931e-05    1.291092738350701215e-05    1.939639095273348301e-07    7.313392424084620903e-09
2.900003948103968128e+02    9.993338151159238958e-01    8.186294145817204007e-03    -4.357635393284850652e-04    2.896001069646688259e-22    2.384511391465170805e-05    1.292486768796313650e-05    -2.538955165397077984e-07    2.751252163089454336e-10
2.899998065078809191e+02    9.994964674918940251e-01    1.514124560023432080e-03    1.326769771874696424e-04    4.327958279908750228e-22    2.377275245695108244e-05    1.374443940405540555e-05    6.620306940672101940e-07    4.342978241821327662e-02
2.900002549747088665e+02    1.000788386276138642e+00    -1.075920754237885517e-02    7.449068386144717968e-05    9.217138015390863454e-33    2.380276572225607261e-05    1.293443474338259856e-05    -9.306448890066116488e-07    3.155487310280421299e-10
2.900003569237175611e+02    9.961301033511120728e-01    6.732734863576782768e-03    -8.928581035628485184e-05    1.094449349568590651e-14    2.380217170704449094e-05    1.308168702335314379e-05    -2.557434439264946248e-07    6.176889526313782824e-02
2.900001100407094441e+02    1.001075359829652678e+00    -5.210461413874455106e-03    1.487599867987903217e-04    6.085647829855231209e-04    2.381917654969188542e-05    1.293540717059965467e-05    2.833321661054612720e-07    2.619173378623740708e-08
2.900000181921575972e+02    9.991305624146465947e-01    -6.304246898884336217e-03    2.897176591710743775e-04    1.611185285599846511e-03    2.142861942732020934e-05    1.255064797911654436e-05    -3.997058508657596854e-07    6.772842661406003328e-02
2.900001701233994709e+02    1.002193073670465173e+00    4.516582605648073248e-03    -3.650790136578957023e-04    1.381327773596605947e-04    2.300392563789711105e-05    1.257713033012926903e-05    -7.517770370914920232e-07    3.067130397360483957e-02
2.899999784047409435e+02    9.978559121424102063e-01    5.380771449233229947e-03    1.578368046258369988e-04    5.914051455935152781e-05    2.065302161376011533e-05    1.219483550700915458e-05    2.653944265790285836e-07    1.736065484424039341e-12
2.900004211165899051e+02    1.001417328797178374e+00    -5.551640244102097957e-03    1.102895005654414061e-04    2.063737041584861698e-04    2.515924441709127299e-05    1.352401302734727542e-05    -6.737136209605671969e-07    1.074489563462278380e-11
2.900000184639918643e+02    9.983074315056639225e-01    -1.175762025896869185e-03    2.205320517967966241e-04    1.267794256737334990e-03    2.211179598121086750e-05    1.272576004045894371e-05    7.983229886305432942e-07    4.576951726376918272e-02
2.900001747683772919e+02    9.994971008898165810e-01    9.611617939396309256e-04    1.619137289827593225e-04    6.187451158535200256e-23    2.051181694634988741e-05    1.219239655687281000e-05    -4.147261351525952262e-07    2.975639375850806629e-12
2.900000564622345678e+02    1.004845962224306222e+00    -6.648113130706149662e-04    -5.327014799591814559e-04    4.625809366396199012e-04    2.283839229372050533e-05    1.356799902521934226e-05    -3.820090917511440553e-07    1.824629090578244758e-13
2.900002602553623205e+02    9.993320814530590734e-01    1.074183238163111884e-02    9.579750138109507305e-06    4.145166524938235294e-24    2.253605786321344662e-05    1.298964979087201247e-05    -1.754502121661769595e-07    2.282612456237465626e-10
2.899999204519251066e+02    1.000674236784186766e+00    2.388963977117144599e-03    -7.022109086095683762e-05    6.724993331413221592e-04    2.189691476157799074e-05    1.245649593961216920e-05    7.662301031829112619e-07    8.773404349045182999e-13
2.899999433314790167e+02    1.000416522816479636e+00    -7.330456635254991790e-03    4.712723427147676538e-04    1.792814758833077100e-03    2.281396365108231465e-05    1.326822096119216593e-05    7.362520384609762141e-07    6.568810558992857485e-02
2.899998441159390268e+02    9.983656138815825143e-01    2.025774087061345610e-02    -2.639595357929523482e-04    6.716246427561465985e-04    2.234984422328301223e-05    1.277867367584110673e-05    4.356390918325998103e-07    1.147011326503080811e-15
2.900006009721403188e+02    9.989661119595535377e-01    -7.749646083981497763e-03    -3.935359116494690422e-05    8.700460824104798863e-04    2.235412983924061953e-05    1.290771585122565307e-05    -4.978047371722406048e-07    1.059641578767414327e-01
2.900004959875712984e+02    1.001886163247820649e+00    -3.411606522813550018e-03    6.115196422699077064e-05    1.615118430411920103e-03    2.312098500190652888e-05    1.305766760346573836e-05    -3.551219250442508948e-08    1.098047544732003306e-01
2.900001983385455446e+02    9.982297050321730092e-01    -9.567130220434352057e-04    4.799566022959526245e-05    2.852411286966911275e-23    2.087862129057225147e-05    1.218740955693467198e-05    4.259398517464485556e-08    1.580784273370807929e-10
2.900000136245486146e+02    1.000918440770055318e+00    -2.354413895455931705e-03    -2.756593941266983843e-04    1.456327766472131089e-03    2.093481453047165913e-05    1.275073051933684046e-05    -2.832954148054883531e-07    3.493269527310814172e-03
2.900001049088197647e+02    1.000800992332794292e+00    -1.388090701081109817e-02    1.284728580716749653e-04    2.359292625595057054e-20    2.428454667289151834e-05    1.311471024799349891e-05    -8.683090465961377696e-07    1.567712360059912531e-08
2.900000047741883691e+02    9.987360244816225752e-01    -3.083082380592340639e-03    2.182077954092905903e-04    7.641834104835357102e-04    2.133938184446925200e-05    1.256607775258447776e-05    1.805421865163144546e-07    1.501131932112172483e-10
