# f_r [MHz] A m phi D delta_r delta_ere delta_eim a
2.899999188759868503e+02    9.992843829693802693e-01    1.288277657664132136e-03    2.401104540479235302e-04    2.477060188764353436e-04    1.895577833800264850e-05    1.054316384542676246e-05    1.208650653699835826e-07    4.915001948323097572e-11
2.899999452960348663e+02    1.001914083562027491e+00    -7.503759579683477038e-03    -6.742877368607502362e-04    3.745391812230213009e-27    2.270041154852526580e-05    1.218793779840986306e-05    -5.333887377282907714e-08    3.501722457370843211e-13
2.900006060204954110e+02    1.000296041398759161e+00    -1.255191534990986527e-03    1.409862993852787022e-04    1.711863124052638867e-04    1.924395261676643010e-05    1.017107276951234283e-05    -3.029965910698773812e-07    1.174836680080246082e-01
2.900008576549642498e+02    1.001974183882186953e+00    -3.581908799883149266e-03    2.847404243484840465e-04    9.638822989732771419e-24    2.050943805957917718e-05    9.965466712592458971e-06    -2.304034871177197076e-07    2.010514000166107040e-01
2.900007601014726220e+02    1.000486158763363553e+00    2.722452484914926994e-03    -4.679331056658070712e-04    1.351030038728265111e-31    2.198820970966907068e-05    1.120940665598610209e-05    5.517304958025738027e-07    3.083453616426934385e-01
2.900005351908224043e+02    9.986537951112810507e-01    5.853970723731797589e-03    4.005137057275766571e-04    1.623032070563732823e-05    2.022276190124897382e-05    1.071040352076151061e-05    -3.852102740336283538e-07    8.691955907945082827e-02
2.900002019740999231e+02    1.000921695425189162e+00    -5.967109354448787116e-03    -5.351866141519640073e-05    4.942919560373995299e-04    2.073059186658100713e-05    1.085051229292292777e-05    3.921763999441177680e-07    1.129182573613144412e-02
2.900008066860435179e+02    1.000744340883825689e+00    -5.130057046600888446e-03    7.637133670173457253e-04    2.553955041106403335e-04    2.029764140710288171e-05    1.050010051510343535e-05    -7.136150778822548959e-07    1.021936164316838008e-01
2.900000640856317204e+02    9.989997673204572548e-01    -1.968037730357548917e-03    1.352066651489352450e-04    4.593985009157480304e-04    2.078787861675132753e-05    1.066238543877459351e-05    4.820391338997143455e-07    5.401066166995337203e-02
2.899999416537822867e+02    1.000817413782351117e+00    -7.834842631046959327e-03    7.237315114309752877e-05    7.570513788967683878e-21    1.851194593654350074e-05    1.060968071526346522e-05    4.693773519805425427e-08    7.581836672225366694e-09
2.900000867496063393e+02    9.956708024763571974e-01    4.813402043510972214e-03    5.434633283528303828e-04    7.418528722186151347e-04    1.859603688241815315e-05    1.052263358035531688e-05    5.698417366112222802e-07    6.187155164242510302e-02
2.899999104913869701e+02    1.002074648292218928e+00    1.982461667154592887e-03    9.808931102773431809e-05    1.142451123872389650e-17    2.201567405513313281e-05    1.026349986549660685e-05    -3.626746340232890576e-08    2.189801187505752413e-10
2.900001306837199309e+02    9.962268208928320989e-01    8.183341339713357497e-04    -2.528644468064444330e-04    6.664705622631412725e-04    1.997175490424428837e-05    1.036220412702281220e-05    -3.265859980507635345e-07    2.891272649972682213e-02
2.899999313975435484e+02    1.000054797647472959e+00    1.997038025494801174e-03    2.168679105717445882e-04    2.544973591199386251e-24    2.154149150118630395e-05    1.147402705119374750e-05    3.646250510847988480e-07    1.925735909893530471e-10
2.900010662770500289e+02    1.000401545435875228e+00    -7.344602757550558296e-03    -3.715521079456813474e-04    1.556533010489673394e-29    2.129087325783355879e-05    1.103440166529899773e-05    3.103221710813982542e-07    2.718610767998736466e-01
2.900003519525798197e+02    9.990138696576232880e-01    6.408335997492255924e-04    4.469760263448094832e-05    7.618402544427099136e-04    2.042082190901494925e-05    1.086109098900861295e-05    -2.531977288657169931e-07    7.811108962475120376e-02
2.900001943508698332e+02    1.000008677917056721e+00    -3.998481196439264938e-03    1.914634174028625514e-04    1.048867073893910290e-03    2.219001212984305824e-05    1.104350184182204254e-05    -3.412997313520492822e-07    3.757355265642332877e-13
2.900001679199510249e+02    9.979388686054672108e-01    1.519772570427504457e-03    -2.234034905701250519e-04    2.541612529078592470e-35    2.167809903942106138e-05    1.068922977697525901e-05    -3.806417278486164923e-07    2.372470773050906481e-10
2.899996582420776008e+02    9.984563639762106257e-01    6.485799006516687788e-03    -1.621415618335687143e-04    7.999035886793994183e-04    1.956051606709534045e-05    1.014276069723069763e-05    7.321553419704999107e-07    8.822267698559604215e-03
2.900001620824410224e+02    9.963911198336705688e-01    -2.007114910033080957e-03    -3.020663984337424650e-04    1.051462892625030718e-03    2.038569878166255090e-05    1.067717255371750286e-05    -4.824385495496369281e-07    6.690105927725302155e-12
2.899996998135944182e+02    9.973724203072462657e-01    -1.063898011485482891e-03    2.377001278296108602e-04    9.498898850600789217e-04    2.265602266024717442e-05    1.121056612423549402e-05    9.005100845178665689e-07    3.193485154974213397e-09
2.899999021819381255e+02    9.974507706510847838e-01    2.228719629915543437e-03    3.909343797366865480e-04    6.944360996411508974e-04    2.042131141357800622e-05    1.088239025535327976e-05    3.393746887991498171e-07    3.773038370673544636e-03
2.900000052506588304e+02    9.981325092481018180e-01    9.438615486991956335e-03    3.500452080890187676e-05    1.092509790462544783e-03    1.818198705885629865e-05    1.002620532167205199e-05    -9.848094730861428366e-08    8.583142617168827513e-16
2.900000879753620211e+02    1.003842386774099094e+00    7.923676006381021736e-03    -5.027579597922175432e-04    7.331840748747231869e-30    1.947237901543685291e-05    9.974302745800772723e-06    1.134829785614262992e-07    9.399180289078853378e-10
2.900000068568201073e+02    9.985738129638082050e-01    1.628542380993714409e-03    -7.478270268225181185e-05    3.571980046920886546e-04    2.134203556088911630e-05    1.118958691890721354e-05    8.700905665060629243e-07    6.560876182637821741e-02
2.899995994097771472e+02    1.001373525631379602e+00    7.670737711534285873e-03    3.225006845104858152e-04    7.038084947515644249e-33    2.144637615456710368e-05    1.104671707767343317e-05    1.348871755994454421e-06    8.226531622079728002e-11
2.900002113756318067e+02    9.951888494780951611e-01    -4.610296088296664957e-03    1.617882229608815859e-04    2.897213570263568728e-21    1.955012256437855885e-05    1.043680204172565637e-05    -9.460881743744736799e-08    9.339615714144824943e-02
2.900003892573834605e+02    1.001500245958423019e+00    -4.537433863527063661e-03    5.283254924960162938e-05    4.675810463474389155e-04    1.839990010301790189e-05    9.130652594676474682e-06    -1.024833837282676012e-06    9.022941541034485001e-13
2.900002752836926447e+02    9.996014273178321918e-01    4.997999364661331878e-03    -1.443209578327631375e-04    9.889370764398981767e-24    1.986592498391328651e-05    1.017747992814908923e-05    5.896790793873498256e-07    1.112561785024187982e-01
2.899997560602904514e+02    9.993202043525042377e-01    1.558700622659382057e-02    2.823300068603009716e-04    1.297133014925599507e-22    2.272865325788841296e-05    1.118982368738169428e-05    1.231589861889925165e-06    5.504592698394433076e-02
2.899999378635426979e+02    9.974189276492434475e-01    -4.569729479301996551e-04    5.113214141600836010e-06    5.456819555351698125e-16    1.918650278462038383e-05    1.028899782010549479e-05    2.859392722066688768e-07    2.308025826864385954e-10
2.900003336944802186e+02    9.987355071777728188e-01    -2.125126201322510117e-04    1.121244578534565632e-04    4.140532563845286954e-24    1.896935777919525493e-05    1.083216443367010922e-05    -5.170114126971170976e-07    1.644247206148641364e-08
2.900000897959988038e+02    1.001271131626957134e+00    3.260343614716777229e-03    2.165055584071739093e-05    1.159094106152074275e-16    2.180937384571355562e-05    1.069857121691659651e-05    -1.653886983341875213e-07    1.259456370083396631e-09
2.900009677540745088e+02    1.001991564685950964e+00    -1.324116786681109163e-04    2.041740367841782700e-04    4.950476618312791647e-25    2.548478015305476643e-05    1.123086886968564941e-05    -4.150206925233254781e-07    8.530331798312883185e-02
2.899998100997202641e+02    1.001735112609485112e+00    -4.272045011307068485e-03    -3.224372043778082593e-04    1.033762453855824369e-03    2.389412138753636353e-05    1.146811213698379862e-05    -6.055521705617883484e-09    5.020309428968152726e-14
2.900005646489036053e+02    9.976175799158671920e-01    2.419907622239467638e-03    1.781966863779165661e-04    6.352825229022266625e-14    2.213604718174707486e-05    1.101085708397563983e-05    -6.162781042470080568e-07    9.967346733648162205e-02
2.900001025303864708e+02    1.001036070088498819e+00    1.308625917668473221e-02    7.991283586194367385e-07    1.378324096764513068e-03    2.096803564317447063e-05    1.021770829129368594e-05    -4.130341008154148716e-08    1.789580087778078199e-02
2.900004904086569582e+02    9.999877308437561396e-01    -1.736873386609173817e-03    -3.729584218858557343e-04    9.587354563206836179e-20    2.268035812418981147e-05    1.065202065283074937e-05    -6.619371880858843502e-07    4.468015221903888501e-02
2.899996345147368402e+02    1.001593246584911334e+00    -2.857785756351843409e-03    2.271700102809217660e-04    1.342577976011161303e-20    1.930522382025247157e-05    1.030979416589117338e-05    3.849015624445188281e-07    3.797245872673199203e-03
2.899998172009318864e+02    1.003999894565990925e+00    -2.543617173106969050e-03    -1.139097233940709598e-04    1.587674922677636191e-03    2.196072169763024917e-05    1.138039684336031342e-05    1.687428501335314448e-08    2.042964290186224027e-11
2.900006170042779559e+02    9.971862975493204218e-01    -9.315147949124955029e-03    -6.796095572562532586e-04    1.124835640984392336e-26    1.958061168442536620e-05    1.041207783099437015e-05    4.798297585135290750e-07    2.772137401842098559e-01
2.900010323619686119e+02    9.967064644458036859e-01    -1.276335917013612757e-02    -1.832819581841830213e-04    8.667229749880964398e-21    2.142865702513142625e-05    1.088436481325877923e-05    -1.819407599640728368e-07    2.205740854849892463e-01
2.899999845893975703e+02    1.000256308523175930e+00    3.225227771643778278e-04    2.151933963617782490e-04    8.831567111609476889e-05    2.252017686603937995e-05    1.121804297435520605e-05    2.758291776817847946e-07    3.163634122397329799e-13
2.899999368362134078e+02    9.984475390590029642e-01    7.294166707839861742e-03    4.261312971948675145e-04    1.144084161831796734e-03    2.127337703829648295e-05    1.046185151486042012e-05    1.630409559042353382e-07    1.922118094588076741e-12
2.900000383068184533e+02    1.002862172426802756e+00    1.706641072188589802e-03    1.409297873271041798e-04    8.183589679227671514e-04    1.945896889699682246e-05    9.971342458281332041e-06    -2.756204620864296115e-07    7.389129851901459983e-09
2.899997901672656440e+02    9.971187442798112865e-01    -4.893530802264134567e-03    7.888752721328048413e-05    9.551887727243429981e-04    2.004875746068894744e-05    1.101398490966344207e-05    6.695771037225631140e-07    1.887203967586922207e-13
2.899997927021282180e+02    9.976963642433812618e-01    1.003077765545780202e-02    -4.063506222969874701e-04    8.631454778573396009e-27    2.068932736571023830e-05    1.037253145908999141e-05    6.060142772613753242e-07    3.277214117147163512e-09
2.900000867375541134e+02    9.990971614770741693e-01    1.322135480957765605e-02    1.290251266863176648e-04    7.227214245449445784e-18    1.941114333378994369e-05    1.030669024918419963e-05    -2.978153518855486203e-07    2.097946535122764925e-09
2.900001310274191724e+02    9.992918437252248376e-01    6.653805615176453664e-03    -3.646690121813718250e-04    7.016672496705504899e-27    2.155681071802501556e-05    1.087621413178219836e-05    -4.301224879188485942e-07    1.283462406820468908e-12
2.900003352109296770e+02    9.981534412652852684e-01    5.401950208265416178e-03    5.010525749795169469e-05    5.717788743404687325e-05    2.142911534313121283e-05    1.177120522683618432e-05    -9.687730908988954488e-07    4.743660178227095126e-02
2.900001849687531035e+02    9.999150235805839282e-01    1.122572611989467589e-02    -3.283986715567260091e-04    1.166305818174818121e-22    2.133555890701900533e-05    1.073907782747105403e-05    2.129504368983282610e-07    4.600583432637800341e-02
2.899999138533479481e+02    9.993890020664760732e-01    3.090739228576072683e-04    3.978584201227656353e-04    1.852373693372499607e-05    1.900275057588944087e-05    1.041572735834972085e-05    2.497577104109065741e-07    1.897402247542807549e-02
2.900002367112990669e+02    1.003520461089020932e+00    -5.681163274323951067e-03    3.524221821823243019e-05    7.549681697738863683e-05    2.205219755855614171e-05    1.156556558644198111e-05    -1.394512919696935650e-06    8.709427431499774930e-15
2.900001904850416281e+02    1.000854032192611376e+00    4.749820598336043122e-03    7.227494153543806790e-05    3.698700814392181157e-04    2.160255679312591561e-05    1.021127281649238156e-05    -1.296524568008439590e-06    8.817180227007248485e-10
2.900002663386298423e+02    1.000580936709271951e+00    9.558973188955391387e-03    -2.824570119240325718e-04    3.765616859212290451e-19    1.919960423412691249e-05    1.080038927342335926e-05    1.124463854653806894e-06    1.414382613301387592e-01
2.899996504797667285e+02    9.985816561094226218e-01    2.597184873684126993e-03    3.504523489866461254e-04    7.124419898931245196e-05    2.308570738785707167e-05    1.172891042501841330e-05    -4.969771711097891867e-09    7.031926361197165319e-11
2.899997837016347830e+02    1.000678373464223947e+00    -7.073778535589286430e-04    1.882875798782600557e-04    3.599763962134260408e-35    2.268179137056345232e-05    1.151338890854899907e-05    3.880843800797798345e-07    1.181173858082155896e-08
2.899998665453742319e+02    9.991882655290131865e-01    -6.043779491925995589e-03    1.846009250310931139e-05    3.846923902839225937e-04    2.055722842692485312e-05    1.108673939913341401e-05    7.112632565273944601e-07    4.076908832991167706e-15
2.900007185180555211e+02    1.003031982546607415e+00    -3.712311385183828232e-03    -5.989608840275580234e-04    2.053747622396324673e-18    2.010342463113656180e-05    1.036703836818981613e-05    -9.711929460959965163e-07    7.478517845968774003e-02
2.900002478152619574e+02    9.999995664382026472e-01    -5.238962750122878528e-03    -6.353766775533492518e-05    1.790038451812001150e-22    2.331823856421427087e-05    1.047121740313861645e-05    5.527044992925713548e-07    7.788926819976572935e-02
2.899999956777045327e+02    9.984110465033827486e-01    -4.253469781557802157e-03    -4.309903626953147729e-04    1.028255149666455364e-17    2.085096217251021318e-05    1.040919118864737036e-05    2.204677535512825693e-07    1.239245704837716131e-08
2.900006290452813573e+02    9.987926824530166670e-01    4.185624764489226900e-03    -5.824099155888175314e-04    7.782686727449640487e-04    2.047792643599490237e-05    1.098156385470529764e-05    -1.005601627933779951e-06    3.604328565455408235e-11
2.899998831631592111e+02    9.973011538053062619e-01    1.459701147135589400e-03    2.806000527029663301e-04    4.129400299576723976e-26    1.781952367868928994e-05    1.013606179491062515e-05    -2.181951293041510231e-07    2.141398912351158706e-12
2.900001615907225982e+02    1.001167797644999968e+00    -9.564316317324481368e-04    1.879271979188675251e-04    1.414289911540646870e-24    2.296573471995087541e-05    1.130590857223897743e-05    -2.981163884985230927e-07    1.007516510722111526e-11
2.899997178976468035e+02    9.996359167967879822e-01    1.555195784500214458e-02    -1.332649410801073321e-04    1.463281590526776654e-03    2.074903474851208578e-05    1.152093869568521955e-05    8.314152536464000136e-07    3.231371586348884777e-14
2.899999561774768040e+02    9.994717903070376996e-01    7.785605395487781326e-04    9.526666804365464792e-05    2.136085127197395810e-31    2.223497560306719539e-05    1.159862952072552580e-05    7.426092613272671634e-09    3.341228467917213563e-02
2.899999556373304586e+02    9.991315375764479034e-01    9.618134724883297673e-04    2.873236588571370068e-04    8.935033556429967710e-29    2.106770945998796019e-05    1.038210610217892088e-05    -2.686029598090051748e-08    3.041083763729973903e-11
2.899999012414202753e+02    1.003541070289772241e+00    1.080603805866607071e-02    -6.842763143222883773e-05    1.821256789320874984e-03    1.932849639732627799e-05    1.041116673044324447e-05    1.246441894208932718e-06    3.595269390497361078e-02
2.900001611056766251e+02    9.989084570754425130e-01    6.799946815545955927e-04    6.627039044195336777e-04    1.096381292519183360e-03    1.909718030440920374e-05    1.042382152905356605e-05    2.415217045984299902e-07    6.984848093992736262e-02
2.900004807065929526e+02    1.002034523225783458e+00    -4.726767856373945489e-03    -1.374902973040821911e-04    1.818855962543018126e-26    1.879159522891852915e-05    1.061597316349484749e-05    7.405251015673013134e-07    1.560098832792229384e-01
2.899999421349087925e+02    1.002329562610378311e+00    9.780480369758481896e-03    -2.463677853778098730e-04    5.569050435167975958e-04    2.165430809776857691e-05    1.102630090924084917e-05    1.628736089189015097e-07    7.960257563749983458e-13
2.900000656806123516e+02    9.991204580190788942e-01    -2.659417567293708394e-03    -1.213021883162416950e-04    1.068219623120063170e-03    1.942187849037053205e-05    1.020121018023658385e-05    2.238088190345504684e-07    1.048289400118683999e-08
2.900001745159304960e+02    9.959651122735883044e-01    5.655759370114312248e-03    1.604246050403391132e-04    2.167625655372392053e-03    1.793506631374102477e-05    9.238514821867726827e-06    1.354955837150356968e-06    1.512994646488433903e-01
2.900002268317925882e+02    1.001399782521910531e+00    5.971595882839816558e-03    -7.335906014756833887e-04    8.802589175571199156e-27    2.234292585894555853e-05    1.032945575500711557e-05    -1.048914004932054521e-06    1.817621402665457395e-02
2.900000721895380025e+02    1.001228147707647453e+00    9.685893382540363859e-04    -1.504176466180948634e-04    5.690448065902605878e-05    1.973677502708153943e-05    1.049794217956823005e-05    1.422039521928078916e-07    1.135329521717045364e-09
2.900002742050759821e+02    9.992819273464167429e-01    3.755597465887390140e-03    -1.155108529917540905e-04    2.979102757449985063e-22    1.978835105920303354e-05    1.086052742796006197e-05    3.587187354728136215e-07    7.307520159350340549e-02
2.899999846809627115e+02    9.977723531200527463e-01    -7.206910917617655003e-03    -4.065199186212297452e-04    5.791684399657122015e-26    2.134010088228039634e-05    1.046210730289032880e-05    -6.728028092058507790e-07    1.282225595001645381e-02
2.899998177263277057e+02    9.993298232951383087e-01    4.523995766242411157e-04    -4.078775543334008081e-04    3.844134037452264295e-26    1.968642387583385099e-05    1.064235356857074697e-05    7.718125216043114874e-07    1.639979529674931782e-02
2.900000300110619946e+02    1.003936464749622948e+00    -2.115246735206831059e-03    -1.719545982375271032e-04    4.397785047395174783e-04    1.911810899535222900e-05    1.093675932546105929e-05    -6.652180011618630977e-07    2.404701973551519881e-15
2.899998529283157609e+02    9.984656980917808733e-01    1.456136467573765098e-03    1.147888239255530140e-04    4.880433967613387051e-34    2.155708191794992901e-05    1.093908883344418794e-05    6.306971446508199545e-07    8.699119491753634290e-03
2.900005336018389244e+02    1.003512921332293750e+00    -4.973441979566930711e-04    4.820234163452373418e-05    5.209489587825416017e-17    1.917483929718208702e-05    1.040303326039988523e-05    -6.510151600256222516e-07    5.486364195948769534e-02
2.899999712056172143e+02    1.003743887043318406e+00    1.295174639803777124e-02    -3.367509451611988450e-04    1.430291581480979442e-22    2.367036540355170089e-05    1.076652601287994619e-05    9.059590327539578203e-07    6.305764882486365741e-02
2.899999507971808725e+02    9.993932662297423386e-01    1.137024923008378256e-02    2.952848369701155428e-04    6.234652834473528364e-19    2.047414626934141040e-05    1.091454455424566910e-05    1.915943927370470129e-06    1.315415847337202682e-01
2.899999559021954383e+02    1.000225823385676227e+00    -4.688522704400416123e-03    1.211263524993914031e-04    3.063373765258939876e-21    2.086466605770338835e-05    1.069338080808080421e-05    -8.797753062723987282e-08    5.783238168432907873e-10
2.900002218380165573e+02    1.001583138159475084e+00    -2.058645770440636208e-03    -2.765144506895383177e-04    3.791678193954937004e-04    2.070332353563549238e-05    1.109129394559338339e-05    4.398091694559898858e-07    6.010457587520319500e-02
2.900000622381543849e+02    9.991812176911070154e-01    3.440141180109849203e-03    -2.519830817394695796e-04    2.434790597999148887e-04    2.029857277172856644e-05    1.082920387969119307e-05    -1.812788620290056049e-07    1.138542275037508899e-14
2.899998657957067962e+02    1.001091150768446125e+00    3.168509469872155850e-03    1.476089904977082132e-04    1.761327846087462081e-26    2.035667612039771589e-05    1.023424163072960434e-05    3.450103451774639750e-08    2.034251231007259879e-10
2.900001889565273245e+02    9.994480622798347369e-01    8.323925790797895297e-03    -1.300388178961222664e-04    1.290961179937849162e-15    2.059269874665967996e-05    1.140674716687722605e-05    -3.826657760792304576e-07    4.852878686503567934e-02
2.900008380229355112e+02    9.989233161788324544e-01    1.413460804600260787e-02    1.598970011439354686e-04    7.036664135041528184e-32    1.991850865973326216e-05    1.088439348618731097e-05    9.320423825411615530e-07    2.135645788996627381e-01
2.900002060480969135e+02    1.004595201237599378e+00    -1.943714157164346023e-03    -9.166236440117258471e-05    4.312653184710978668e-04    2.179332588189056066e-05    1.151570281517527850e-05    -7.966794952371377580e-07    6.483327769833293306e-11
2.900007419146270422e+02    9.975455170634398572e-01    -1.805481922281904333e-03    4.238416461848182966e-05    7.111736049787492284e-04    2.149400577889017482e-05    1.051290187723210111e-05    3.952786819380189199e-08    1.229653467205777395e-01
2.900000614178071032e+02    9.964670205362435862e-01    3.317527066243271955e-03    -2.869095315641012893e-04    1.460812161711711593e-04    2.397381205111836068e-05    1.110678152173921190e-05    -4.225529321136681986e-07    2.409929481328073970e-11
2.899998166883519275e+02    9.989521081204212338e-01    -4.278609318967005535e-04    -8.821445648283445532e-06    7.117150308468945087e-04    1.745240386034187520e-05    1.032014156899256306e-05    6.947958671646187793e-07    4.446768719345601389e-02
2.900006377666217077e+02    1.002961137422698323e+00    -1.288746624590507255e-03    -8.210034563073154460e-05    2.048706140303752196e-04    1.967912007242510227e-05    1.066529585213982478e-05    -1.387196482982282646e-07    5.734183524987767483e-02
2.900000129327172544e+02    9.980844967538853307e-01    8.895196951367955948e-03    1.970448477666928171e-04    3.068214585928813703e-04    1.851915437875171545e-05    1.036444920707070154e-05    -1.692903576643703191e-07    6.724050410280288555e-03
2.900000582183789675e+02    9.992339936627382402e-01    -5.542721207285454012e-03    4.356987419438975839e-04    7.652727286255508457e-04    1.887223557501685204e-05    1.072486830393207285e-05    -1.046229398733564287e-07    3.026600194579633432e-02
2.900001864286610953e+02    1.002663309440800843e+00    -2.071895954486129357e-02    1.952814762583040100e-04    9.222137723419081479e-25    2.297154209366325677e-05    1.098439205537214382e-05    -1.224398608283969607e-06    7.993975985011623892e-10
2.900006027931582935e+02    9.990280490944075664e-01    -2.941040546689694616e-03    3.035509170267688440e-04    1.439120879804073458e-03    1.850612438930793121e-05    1.077495864597312225e-05    -2.101723286926444997e-07    1.726630538420663996e-01
2.900002964819956901e+02    1.000729418169440166e+00    -8.083468421710386783e-04    2.837028924523500193e-04    6.465903144852604334e-18    2.059975851430647661e-05    1.109252184342376193e-05    -2.789199063256280410e-07    2.626512939205184201e-08
2.900001828583024803e+02    1.002424057027801352e+00    1.738918195504601544e-03    -2.101869614723509371e-04    1.093782903330283579e-03    2.135653187657265484e-05    1.088188929797923656e-05    -1.688178844490788951e-07    3.029111555002508938e-09
2.899998629683018407e+02    9.994407324376232138e-01    7.647496179926887780e-03    -5.874092900878963850e-05    1.714061684273937222e-03    2.069242147372246716e-05    1.034898283109275055e-05    2.149126961849068648e-08    3.645927643597713998e-11
