# f_r [MHz] A m phi D delta_r delta_ere delta_eim a
2.900005995568267281e+02    1.000246634796096989e+00    6.591401367838651236e-03    4.282501006954113202e-05    1.064057604964883290e-03    2.217865034479869470e-05    1.256040165016378134e-05    -6.579941659765357074e-07    1.038761877640818898e-01
2.900002263195390242e+02    9.982588017601441432e-01    3.456030645890690884e-03    -1.905878771177888105e-05    4.625588314793268360e-05    2.365023751966991962e-05    1.329257007744991954e-05    -1.420750866496982055e-06    1.660783720838072259e-10
2.900004227793973541e+02    1.001686723000197343e+00    2.967618973172527798e-03    -4.242426878018707776e-05    3.469716319263774565e-03    2.447354055588772125e-05    1.274145512164061106e-05    2.710239905478745908e-07    1.075094869945978915e-01
2.900000314907504162e+02    1.002551397825616863e+00    2.039728906603141718e-03    1.543137418153733408e-04    9.414402787467259903e-04    2.162162340352608887e-05    1.330702982936815220e-05    -2.313390861630605909e-07    7.044750906461606942e-12
2.900000848764584589e+02    9.983202503655739246e-01    1.140020918952575979e-03    3.995069294451380343e-04    7.428676181868817041e-04    2.285278731156061913e-05    1.328840841575150398e-05    3.483849391135663886e-07    4.619087227767290638e-02
2.900002343146584280e+02    1.000671169623794654e+00    -1.467169465280004394e-02    -5.554520982355408030e-04    4.094999193337778395e-20    2.210990772362387112e-05    1.236562511875591728e-05    -2.274016155646452057e-08    1.206085278082645368e-10
2.900005638868891538e+02    9.973631266084150848e-01    1.255195154243068413e-02    -1.126139436550364366e-04    2.031605055255875959e-03    2.055681508227254442e-05    1.318879136122796806e-05    -5.433522589160172065e-07    5.900617865679915613e-02
2.900002388365783759e+02    9.999434116072903889e-01    1.518074594673071427e-04    -1.580693417852015886e-04    2.190732862759159718e-04    2.158115286859806865e-05    1.318761198234124692e-05    -7.490393148192780488e-07    1.768713430069711323e-02
2.900001107038505097e+02    1.001593091766908028e+00    2.752358456855807413e-03    3.482271520453447374e-04    2.949927342223984944e-17    2.506452129194105673e-05    1.346495567875284986e-05    -2.203583177468921383e-07    2.849975975973613992e-09
2.900000616551683379e+02    1.000759893105675147e+00    2.902133848472341314e-03    2.680627844071646116e-04    6.971685894623370862e-04    2.267484359693868647e-05    1.296999493456717830e-05    -5.975029414425823097e-07    4.027783113404127726e-09
2.900007755876621331e+02    1.000629624307390664e+00    4.033598299374331966e-03    5.895448129356577064e-04    1.508689332368110216e-13    2.292710476039992550e-05    1.341033293016792849e-05    5.090479516309855482e-07    2.090240211477129018e-01
2.899995935423044671e+02    1.002192182016935496e+00    4.838797618213864365e-03    7.041656259548370676e-05    5.129611049890254321e-04    2.343733879490293877e-05    1.342087859725781553e-05    1.065888603347754762e-06    4.000020352404327955e-11
2.900002853122527426e+02    1.000432172326740643e+00    2.692770583832426561e-03    5.240923825905676077e-04    1.857456690003798407e-03    2.330619028304890361e-05    1.404277017626156617e-05    -1.025923230979812967e-06    1.526747038258043216e-16
2.899999979747370844e+02    1.000427780884526774e+00    5.376535129688037214e-03    -2.090377419037528939e-04    1.920673192134428938e-03    2.442219950956459103e-05    1.344320999039811683e-05    1.658312632345720094e-07    8.106707562950130872e-11
2.899996901364246469e+02    1.001724459492414399e+00    -1.477178087233355953e-03    2.647326426965511967e-04    8.272297218156326190e-04    2.361303477617158586e-05    1.334221698482330979e-05    7.330917763947274572e-07    1.052464165902907909e-11
2.900001127759120436e+02    9.993048351246915928e-01    -8.027191199022020579e-03    -6.561070618546876706e-04    3.248633864709012196e-03    2.364545534551151486e-05    1.375267073653023944e-05    7.523690631228710847e-09    1.210621554372531133e-02
2.900002400377562708e+02    9.993342889999260459e-01    8.652413030336302989e-04    -3.117697044051819053e-04    2.662913703387115088e-04    2.240175535857419985e-05    1.367960952412011319e-05    -2.231006283580236819e-07    5.096799933752643730e-02
2.900004496556364302e+02    1.002407029529365223e+00    3.320148521926391191e-03    -3.157806046554361692e-04    1.884250293070043351e-03    2.204307965799144457e-05    1.281650351577785510e-05    -8.143710537294973194e-08    6.468270888953650544e-02
2.900003791268686086e+02    1.000241321817243012e+00    -4.280682470474368728e-03    -2.586010227842067176e-04    2.464785298442214495e-21    2.556022178955427108e-05    1.404984598646763703e-05    -9.990056742521831829e-09    7.206650418495860744e-02
2.899998664943015001e+02    1.000923658196805288e+00    3.991293635361841947e-04    1.083773578441725568e-04    1.688476551649635213e-03    2.247622960754742848e-05    1.341223982650623384e-05    4.992707183815985143e-07    4.772358673818984031e-11
2.899996914176802534e+02    9.976385524438072805e-01    1.934793984803730073e-03    -1.655958306115218735e-05    2.682732806875358833e-28    2.251893041573993620e-05    1.277789709581845261e-05    4.592373301315798226e-07    4.683279077053047906e-11
2.900001164937598901e+02    1.000111654851372434e+00    -7.597855581029292101e-03    1.297152901327378002e-06    6.251612946001006621e-04    2.041564546474881905e-05    1.266412258797026808e-05    9.815876010399628522e-08    2.822985006722354695e-02
2.900001240872768449e+02    9.973534993487218614e-01    5.144139189519129386e-03    2.152306058598577368e-04    2.186679758544259617e-31    2.353250245958308999e-05    1.393027891790952442e-05    -2.551854819867150160e-08    1.287954792282744627e-02
2.900001466545907078e+02    1.000759454872992560e+00    2.924558518078778941e-03    -9.520635778017707662e-05    1.864344261505752139e-23    2.244575275898031807e-05    1.358769156386391129e-05    -5.194692776839911784e-07    3.145821647621809686e-02
2.899998658953729773e+02    9.983027294036356247e-01    5.300015555027992251e-03    -1.670429660982872570e-04    1.004021728642435065e-29    2.263988648908678983e-05    1.360970988198494776e-05    1.073955149662929114e-06    1.975188189976992068e-02
2.900000416300391635e+02    9.986556471588057260e-01    7.711926609398746767e-03    -2.480256278818734721e-04    1.106622351319191521e-23    2.391012336370732433e-05    1.338146955028348794e-05    -3.293634045321888873e-07    3.308419377488362608e-09
2.900005124022134169e+02    1.001494468267418059e+00    -6.976701832408484455e-04    -1.816832584350446607e-04    1.915057689202647998e-24    2.435628224377776611e-05    1.366906226007199189e-05    -1.552220263091812932e-07    6.250625555036737335e-02
2.899997310224144371e+02    1.003095914747182960e+00    -1.362784512224798081e-03    -2.038682216795694021e-04    3.083475726509873281e-25    2.215942314506763597e-05    1.309918846800563444e-05    -1.996753781043009779e-07    1.387562306043132101e-08
2.899999837006638472e+02    1.001468124103106705e+00    5.537883276546536060e-03    2.103284552705940067e-04    1.203969081531632295e-04    2.382174861388530632e-05    1.403163518507315706e-05    1.386812305767834796e-06    6.143855771220780443e-02
2.899996100393428833e+02    1.000638105008618162e+00    1.324869208791757888e-02    -4.042463504754409648e-04    5.880400790984529392e-23    2.421717760821409782e-05    1.344176406626704882e-05    7.518419174125846201e-07    9.656064839921216735e-10
2.900002979462681196e+02    1.001635110934746331e+00    -5.457845549258191244e-03    6.182728141234149151e-06    7.587995851183735040e-27    2.602366568849271358e-05    1.449222884815445769e-05    1.864090349871446138e-07    6.979143169685595898e-10
2.900003460481474349e+02    9.999384234762539458e-01    -1.759085325038618709e-04    -7.013718166856777476e-04    1.141175211324871796e-03    2.164036266854308115e-05    1.226126974935664077e-05    -1.202387890091271749e-07    4.060334924784611554e-02
2.900002926046580569e+02    9.997014045099098523e-01    1.597969779458207912e-03    3.674352969617148703e-04    7.825436636116442791e-05    2.000133922683749115e-05    1.253289407044100324e-05    2.629941416297749132e-07    1.387372688771763840e-01
2.900002311943007385e+02    1.000975383537753283e+00    4.868229122282294492e-03    1.974085266829726435e-04    1.390797515134505540e-21    2.350356120426715507e-05    1.317319351657363794e-05    -6.288993402438564062e-07    4.340405089184339905e-07
2.900003840397657200e+02    1.001440767101741125e+00    1.578394209797165208e-03    -8.513260053050742651e-05    1.346431593074090853e-03    2.149556920210078713e-05    1.219073198181795419e-05    -9.577141251392516067e-08    5.855579124553789844e-02
2.900002031295564962e+02    9.992069779489262116e-01    -1.037890050815929582e-02    5.253183204111088736e-04    3.828535346441282010e-03    2.083468199463939244e-05    1.295871211365173459e-05    -3.749122073531663893e-07    1.469046716333493270e-09
2.900009973890927313e+02    1.001340138066843410e+00    6.917613601008795222e-03    2.359157440965854887e-04    3.011681887220326172e-04    2.486810151483786991e-05    1.406885423418550180e-05    6.640807038906192614e-07    2.406615434394510644e-01
2.899998943738740422e+02    1.002078356592698727e+00    2.422180562734967905e-03    -1.976954264855744058e-04    9.408498407938036164e-04    2.367458836145860048e-05    1.430454408385542020e-05    -3.203121544535044237e-07    1.455709220926782073e-02
2.899998422395113380e+02    9.981782501383621442e-01    2.036010419664861446e-03    4.135696552970727596e-04    1.018431312845344791e-18    2.177463461841213052e-05    1.296807497708732036e-05    4.559862325807983543e-07    2.259882047419330170e-10
2.900006772733065077e+02    1.002992665697410191e+00    1.396854661730564170e-04    -1.957557007036307640e-04    9.315784628980500410e-04    2.446999304064666696e-05    1.394146393809112433e-05    -3.096115090347253852e-07    8.153120294447421812e-02
2.900007801761710766e+02    9.978221145830334926e-01    1.486618805961353700e-02    -4.669939399635976451e-04    1.706649894915196605e-03    2.338911036415545949e-05    1.226965162035840068e-05    -8.329939825604211270e-07    6.256794704621673753e-02
2.900001293970852885e+02    9.995220310875230219e-01    3.119045779740041609e-03    -2.115068204134044254e-04    6.300392241962460846e-04    2.392188449218540249e-05    1.310883593854486696e-05    -1.333939844506304199e-08    7.570591111315388977e-04
2.899999961397750212e+02    1.002796402575425905e+00    7.542425123860976334e-03    -2.716842218127352355e-04    2.305698475825481443e-22    2.267690985773543992e-05    1.337779596720453086e-05    6.553941097600366522e-07    1.061446369696729997e-09
2.900002214281603301e+02    1.004154864937420566e+00    1.047562616887099014e-02    9.694569322190694854e-05    5.531935087023434876e-04    2.631431870468028082e-05    1.403796061467646397e-05    -7.809785869515950636e-08    9.566938656526352498e-12
2.900000709719482757e+02    1.000895577385435775e+00    -1.737962638762148224e-03    2.813965163416028300e-04    1.568958778614067104e-05    2.319412678005049644e-05    1.324072369484874470e-05    7.798169704045309426e-07    2.862927802602214730e-02
2.900001728229501055e+02    1.001431712756148507e+00    1.098015840629382872e-02    1.669794499502632779e-07    1.998010661105272401e-21    2.478956008456665260e-05    1.351883023866726445e-05    6.632908755377252114e-07    5.558683937151773918e-02
2.900001573250311822e+02    9.995398642588805282e-01    9.214956549463094657e-03    -4.342416976905697922e-04    7.620661752510268436e-04    2.377045454687594955e-05    1.321726497292084007e-05    1.393295609944723390e-08    4.097053786598330548e-03
2.899999001689804459e+02    1.004165360511086069e+00    3.287918449435032293e-04    -8.501169935792870320e-04    2.803563992893431079e-19    2.224004399216132082e-05    1.264638841719116218e-05    4.109646326982651522e-07    3.096000917648936002e-09
2.899995402215861304e+02    1.000831840349003521e+00    -3.733024858353610129e-03    3.768508469456705230e-04    1.072088546170531448e-03    2.123350918029230845e-05    1.221394933235458057e-05    1.028448403035044617e-06    2.670792624064383808e-02
2.900003295025121588e+02    9.944991341052010769e-01    -8.737884341385141959e-03    1.105886377219686086e-04    8.200124589383472961e-23    2.303583765019476734e-05    1.334113185741034923e-05    -1.405532500417547091e-06    2.567205095258356939e-02
2.900001178472185188e+02    9.998007356044337213e-01    -4.615161007504540178e-04    2.855799910523185506e-04    8.495127906553046494e-04    2.328454129491066088e-05    1.340473829434777728e-05    2.779149437163754309e-07    3.441551634342852892e-12
2.900004857812599539e+02    1.001205736475124786e+00    8.284193932261298132e-03    -8.872189358480605604e-04    3.805305774133319466e-27    2.410267228080707405e-05    1.402190099903278809e-05    2.501816568142042326e-07    6.242310252567948026e-02
2.899998009894601978e+02    9.990826509628658592e-01    6.190189115670046913e-03    7.429300865755836876e-05    6.049505380272208492e-32    2.560667318819738803e-05    1.332190403697738720e-05    7.367269643025932611e-07    6.908415422323515063e-11
2.900001621312572979e+02    1.002005780663037138e+00    -5.103824706204953751e-03    3.889494808080819124e-04    9.867488557021289343e-25    2.415831811588712235e-05    1.445728216957934900e-05    -5.556478234457088097e-07    3.878785053216868978e-02
2.900001109965136834e+02    1.000770717383076658e+00    4.965509232730975635e-05    1.877991471522163854e-05    1.801251543978389555e-21    2.583821005496550284e-05    1.423263414172723959e-05    1.448277278947411985e-06    2.747527229853944167e-02
2.899999527795488348e+02    9.984557730810244003e-01    8.463817523722571602e-04    -4.757560855939739150e-05    9.811720506281670137e-04    2.535025455527082670e-05    1.380941828616707548e-05    5.403070985230587866e-08    4.140457403941329905e-09
2.900009202018372889e+02    1.003746593575492785e+00    9.357885019236551402e-03    -5.672249905957703309e-05    8.335206470866635740e-22    2.183832261964165772e-05    1.311688811317752383e-05    -3.785024021807160005e-07    1.616806415980040768e-01
2.900001590620057073e+02    9.997224862270349677e-01    1.069209547236100316e-02    1.863050573035252325e-04    5.617758727381100640e-27    2.556406259508601673e-05    1.401537248321497434e-05    6.865517829547436643e-08    5.404694479826257364e-02
2.900002278048602875e+02    1.003370474297806014e+00    9.626127987503804370e-03    1.421568231635959674e-05    5.101159822221483294e-25    2.452532090210624870e-05    1.412421252126018842e-05    2.487603787311669995e-07    4.213181126477997390e-02
2.899998220839648866e+02    1.001671330196894250e+00    -7.751047742908315219e-03    -1.751650299554311961e-04    4.532224116025147233e-32    2.385043125352605758e-05    1.398513605363031741e-05    3.335529615109767149e-07    1.518129046158682129e-09
2.900000934000407824e+02    1.001006789473365410e+00    1.025631834693655452e-02    1.792273696943714534e-04    1.029199740904383807e-03    2.289227566462624788e-05    1.272935545402713134e-05    -1.175989697715173790e-07    4.515088672973883086e-10
2.900003752473596705e+02    1.002089474502429800e+00    -1.446435393599565739e-03    -2.651508589338632919e-05    1.006722210500019259e-04    2.556790649278045433e-05    1.356900344252938502e-05    -7.672925911405916528e-07    1.840290351741510667e-11
2.899998024972425696e+02    1.000130047143715561e+00    1.238205025789147762e-02    3.776354072537932145e-04    6.492427668001866726e-33    2.221778333491628468e-05    1.321931838451689973e-05    8.574193834919878338e-08    3.732502806133132045e-11
2.900002554290173862e+02    9.986387108012815261e-01    6.176152629798304511e-03    1.397536657494647002e-04    1.114917877600139155e-19    2.215571524215742566e-05    1.294973921477910432e-05    -3.775567703778623871e-07    4.272991526267150346e-10
2.900003305032390699e+02    1.001761128606895701e+00    4.108916838776534991e-03    -2.279764910123866341e-04    6.849064525694554270e-04    2.298004900161958552e-05    1.306679986735201634e-05    -3.458308932757044901e-07    5.394217911695531331e-02
2.900012633433005931e+02    1.000802698651530820e+00    5.027578566786339645e-03    -1.626239490044955704e-04    1.008853729142331745e-24    2.373959737829080686e-05    1.397949912344768745e-05    8.262897305786175726e-07    2.260312451437462844e-01
2.900000116837805422e+02    1.000234694715750772e+00    2.008362788720630555e-03    -5.037186823728211213e-04    5.159009853036039149e-04    2.438142113168710183e-05    1.409464729422212459e-05    -2.576215929118848648e-07    2.091949053751086343e-09
2.900001708538198386e+02    9.993082404439911359e-01    7.491123389357538971e-03    1.157506203102257736e-04    6.091503012098204279e-15    2.495270279128415376e-05    1.358637579425756252e-05    1.363841993075480210e-07    3.050088191758429032e-02
2.900005345185197143e+02    9.976487897651584724e-01    3.468762745485013147e-04    1.995682182297777384e-04    1.409068611042910968e-14    2.182693671459052444e-05    1.379473010688011041e-05    -1.062467610490250199e-06    4.612181540570021998e-02
2.900001964349954733e+02    1.000857454260739132e+00    1.051657850425077867e-02    4.293654784135340148e-05    4.337971328135514817e-24    2.453435693278002347e-05    1.416017781190384223e-05    -1.060725469288918092e-06    4.848553544612313004e-09
2.900000540743915849e+02    1.002118808467603372e+00    -9.773829196742602615e-03    1.198903218036934804e-04    1.518525964034117704e-19    2.558520625422216349e-05    1.433041318307063504e-05    1.113220733252239871e-07    3.339431031161755464e-02
2.899995616681906654e+02    1.000156781319494703e+00    -4.436471535548598515e-03    4.121392386540204339e-04    4.680766944416299012e-04    2.175525117680922798e-05    1.263137563096021666e-05    1.272133933845700799e-06    6.813308115605182600e-13
2.900001543045085555e+02    1.001320078059996677e+00    2.868414345389380844e-03    2.344252628379008506e-04    4.982573780798847793e-04    2.283382493083245152e-05    1.340152806718642326e-05    -1.033797737472724538e-06    3.714568106772710154e-10
2.900006229009203480e+02    1.000832591937461880e+00    1.047600246057671944e-03    -2.499713815184760276e-04    1.615474688853689298e-27    2.256823668600564173e-05    1.344170234086421756e-05    -5.430542081238353172e-07    3.392313599466383056e-02
2.899998087290685476e+02    1.000049898997173115e+00    -4.409565584835704877e-03    4.064485165469335992e-04    9.377696376554871809e-28    2.428582474840183840e-05    1.319388083997946280e-05    4.682151053381923281e-07    2.293957643550179407e-09
2.900002251968340943e+02    1.000923672709884915e+00    -2.963700631135854184e-03    2.457858274321471714e-05    2.830727165661375247e-04    2.402290779015252574e-05    1.337312632567913028e-05    -5.972160963672058522e-07    1.969515511441699215e-02
2.900002754196829073e+02    9.997130813253133352e-01    9.847692904174233652e-03    -2.414341312213977135e-04    1.298978697315319276e-15    2.527040615902633036e-05    1.415974436252982665e-05    -1.615970383635750210e-06    2.942001877546170113e-08
2.900001093916438322e+02    1.001459488848212898e+00    2.469701644833263102e-03    -3.622010581921043305e-04    6.816286912943804600e-16    2.226703283332556854e-05    1.286918905875394601e-05    7.825156860269586398e-08    4.447362585401863633e-02
2.900004070079384633e+02    1.000597886137994719e+00    -2.118752090699403505e-03    3.202879390717039616e-04    9.582060434770551661e-24    2.382592130431171343e-05    1.347306132804099991e-05    -8.462355005128314070e-07    1.421931995980785755e-02
2.900008551416071327e+02    1.000173654379408195e+00    -3.481308317629178400e-03    -2.148768181078889768e-05    4.596032404593240013e-24    2.539552833269165922e-05    1.346299985116152335e-05    1.490038155516187911e-07    1.275194379678916690e-01
2.899999912608094519e+02    9.953402656314570551e-01    -1.453231071692996298e-02    1.883535291275186734e-04    3.881662073498311086e-04    2.249063022659958204e-05    1.338948899619758037e-05    7.981216207399442157e-08    1.109316423095854786e-13
2.900003674946288470e+02    1.001213815015721931e+00    3.647541764466547703e-04    -4.817646597134582639e-05    1.085998258115090639e-19    2.458062795201377735e-05    1.399437956118061377e-05    -1.101395739954639011e-06    1.069515997997747339e-02
2.899999949450900658e+02    9.982827861268732672e-01    8.944692322764978554e-03    9.479605844989107762e-05    1.152970910638716900e-03    2.001021413482534646e-05    1.239190329130471425e-05    2.693048513162395694e-07    8.416910373320698616e-11
2.899998884004218098e+02    9.979920253312533074e-01    8.281282443284580103e-03    3.442933622378151204e-04    2.727928620001993808e-20    2.568155993751745808e-05    1.416433234761554200e-05    3.803571959732684794e-07    4.710787441328269458e-10
2.900000504646558852e+02    9.999614575889996804e-01    -8.344477620520174624e-03    5.963165958071642942e-04    6.069879829563892818e-24    2.228872864041958060e-05    1.291335317154413011e-05    -4.903949137298868814e-07    1.714978930068631379e-10
2.900002354220321195e+02    1.000902463587877600e+00    4.306816727093449129e-05    -2.385655620841418620e-04    1.900556614809115612e-31    2.379512962066898378e-05    1.324119095229921583e-05    -6.342845810796455356e-07    4.070997686326894514e-12
2.899999899168855109e+02    9.991503235456844489e-01    -1.684993642380185411e-02    -1.990178344075856239e-04    4.231873550598578969e-32    2.514831830741128603e-05    1.528676564933890140e-05    1.072411841824513134e-07    1.391723249673621800e-02
2.900000660054785158e+02    1.000472745872127422e+00    -9.473533690675963598e-03    -1.444135007093960926e-04    1.850982430937475089e-03    2.108237950762944314e-05    1.325378439985424194e-05    -1.102812092384381704e-07    2.949102881821472066e-09
2.900001597013871333e+02    9.993136431620549542e-01    -2.771617969961152070e-04    -4.212773532956598835e-04    4.544149616904801425e-05    2.400567153002982682e-05    1.326218679746563785e-05    -5.144539749903579302e-07    1.108357625548046916e-13
2.900002007509253872e+02    9.999680691579357905e-01    -5.044122852153923656e-03    1.777679534304266371e-05    1.715846770260191033e-19    2.067278964685039102e-05    1.232535081844287697e-05    -7.280550665799583947e-07    1.385491063102017487e-08
2.900011148668116903e+02    9.987130394383166854e-01    -3.424899975877846326e-03    -4.912753620691669675e-04    1.967686142261757670e-03    2.360455299328707658e-05    1.340318835495020638e-05    -3.772386872331261882e-07    1.889141507449473290e-01
2.900000533288489351e+02    1.000688322073528091e+00    2.683878302962716548e-04    -4.104301985186190093e-05    2.495772693638632248e-27    2.158600798995397737e-05    1.328298960123220688e-05    -1.968966577669188433e-07    2.091386212727228566e-12
2.899998264900863205e+02    9.982263407091265250e-01    -4.755181775948187466e-03    5.737794573996242084e-05    1.101242219422729554e-19    2.302941950339722904e-05    1.304025686608153489e-05    -2.057697491674390758e-07    3.666542592787361052e-09
2.900003605003958569e+02    9.991577000459609392e-01    -6.263508701048156255e-03    -1.426242348595014708e-04    7.045538252664404867e-04    2.540865462546414142e-05    1.432332974397457720e-05    2.878554806614386581e-07    7.384472874066562442e-02
2.899997857668307688e+02    1.000270337921128183e+00    1.083973039191480801e-03    -7.181090920655691223e-04    6.545262933817919517e-04    2.305593866357303552e-05    1.354593855153765920e-05    1.285146501430165897e-06    1.301702578747038588e-10
2.900003203537000331e+02    1.002972074596253593e+00    -2.713709113743052650e-03    2.376259758818455910e-04    8.080700478463600459e-04    2.238168041837291838e-05    1.291075697976558144e-05    -1.680008892714795935e-06    2.776011361299172839e-13
2.900004598882101163e+02    1.003528869815452751e+00    -6.128446695860694654e-03    2.747903101556055882e-04    1.538205517776984582e-27    2.300996451463670000e-05    1.282222871626778800e-05    -2.762258986935293239e-07    3.509589508878628637e-12
2.900002255939929228e+02    1.000143847310640766e+00    -5.197753044998430598e-03    1.847866985292206477e-04    4.693593454758949383e-29    2.502358063152806082e-05    1.336933351335756645e-05    -2.246731337981607565e-07    4.130718433357019682e-09
2.900007079511461825e+02    9.963740421182404328e-01    -3.127905287232305050e-03    -5.497917472769950527e-04    2.476139399410588522e-17    2.068217349014096759e-05    1.277833166560851450e-05    -1.141615781905204387e-06    7.880669050699798395e-02
2.900001569559930772e+02    9.987363616919652243e-01    4.947387261664064687e-03    1.168831451107477711e-05    5.988512435597701878e-04    2.147706372568817295e-05    1.255995895765959229e-05    -2.357224016117863778e-07    1.651329328064828780e-09
2.900007386633457145e+02    1.002710157931790969e+00    -2.240529184104971070e-03    2.497458456783675589e-04    6.570020034232444066e-20    2.485077245799773417e-05    1.380107631750178766e-05    -1.610594206543207240e-07    1.179964775227193979e-01
