# f_r [MHz] A m phi D delta_r delta_ere delta_eim a
2.900012377943194224e+02    1.002605628173676156e+00    -4.712069078156585523e-03    -4.167821897899694748e-04    1.845287953086654781e-21    3.143718317319563004e-05    1.778935688561469739e-05    -1.379946940709212358e-06    1.631026761860701058e-01
2.899997356315002435e+02    1.002438708066243800e+00    2.672300027694260796e-03    -2.066765025953060965e-04    2.330426130222348755e-24    2.655321259069062098e-05    1.671731109431522482e-05    1.118159825563490881e-08    6.836653720650028706e-10
2.899997300863066130e+02    1.002563596628752718e+00    7.562170324016051839e-03    -2.923577497233099433e-04    3.453017505973210977e-27    2.788790500462335462e-05    1.666769039490679979e-05    6.520836761545420549e-07    6.417922238018938159e-12
2.900008142787018528e+02    9.982850025184243359e-01    -2.379683504356868828e-03    -1.581583114182767041e-04    3.957044833247025241e-24    2.664307467463207393e-05    1.745462979199656126e-05    -5.247585656276872848e-07    1.281141234283865726e-01
2.899997882528323316e+02    9.962689710881902361e-01    7.530491422407894521e-04    3.156442432281540098e-05    9.685258562253274024e-05    2.633730100830383207e-05    1.700023042631345336e-05    4.837278336026176515e-07    1.946530544244619477e-08
2.900000197877830601e+02    9.964498367255270050e-01    5.851284688934509266e-03    1.012739320681170822e-04    3.823450843843471925e-04    2.657859304054416456e-05    1.776028351164471916e-05    -5.628300500260011461e-07    5.763845780191292469e-10
2.900001566337995200e+02    1.000461559637981779e+00    -4.082101407227130795e-03    5.908973012095587642e-04    7.907310821548528285e-04    2.663725674397926602e-05    1.638371584762284952e-05    2.001129507048296321e-07    4.637566476237869103e-08
2.899998608643927582e+02    1.001923560878562602e+00    2.781189826570772648e-03    1.067637397670876016e-04    1.314377166571881921e-04    2.700271270154810406e-05    1.698618844054991718e-05    2.657962407680241263e-07    1.104390848018665017e-05
2.900000122298083625e+02    9.984325519690893103e-01    -3.476679277720102004e-03    -1.458196524874897054e-04    3.688557443890423564e-25    2.836193308668742255e-05    1.711200644639937149e-05    -2.967499767172159624e-07    4.719787632369096439e-11
2.900001445781259690e+02    9.988739792721732513e-01    1.494009258896351368e-02    2.093830140435038248e-04    5.780532478207088629e-04    2.727470944459884879e-05    1.765374174681363410e-05    -2.759580316877456968e-07    2.030383399647441169e-09
2.900007814261002750e+02    9.998512965019552556e-01    1.312240164231684783e-03    1.778597567009425665e-04    1.048697584656025198e-33    2.665961330733860373e-05    1.654997104047617389e-05    -5.182288888658148890e-07    6.878020381971312880e-02
2.900003583236991744e+02    1.000351126509902988e+00    3.310679538501168969e-03    -1.607303071280387005e-04    3.029338349944340621e-23    2.630703142966186588e-05    1.663318047546493708e-05    -1.186859661326261543e-06    2.418990742285021639e-10
2.900003549346740215e+02    1.000616000691370688e+00    7.152575354708873810e-03    -3.271975879884497502e-04    8.341538091805266418e-04    2.652840244968666152e-05    1.641625427899433135e-05    1.843161342562542049e-07    6.306245091518364321e-02
2.900001223196697424e+02    9.977944045133665396e-01    2.261549465712061214e-03    5.838838986195493165e-04    4.508924747273727472e-04    2.799646739781634045e-05    1.767094760232049966e-05    3.143723502821973676e-07    6.788719178550239181e-11
2.900008005457602280e+02    1.001985252514191460e+00    1.248364093265171178e-02    4.403059626932002155e-05    2.634530103446365877e-21    2.579221328553094647e-05    1.677047209831458041e-05    -1.145004904611764355e-07    1.432531705001707512e-01
2.900001876439720832e+02    9.997292243637835307e-01    5.787813262663456249e-03    2.839262276360352845e-04    8.874777673478765521e-04    2.604235258621324272e-05    1.658086880456508517e-05    5.396405396302553817e-07    5.977931158448053506e-02
2.900003263222269538e+02    1.001251776181621311e+00    -1.025490947248540105e-02    3.892543551387003592e-04    7.474294992590344790e-19    2.756512363402584267e-05    1.750264706330473458e-05    -1.477668910121211777e-07    6.264841003260376850e-02
2.900004366683064632e+02    9.970801146681178562e-01    3.305881599411147008e-04    -2.037090476726440144e-04    7.855388292756709323e-04    2.669355828238247495e-05    1.691860932344115947e-05    5.340601173662318009e-07    5.390136623044559233e-02
2.899997815746195897e+02    1.000043259467457535e+00    -7.323865165063711113e-04    5.260462964189845840e-04    5.802854476303756287e-04    2.814054657571080659e-05    1.666015476279166598e-05    1.225499577589345841e-07    8.558619575582430930e-11
2.900001445386097316e+02    1.000518741313537907e+00    2.782382858788459094e-03    -1.707503627500526827e-04    6.722244537922574805e-04    2.516909765758912370e-05    1.647999530893897170e-05    -2.295255534377304738e-08    4.748404546276169847e-15
2.900002314842746500e+02    9.999536267991091520e-01    2.251713354534127121e-03    1.174306469402810961e-04    6.796876726024404543e-22    2.492346027555596225e-05    1.581251600878244611e-05    -6.442889889920015667e-07    2.120306062004883060e-10
2.900002957863741813e+02    9.980191312173227747e-01    -4.251813509345340981e-04    -2.497558587043709525e-04    4.446245864592330069e-18    2.599772386604019012e-05    1.582147122795775706e-05    -5.433936321148715812e-07    2.053969668145246485e-08
2.899999761168630812e+02    9.996230548162050589e-01    8.678115169099626797e-03    -8.722578707981522078e-04    1.429992074341848181e-19    2.578570357067392431e-05    1.661692032508192929e-05    -2.991463010030758851e-08    1.225176595274320566e-08
2.900012290767296577e+02    9.988154713606149926e-01    1.120866724823194613e-03    -3.336324460317399102e-04    3.559352998160637478e-16    2.887667404659249710e-05    1.754315754658509983e-05    -5.734003783324024968e-07    1.614789575676535416e-01
2.900000008898694546e+02    1.001513982532135305e+00    -1.736050941955023449e-02    -1.646275042088536319e-04    5.380540135600472319e-04    2.682455524927501082e-05    1.656839221338383559e-05    -9.683232905556936369e-08    6.601304492798716166e-16
2.900000561848505072e+02    1.001050670627360084e+00    5.335478320572300745e-03    -2.645535229877940217e-04    4.030915435637411904e-19    2.583112244272867597e-05    1.676467540491396031e-05    -3.637599346969155165e-07    6.691187275922445235e-10
2.900003726952384682e+02    1.002648179950304419e+00    2.626563074333469229e-03    -3.004715457841861462e-04    1.240587252632694521e-03    2.839778113417015345e-05    1.731782254080034412e-05    -9.354048469056171088e-07    1.185706229866888432e-12
2.900000949650131474e+02    1.000523766554051619e+00    -2.751160213816751954e-03    -2.633686418102947329e-04    3.287101650367799949e-22    2.565358836987009422e-05    1.748128245891893961e-05    -1.582575195738001980e-07    2.421973485628289353e-10
2.900004935406530535e+02    1.002876495217709385e+00    -8.901000425051716972e-03    -3.767246808434737693e-04    1.060161623943225865e-03    2.675929801669890316e-05    1.687552249281966732e-05    6.020142194554563460e-08    4.574515956325062027e-02
2.900009110720501440e+02    9.994593029199889678e-01    6.784037180771069694e-03    4.919796389989386422e-04    2.478087366873981626e-03    2.541301317445521856e-05    1.675845485801639949e-05    -1.207223517257319642e-06    1.055160217141223600e-01
2.900003990022224230e+02    9.973623773889499500e-01    1.538442358202560386e-03    2.226882112924458265e-04    5.526101404426118956e-04    2.661024600036811098e-05    1.668982417222591457e-05    -7.637789066365057962e-07    7.035177760844924927e-16
2.900001262179201831e+02    1.002540598418760309e+00    8.856296898525689229e-03    -4.396208940983497150e-04    2.456359597274226578e-03    2.812572755209477189e-05    1.673051469334770617e-05    7.720177276548282415e-08    1.986162837495202699e-02
2.899997365518165680e+02    1.000222746851870737e+00    1.327713743612002513e-02    -1.723590638300961778e-04    7.738343663640017873e-32    2.596795045482021871e-05    1.670730478557574269e-05    1.564185080899338793e-06    1.237157056960383125e-02
2.900000271302537840e+02    9.997658780880824825e-01    -5.595836359772694141e-03    -7.788169148739517073e-06    1.752110997711051011e-03    2.725720911138577291e-05    1.718889675191507388e-05    -8.130073631412550677e-08    1.154522269908848930e-02
2.900007089521145645e+02    9.981906337757392444e-01    1.449640163116791862e-03    4.586447475401923672e-04    1.339800282588277580e-03    2.804009114898056083e-05    1.814294213421493220e-05    -1.130558652264076035e-06    3.934580939274875261e-02
2.900001660596068405e+02    1.002285959868156828e+00    1.397317078965653811e-03    -5.764201752650492325e-04    4.856189513905249768e-23    2.628515055856080012e-05    1.656041546402550169e-05    -2.071552254926271359e-07    2.990265122826905181e-02
2.900005671429868812e+02    9.966790057155936466e-01    -9.615276424402064565e-03    -5.183182476724363251e-06    2.267789547144969612e-03    2.623260781110985578e-05    1.614885783645806232e-05    -1.131493881950663642e-06    2.718089623734697494e-02
2.900002524547717826e+02    1.000181576854874521e+00    1.263530108467671382e-03    3.467513823592142377e-05    6.802757770378970673e-04    2.510669549635770992e-05    1.677717530781235326e-05    -5.999464630941180160e-07    1.658544635389657199e-02
2.900002059234436160e+02    9.999968766106477336e-01    7.654408912998894067e-03    -3.231250280766827503e-04    5.161524271490030043e-28    3.094742261730930565e-05    1.871670444813274269e-05    1.523244839712449157e-07    4.868508346592562153e-02
2.899996837728587025e+02    9.997007998070489565e-01    -1.249429603390021792e-02    -2.845217133134313005e-05    1.343626006278953433e-25    3.064074364702519586e-05    1.796684398164205421e-05    1.092256081932185738e-06    9.452433560871991403e-11
2.900004489438512110e+02    1.001554443828106544e+00    3.230487836103635422e-04    1.096659565835075563e-04    2.371190145255235327e-22    2.708217217769238745e-05    1.666936470389093338e-05    -1.070576905469508183e-06    1.241889327847638423e-08
2.899999183283475190e+02    9.995838140510174830e-01    -5.711810144417441872e-03    -2.842803484521008684e-04    1.616856766951682702e-21    2.638049736970850682e-05    1.685558291705558463e-05    -2.385150547046953596e-07    2.468379466845320794e-02
2.900008497045546960e+02    1.001614028582295202e+00    -7.715247990917405152e-03    -9.007520421405824508e-06    2.666725572311782773e-19    2.922141889721630226e-05    1.758133081870589132e-05    -8.127030798075417469e-07    5.118172889139271237e-02
2.900003078429612060e+02    1.002417599096066869e+00    -1.025105548965183494e-02    -2.081912396637319071e-04    6.378753199969178396e-04    2.738760406084348733e-05    1.705655627893072266e-05    -6.046634278553758048e-07    1.311847620994070589e-02
2.900008601733687215e+02    1.000313521110693049e+00    -7.120671495294414661e-05    -1.929667909171016774e-04    1.406541832722640493e-03    2.789253703704739040e-05    1.756204843351784247e-05    -2.147623957569948582e-07    1.163680740151437076e-01
2.900001629899388149e+02    9.997079420002090711e-01    7.093775725150104107e-04    2.019335390253270649e-04    2.140422372822736990e-03    2.746826900488482320e-05    1.759135515026103181e-05    -3.019948428667820577e-07    2.453923164653089642e-02
2.900013374798922996e+02    9.977264366564406739e-01    6.689542765306488899e-03    6.709444067612584431e-05    2.587084871938484867e-03    2.692029123072576000e-05    1.697377249280275914e-05    -1.137650101631152276e-06    1.549397752485824620e-01
2.900000806673047009e+02    1.001215479035030276e+00    -2.457616007944818989e-03    -2.504650279434710589e-04    3.826831426415506251e-04    2.664732264340088534e-05    1.651031577226419144e-05    -3.411466351682951005e-07    1.566562994021277231e-09
2.900001387584496229e+02    9.959882872736017800e-01    -7.381623265415672213e-04    -9.078827040541133148e-05    1.008932106850786610e-03    2.549726105759998933e-05    1.643700355874321033e-05    -6.675389483851925765e-07    2.315299515403961581e-09
2.900001830570996049e+02    9.972633706608750037e-01    4.427520370878977596e-03    -1.281729244977852572e-04    3.785973908269632867e-17    2.681242254224274859e-05    1.758195875824764202e-05    4.521341151925203824e-07    5.697534900364156080e-02
2.899999394144388134e+02    1.000929236666945110e+00    2.888590797126318419e-03    -1.357472579479406492e-04    6.394757430500408057e-32    2.648858271167955211e-05    1.676837868001221590e-05    2.734229137370687425e-08    1.657458231016133022e-09
2.900001386644023569e+02    1.000272444672898553e+00    -8.927507129260018812e-03    -1.015149393889762923e-04    1.779185202819665978e-03    2.475969869460204053e-05    1.522651760679306885e-05    -5.798389558273582815e-07    4.460704255760950891e-09
2.899996003847956558e+02    9.984995728497852996e-01    -6.345712974757050998e-03    3.455106885802770433e-04    1.015999120105090655e-03    2.519747728117591160e-05    1.559254876886298182e-05    9.647936718114305388e-07    5.023642419295384041e-04
2.899999265532117647e+02    1.000019623240876676e+00    4.306120158370669096e-03    -3.884420706794136890e-05    2.008307049394598343e-27    2.974703500807346476e-05    1.805815697613845342e-05    -3.200413129970866806e-07    1.518653126861068889e-02
2.900005640547757366e+02    9.994536572943192310e-01    -7.396569429389487915e-03    -8.015744856017157326e-04    4.144831595490626038e-25    2.912755492992245943e-05    1.706815967516421413e-05    -1.597060956208679228e-06    6.223712374933341381e-12
2.900001898565604392e+02    9.980822730974088230e-01    -4.081924688853766359e-03    3.995906303810452975e-05    5.482559391044453459e-04    2.626772698910182993e-05    1.591423502640283683e-05    -6.787332066435027089e-07    7.092450461835965657e-11
2.899997761239041552e+02    9.987432952101045203e-01    6.373713678836637545e-03    -5.695857852685829494e-05    1.515802838164826864e-22    2.982544903858617066e-05    1.787774422209367556e-05    8.689175521076428413e-07    1.207287020992978044e-10
2.899996866874204215e+02    1.000471461872628920e+00    -9.129943394577554397e-03    3.483849883183118778e-04    1.533629464161074858e-22    2.543455594256671589e-05    1.680707248524403063e-05    9.717066099539775188e-07    1.249427812443854518e-11
2.899998814627026604e+02    1.001996877747860060e+00    -1.171231703621791265e-03    1.166833625741683147e-04    1.146591891714525543e-03    2.851184149157325599e-05    1.782465835060312271e-05    2.487269699806854962e-08    3.730416435868597616e-16
2.900010078804543809e+02    9.988251677251825944e-01    5.097922096350636194e-03    -7.294296592557694399e-05    6.569426863580987057e-04    2.700694868464486114e-05    1.687305304536115971e-05    -1.870042397873618765e-07    1.413115526213541140e-01
2.900000999909452162e+02    1.000021619457195143e+00    -4.858829147252337333e-03    -2.096396748711790582e-04    4.266814251173299721e-33    2.689460774080774892e-05    1.651053344530905334e-05    4.237972291006975829e-07    7.153845249531823325e-02
2.900003583783936847e+02    9.990539968106364466e-01    -8.728143533648878832e-04    -4.773857505052206711e-04    1.363464441376074928e-22    2.768277473234191557e-05    1.805903421101012112e-05    -5.358446738246981409e-07    9.024044038856646555e-10
2.900000572623929997e+02    1.000013227023699436e+00    1.326258822128298734e-04    2.235175673124063973e-04    1.553242956344870951e-03    2.921650844948688912e-05    1.728194247822931618e-05    1.539303925929837469e-08    2.392641212003937610e-09
2.900007083955845815e+02    9.993122078054487156e-01    -3.426164724114499037e-03    1.519638402778176447e-04    5.569306144652580491e-04    2.759936602092558547e-05    1.693239063306904005e-05    -6.287492206455586878e-07    1.072044019258164699e-01
2.900000904850676875e+02    9.993797885586837015e-01    5.471953759203538681e-04    2.441693657650700596e-04    1.011872986623662575e-03    2.896362842022044302e-05    1.812114904617653210e-05    -1.386810357178248912e-07    1.101162420084583586e-02
2.900003235316593759e+02    1.003188770305803557e+00    8.027556591466053146e-03    4.212241395602751788e-05    2.642692608222038758e-33    2.687468140947969441e-05    1.758881836602624275e-05    -2.866354421133061819e-07    1.117289785871152484e-02
2.900005051662391224e+02    1.000920691312648936e+00    -5.093930094341004612e-03    -2.377159002079477323e-04    8.435196272990835221e-27    2.636400184167207207e-05    1.763216400675490331e-05    -1.494122759604023579e-07    5.591619085335299694e-02
2.900002474451695207e+02    1.000061530568387314e+00    -7.165564832324439540e-03    -2.124420175389390476e-04    8.625423909293686418e-19    2.826633601080827174e-05    1.786267800636960043e-05    -7.731718480021931943e-07    1.466737461700554817e-09
2.899998328979863231e+02    9.983935115379882763e-01    4.716197287733201945e-03    -5.081230514254620606e-04    2.149524314062271015e-19    2.777010658943795962e-05    1.731936261044132559e-05    3.291239137279479284e-07    1.478405030753299790e-09
2.900001320813485108e+02    1.000760755126303803e+00    1.584282216095070014e-03    -2.614275010512352813e-04    2.485652931607325224e-04    2.651312857694668870e-05    1.681808075058039017e-05    5.256615155346268409e-08    7.233582411296081427e-02
2.900008234961525773e+02    1.002237883638820160e+00    -1.196713646216471033e-03    -8.944481782937897243e-05    3.969872239603428510e-04    2.542551818426674743e-05    1.673080445236456597e-05    6.341409821878454392e-07    1.769355994871076310e-01
2.899999142565926604e+02    1.000894352658737274e+00    -5.090836480389303483e-03    4.912941537246604044e-05    1.040023721142314646e-03    2.812319592870462129e-05    1.709091811947251511e-05    3.954173989512803766e-07    8.134951573317023704e-10
2.900008075918353256e+02    9.994645205740949612e-01    -2.035926479462485308e-03    -5.231398873567385914e-04    4.549835102764866315e-25    2.547077046035942671e-05    1.704727885502047986e-05    2.333444224939234640e-07    1.623443949469099423e-01
2.900005968159811687e+02    9.977901894685633488e-01    -4.235059385412283904e-03    -1.151555898288176552e-04    3.489852006862206868e-04    2.613147572076955446e-05    1.608002787447407957e-05    1.101912840176215653e-06    1.351894998094967104e-01
2.900003657924251002e+02    9.960614363036286445e-01    -8.826027548233370337e-03    2.675591223723290169e-04    6.426303411967864733e-04    2.881469094934040529e-05    1.727792856263154125e-05    -5.561733945227323146e-07    1.688757541675135938e-14
2.900001377932250648e+02    1.002152484637291785e+00    -2.463279860051821937e-03    -2.415802910747843937e-04    1.881501847030738351e-03    2.729052181495271936e-05    1.663391819392321205e-05    2.268113284914306263e-07    6.959031892836078118e-11
2.900004776641015383e+02    9.995050769500458676e-01    -3.667037722633447166e-03    -4.625936083545930272e-05    2.756885615297147058e-18    2.916912062961302669e-05    1.764362005186547364e-05    -9.673762298253740002e-07    5.243684314698186322e-10
2.900005385079327880e+02    9.984830498760808304e-01    -5.108739436816038364e-03    4.404930283421136213e-04    2.485310244831188866e-03    2.679955485732733595e-05    1.638825928786441627e-05    -6.257922839683870040e-07    5.373227402931317342e-02
2.900001079846511516e+02    1.002800575150535334e+00    -7.911015884540755286e-03    3.969462490719657607e-04    3.467675744490125839e-21    2.664853034017097895e-05    1.684516106165483967e-05    -4.295657709418895823e-07    8.430293246427170416e-10
2.899998841653895738e+02    9.998416420362212786e-01    7.459482361568144267e-03    -7.237837335708445638e-05    9.466345019810567453e-19    2.743769108634120770e-05    1.757882713587093453e-05    5.845018959983774770e-07    3.915810209801334763e-02
2.899999106014892618e+02    1.000936006753575302e+00    1.911089612057913180e-03    -1.484622366298802437e-04    1.078865337675333472e-25    2.914158480696063696e-05    1.783992840043980806e-05    1.025258537019445968e-06    2.597369017389540222e-02
2.899996018173238213e+02    1.000766428439753941e+00    -7.435174393032791332e-03    2.120686298246016416e-04    5.747835156666282033e-23    2.621824934957536592e-05    1.688372951472918095e-05    1.003765358552414497e-06    1.137110116342034174e-10
2.900011934728696019e+02    1.003759218669865394e+00    -6.762799683465970345e-03    2.037408187268422604e-04    1.048398912505662313e-04    2.700426115055985728e-05    1.759561851822250304e-05    -2.770764806795615963e-07    1.570867465387480455e-01
2.900005957229586784e+02    9.988271626496898481e-01    1.874106959324210080e-04    -5.254495196895778196e-04    1.775110641469891312e-25    2.553907777197952746e-05    1.654724699279782620e-05    -8.791553502944631813e-07    7.542249477311599448e-02
2.900004683787093995e+02    9.974451125859477019e-01    1.948908094151824205e-03    -3.818364259436716991e-04    4.595556750612647901e-31    2.517779324557595837e-05    1.591260353914516720e-05    -2.336970821331838983e-07    1.292711561786258582e-10
2.899999155104376314e+02    1.002679809073526718e+00    4.458563611188326101e-03    -2.002160853762206827e-04    1.069373743762145428e-24    2.723913554611737822e-05    1.777318449943624752e-05    1.640472474016065991e-07    4.631140690459663199e-09
2.899999741105344810e+02    9.995278926608534009e-01    -1.518733832156923856e-03    1.726224510616322538e-05    1.610018209431399259e-03    2.634532286070315795e-05    1.728563460044492129e-05    2.795610063986210566e-07    6.777235190907358008e-03
2.900001713163017030e+02    9.983559830527929391e-01    -1.601508326025064682e-02    -9.075374669903448941e-05    1.414912036226018436e-04    2.711357917801473114e-05    1.674989382797920998e-05    5.215403496065975024e-07    5.650750736714352934e-02
2.900004082112540686e+02    9.978159315431716081e-01    1.689270288538281687e-03    7.534901888684109256e-05    2.260401151838346029e-24    2.804405433991063770e-05    1.721419330213621468e-05    -8.711025521692028295e-08    3.471437311244403995e-02
2.900003776706553822e+02    1.000645067809087685e+00    -6.908349149172016146e-03    -2.179444279830458257e-05    3.106962776098992988e-16    3.019653373977894691e-05    1.710631382065585143e-05    4.399983726679072302e-07    4.937981134344596873e-02
2.900006475703078763e+02    1.000867178132467394e+00    3.924802619307258926e-03    -2.976469394139219125e-04    5.271908286087527646e-04    2.620001384844271715e-05    1.653853552611911956e-05    -4.569028393768950359e-07    7.902680911366312400e-02
2.900000890202662163e+02    9.980483969134948952e-01    9.915063682582102387e-04    2.241460781582119632e-04    1.425896850709649924e-03    2.505397659228267434e-05    1.663470715853153782e-05    -4.712421144543077842e-07    1.950975005870657017e-10
2.899996031063003556e+02    9.998814018517712121e-01    5.188514931621534447e-04    -4.368159950646869640e-04    9.697925045458423931e-22    2.725811023001788511e-05    1.763881356111522100e-05    1.373768456679605036e-06    5.946341464487495616e-12
2.899998999893765586e+02    9.962902424293832437e-01    -4.377470326994280236e-03    -1.072089039613581811e-04    2.707641052156541106e-24    2.650128762639821948e-05    1.692505277675797142e-05    5.537946703556296789e-07    7.997500742528399278e-03
2.900000612873461137e+02    9.996986378705363663e-01    -1.141908820053271975e-02    2.849236463223431075e-04    1.376729368470280910e-03    2.801723532588778386e-05    1.742219458442682210e-05    -6.417239403711093577e-08    2.454788131749492891e-10
2.900002119549916983e+02    1.000025250318315129e+00    5.388366519046521161e-04    1.032423690386067195e-04    4.081850731075471793e-04    2.705123384685933911e-05    1.732109928701504724e-05    1.425366924844392610e-07    1.205238926226113625e-09
2.900001983359232440e+02    1.001056109633843283e+00    -7.460259573888337360e-03    -1.558024538485872892e-04    4.269567253972079705e-20    2.521544523655875396e-05    1.628641690021402356e-05    -4.917477401818398158e-07    2.050717235132221150e-02
2.900002509692006356e+02    9.998214713763549089e-01    1.918199003662064781e-03    -2.119653896687936998e-04    5.971688120826049263e-23    2.667262998498020658e-05    1.775400216832727829e-05    -6.928255549492001651e-07    4.600511591223176083e-10
2.900000662095180815e+02    1.000363445112327554e+00    -1.415271933912138659e-03    2.876496284020200865e-05    8.820419686341478674e-24    2.627579835682778203e-05    1.737512967780093304e-05    1.326897927688053970e-07    2.945845121057934527e-10
2.899998761126096838e+02    1.000024483909077500e+00    3.094339883357405657e-03    -1.683662813867270772e-04    8.192331952840244331e-05    2.494460325083337087e-05    1.661743377070973380e-05    -1.464731401448999368e-08    2.536536314964542939e-15
2.899998202101978109e+02    9.981980657973067439e-01    8.995176995264768730e-03    2.760605169704337430e-05    1.367986516630127639e-04    2.840339444806303112e-05    1.799337411597302209e-05    -4.060550162950318430e-07    3.011239050661060145e-12
