# f_r [MHz] A m phi D delta_r delta_ere delta_eim a
2.899998476826028764e+02    1.001365316145172102e+00    -4.993465064254816628e-03    -1.800859041929412448e-04    1.095553607250111057e-25    2.313292649663390043e-05    1.286992063705453666e-05    4.326629184037000268e-08    1.924425081113904310e-09
2.899998531942918589e+02    1.000956805772948544e+00    -7.557486376520138396e-03    4.689888226034100204e-04    6.464493602719856319e-20    2.033857484009021893e-05    1.159327464245535618e-05    1.181184028290131753e-06    3.521709431517209415e-02
2.900002022346243393e+02    9.990486964117565316e-01    7.666003045362319163e-03    -6.221038887117100614e-04    1.250794481411465330e-03    1.967024357082897549e-05    1.167038810967734267e-05    -2.025300367386132587e-07    4.058858539300753511e-12
2.900000250457498510e+02    1.001288128696921076e+00    1.209533713871550724e-02    -2.193114938613524763e-04    2.149817284724712926e-23    2.237934427767664610e-05    1.229378160325944387e-05    -4.769526325859510931e-07    1.694850484756174960e-02
2.900007092355509712e+02    9.975834793334388273e-01    -4.107692863329860319e-03    7.434122403394829244e-05    1.168721140873668369e-03    2.271559977746522032e-05    1.262237212051630653e-05    -3.861178135250197406e-07    1.352883170600349405e-01
2.900001586565496723e+02    9.994765011115480657e-01    6.209511224593487061e-03    8.109185164304182764e-05    1.818065001324990232e-23    2.462278813644642799e-05    1.260391956721094262e-05    2.035073835276946540e-07    4.694581564707019095e-02
2.900004432098232883e+02    9.969949909977920965e-01    1.446164352987185271e-03    4.530190004256878398e-04    7.517326901410184082e-04    2.138344050131245390e-05    1.205872864261638903e-05    3.035498748793652615e-07    1.371881976934161695e-01
2.900006847325440162e+02    1.002525388278516338e+00    3.399025302363085487e-03    -4.939520480152252626e-05    5.080760987711995948e-32    2.367839708807902116e-05    1.266768864500402855e-05    -3.523127406962656846e-07    4.391212115405086769e-02
2.900001457135176111e+02    1.000304691152392067e+00    3.418827594246444737e-03    -7.291592875085362415e-05    8.028998930630628847e-04    2.290996847383314279e-05    1.246269643038856968e-05    -1.248577779705771004e-07    5.004875230380210506e-09
2.899998809505053146e+02    1.000066733086194759e+00    9.873032767608824062e-03    2.485940965698437951e-04    5.406322039951282814e-04    2.179555553904231684e-05    1.209740967304858352e-05    3.773918658146364338e-07    5.065858017379906432e-13
2.900002207534455465e+02    1.000772374584142144e+00    2.811714855513512343e-03    7.770303538390409726e-05    9.661786914356886791e-16    2.029496873548590157e-05    1.229913564972272551e-05    -1.029498852015794959e-06    8.073448479021489923e-09
2.900004196527585805e+02    1.002210673864755153e+00    -8.126087499044578819e-03    -3.881492427396928888e-05    5.013218307847038284e-04    1.964614498736312690e-05    1.095141360886076261e-05    -6.489576590019525041e-07    6.398626322893338943e-03
2.899998180049063308e+02    9.972794459753419050e-01    6.008608950096798462e-03    3.412635563113257972e-04    2.728092285671937764e-26    2.241484539163556705e-05    1.184344247799738448e-05    6.629109064608602529e-07    3.820989675799709485e-11
2.900007451050122995e+02    9.983437173758872296e-01    5.416937637140323281e-03    3.655912235512553645e-05    1.165698225020327677e-18    2.218366272145364340e-05    1.236620840814898238e-05    -3.856200374927901202e-07    1.035631546642409306e-01
2.900007490304083149e+02    1.003118663514669384e+00    5.141657466232674644e-04    -3.501551021890148430e-04    1.152490093722027690e-03    2.330447966914983427e-05    1.272336809820554538e-05    -6.750184740048192886e-07    8.777167144685223132e-02
2.900003461486701895e+02    1.003490350319698132e+00    1.070269736658243688e-02    2.413313361584235094e-04    2.233710930499066875e-04    2.082042423203792037e-05    1.169799703162658456e-05    -1.059166585850753937e-07    1.358382442569266817e-02
2.900001527784385189e+02    9.999675452566623157e-01    5.472952262039051594e-03    1.055592824223071900e-04    7.059672879985831508e-04    2.582511950496352274e-05    1.223255196130569430e-05    -3.461144214213866788e-07    1.290440251536109986e-11
2.900001798089890030e+02    1.000500337534032225e+00    -5.475557405686491165e-03    9.255709975160488639e-05    1.089265839819577342e-23    2.352337800817815285e-05    1.239515947124588305e-05    -5.024189077522612108e-07    5.142521840235737446e-10
2.900000715706891015e+02    1.000723666427740577e+00    -4.596716347166619060e-03    2.939232587603757274e-04    1.619597365446125504e-16    2.113925871692220283e-05    1.178741409866787796e-05    -3.605443108411630505e-07    6.164901763369055415e-09
2.900001404399822036e+02    9.979929372588532965e-01    -5.615845408266694275e-03    1.818848325515227537e-04    3.285322157225494857e-20    2.023515743067658343e-05    1.154103522149887772e-05    -1.692410582169748730e-07    3.826760602948096428e-12
2.899996620435538262e+02    9.983793717625149000e-01    2.940869059066159117e-03    -5.789082549702982596e-05    4.092869336250092966e-24    2.233238724077083400e-05    1.166181435438253455e-05    4.555816619034815495e-07    1.697513106710560642e-10
2.900009753929965655e+02    1.005399962373441092e+00    1.029690982796002121e-03    -2.145121089888297973e-04    8.203479558036424505e-21    2.294005505686497182e-05    1.221690688755821840e-05    -5.451847629177243894e-07    1.533578949161880089e-01
2.899996130970474724e+02    9.996762012656986718e-01    1.033348406612389671e-02    -9.559931093467456065e-06    8.383909073522148335e-18    2.396662723495387399e-05    1.197277677915458912e-05    5.092298250167575029e-07    7.233281997864140128e-09
2.900001956604962743e+02    9.968542743433070896e-01    -1.648811290704771263e-03    1.459866608951814306e-04    7.831969111433891466e-22    1.972229375069804708e-05    1.046390025955438992e-05    -3.255644367425739287e-08    5.637108382920125865e-02
2.899999221764887807e+02    1.003330960148677953e+00    -6.761941704320113995e-03    -1.191427988221984037e-04    1.724831939137646359e-03    2.473504499664180162e-05    1.243465032634887354e-05    4.292222560370088340e-08    2.186626901324753916e-02
2.899999805361570679e+02    9.975313442223703309e-01    -1.098297387519207163e-02    3.211704032861631614e-04    1.369216661393954548e-25    2.199400179686204998e-05    1.118317514231308346e-05    -1.141655312744673524e-07    1.473999488525537819e-10
2.900009717286450268e+02    9.992076779285318233e-01    -2.728500522779563585e-03    3.150545671436231847e-04    9.806571083612749563e-19    2.066291427193701726e-05    1.207814014286996018e-05    1.171847717439404831e-06    2.660205703783546927e-01
2.900000109699054747e+02    1.001158670133156292e+00    1.056661492294990075e-02    -2.865306918982578267e-04    6.304693674985385830e-04    1.948511849985843855e-05    1.127220772668911945e-05    2.430276932889774881e-07    8.310199039972947441e-13
2.899999746441461639e+02    1.003032984537483463e+00    4.254243114091488427e-03    -5.676028392499703592e-04    5.050459245771875962e-37    2.057560060453397725e-05    1.155251813827499039e-05    1.706277476161065862e-07    1.343383069310996635e-07
2.900002816495994011e+02    9.998608977897186501e-01    -2.820886002859671580e-03    -7.243365209131053060e-04    6.841131200142391887e-04    2.044293037165813753e-05    1.138092245307913806e-05    -3.635313189262877985e-07    4.373421285514771800e-02
2.900000608296121527e+02    9.983127035261419868e-01    -9.701880025133104981e-04    -4.648324045811609426e-05    1.509149734261964863e-04    1.853761678146030224e-05    1.027459295639694349e-05    8.137778175595791288e-07    5.978475379637172437e-13
2.900005050722638771e+02    1.000877149139153044e+00    -5.354893587155277850e-03    -4.260992875730876717e-04    8.729711104039820186e-04    2.438071541951029872e-05    1.270920988792665254e-05    -1.113709467144748782e-06    1.439027445099583550e-03
2.900003192460677610e+02    9.997289205081987262e-01    -5.173102096657542816e-03    -4.600271509823991822e-05    4.326075699750812513e-22    2.139306919990651326e-05    1.193323766887691818e-05    1.062688888839419721e-07    4.187516663927936394e-02
2.900008367839003540e+02    1.001459940578362406e+00    -4.722791952165984026e-04    -3.229509449049902062e-04    5.103995204100912446e-04    2.265121723409108454e-05    1.188195599606498008e-05    6.369028920185818921e-07    1.954132480406774175e-01
2.900005982384378171e+02    9.996052240088567631e-01    -5.939538143567173190e-03    -3.559809633389675061e-04    1.331780926618145754e-21    2.417406306656192758e-05    1.236900558305342671e-05    -3.318481953713050061e-07    4.113515878031617778e-02
2.899997895232868359e+02    1.000828417153994288e+00    1.215977151679973126e-02    1.028178324102327584e-04    5.712583234155996920e-04    2.183387111612819178e-05    1.224787828650489462e-05    8.255726741808591223e-08    3.002711614716163026e-09
2.899998698436510836e+02    1.000977281921690665e+00    -1.459136461289870000e-03    -3.401665242946647397e-04    2.134255472120107584e-23    2.201862400795387168e-05    1.188995239777450542e-05    7.845275763892025795e-07    1.125040693152612632e-02
2.900001995390712182e+02    9.971187115169665161e-01    -1.223528705477146608e-02    1.218284517145079208e-04    6.733056929187796651e-04    2.355629971903018955e-05    1.279795455739870383e-05    -2.480285543607212366e-07    1.091224731580869391e-13
2.900001852901113466e+02    1.001561785542250282e+00    2.562846677302096487e-03    -2.477732177306955753e-04    5.644851789799811047e-04    2.322022643680628115e-05    1.247375104013362555e-05    -4.815918607843930448e-07    4.090562236329171354e-03
2.899999607394226473e+02    9.989361101485643157e-01    6.547915344244362688e-03    -5.125241302238581599e-04    1.989323507315041020e-31    1.997901725539282346e-05    1.105373094850427150e-05    7.420282737102368251e-07    1.134319066002375809e-01
2.899997720191457233e+02    9.994861924189418767e-01    1.386918702517629665e-02    2.377834415899491742e-05    6.316176343450495061e-23    2.279223850270120880e-05    1.285161751467020097e-05    6.723046179330802956e-07    1.351201193561338797e-02
2.900003181441940683e+02    1.001917498662108885e+00    -1.357757270785800788e-02    -4.835094180209297964e-04    4.732229627405015534e-21    2.064419694030299806e-05    1.179521376347239219e-05    -1.050839556621615122e-06    1.275992067516190626e-09
2.899998961399873565e+02    9.982273672934565134e-01    1.310276391180501508e-02    -1.880305955323927688e-04    3.515793062435964584e-20    2.309797985080956628e-05    1.210292559491181580e-05    3.365107534926664093e-07    4.862837030784062102e-08
2.900000059893993125e+02    1.001055405660903563e+00    2.011376054237793993e-03    -1.507427354715333806e-04    2.784314410588225866e-33    2.297087384236893995e-05    1.250002822930911915e-05    -2.593733466406353573e-07    8.079298038115856069e-08
2.899998409557458672e+02    1.001509984169606682e+00    -5.294273052394517058e-03    -7.433442277643087189e-05    9.862617491743515112e-05    2.315928554455738621e-05    1.219823726465058316e-05    5.316615203110466901e-07    5.301704925778491854e-10
2.900002011940584339e+02    1.001728242468949315e+00    3.700933723230645511e-03    1.600314897495810451e-05    5.771223455352866979e-04    2.605800497188409036e-05    1.263936700730802345e-05    1.057948013670425055e-07    4.556309472167227549e-09
2.900001354460103471e+02    1.000388977235042498e+00    -5.631340601764880417e-03    -4.186129200718151865e-04    9.282868591751234711e-04    1.929005052377689053e-05    1.092466255545667654e-05    -7.938699088151411357e-07    1.461546359798351670e-12
2.899998523171668126e+02    1.001189131431466706e+00    6.130590628555406506e-03    -7.255953688837684962e-05    3.502542889368513170e-04    1.966751944962437328e-05    1.086184267896340420e-05    -3.147407981207917233e-07    1.937638886410068979e-10
2.900006092349261735e+02    9.984953020944564717e-01    -5.924036656245277449e-03    -4.859500984632415115e-06    1.384789606615241847e-22    2.098096857666220262e-05    1.182492009686658005e-05    -7.877821826565294717e-07    8.220562034368114612e-02
2.900002333564791002e+02    9.975651596827778134e-01    -9.307228991626979170e-03    7.306795495639614247e-05    4.179129672076862018e-25    2.357319925919199426e-05    1.284762648057799321e-05    6.270828110509628295e-08    4.072040995687041531e-02
2.899996764844666473e+02    9.997900108065470581e-01    5.813149917031327704e-03    7.912052906731601408e-05    3.650759620171985338e-19    2.059675487239832453e-05    1.238279324932267786e-05    7.744158603913999349e-07    8.035210796641050992e-11
2.899998895704929964e+02    9.981536999431956936e-01    -3.996074029595787259e-03    -4.118271749635385601e-06    1.521219744888536850e-26    2.532160741477525363e-05    1.308969713493604615e-05    -1.583702839232683499e-07    4.696147107629864409e-09
2.899995281965685763e+02    1.000287742061585217e+00    -7.581394211534252768e-03    2.124813861524603095e-04    6.133621597879096239e-27    2.173954228745043492e-05    1.138774400612138322e-05    1.391820492031117413e-06    5.090167602047061986e-08
2.900000975594456349e+02    9.991323466311431423e-01    -3.637306761257228134e-03    -6.955923892985585628e-05    7.407078391621455416e-04    2.281748982368315886e-05    1.200233526819743563e-05    -6.214480194784527111e-07    4.541092181253662124e-02
2.899999319450211601e+02    9.965340858263247448e-01    -7.531121834565118398e-03    3.490226651169966825e-04    3.205597115160876477e-23    2.267206909582896189e-05    1.301393808634358739e-05    6.797445938028301183e-07    1.372441072837884089e-10
2.899998579861430699e+02    9.976242307470337689e-01    -2.984414112365770672e-03    3.972717086956930167e-05    1.190144181168904065e-03    2.043333032554688289e-05    1.112573093816440343e-05    4.303169931647768155e-07    4.963101218314945422e-10
2.900002476192643712e+02    1.000931158002944521e+00    3.348972485776103344e-04    -4.398382796728791337e-05    1.989548878476966680e-04    2.131289241022631524e-05    1.142903178474819719e-05    7.281800388147725909e-08    7.770251545241359248e-02
2.899996636255476687e+02    9.994641313815322281e-01    2.424057125002065851e-03    1.486200309279583789e-04    7.424799020529278953e-04    2.134065340102585348e-05    1.145562765133529682e-05    1.080698647998957357e-06    3.249935551523277372e-10
2.900000599778281867e+02    9.991698185699831036e-01    -5.669939097890513112e-03    2.279950705799926034e-04    1.284441601569354096e-22    2.087602843084316424e-05    1.081734462298133769e-05    -9.341346109822105727e-07    5.261390664042220938e-12
2.900003006643070194e+02    9.999082851805611849e-01    3.828113526657905830e-03    1.410671072584504494e-04    2.463027152685341518e-19    2.282328540493333086e-05    1.221418938135113688e-05    -1.000121722249229265e-06    3.351934640985835406e-02
2.900004031119880210e+02    1.000584032775317489e+00    3.562846446733792909e-03    -6.469413143824231688e-05    4.420367476534331768e-04    2.015480087706801615e-05    1.138023332695350487e-05    -1.145230683794905939e-07    1.335821932276852753e-01
2.900000536353491611e+02    9.961146056151931605e-01    -8.820821999136059868e-03    -4.797314278742502094e-05    1.242442244657060371e-33    2.127683465213129187e-05    1.165106183245575006e-05    1.645108402445971600e-07    1.690244060550503968e-02
2.899999204002887154e+02    9.995440815840997972e-01    -1.736753473976475207e-03    -4.704993719500839692e-05    3.688386158305105393e-16    2.096187220839637667e-05    1.188235585784624797e-05    9.661394394960794279e-07    5.132736465374781315e-02
2.900000245910717354e+02    1.001065461180715710e+00    -8.416305172865977836e-04    3.030325970604176621e-04    2.704578459492524785e-21    2.211819245027584282e-05    1.235342734914513080e-05    1.190302483164904204e-07    2.791688481916453149e-09
2.900000723739435102e+02    1.000675478611786628e+00    -8.076659834709551400e-03    -6.420874144727366836e-04    2.075665528379712951e-04    2.332703003866089188e-05    1.293711431708013644e-05    -5.834887728049723993e-07    5.937482192818193272e-13
2.899999146272265307e+02    1.001160793543348637e+00    7.795546729785060060e-03    -1.259231876708666472e-04    2.014754497031088978e-19    2.064895179924387450e-05    1.123642125017668886e-05    1.064824666104104783e-07    1.247089132809117906e-10
2.900001591818785300e+02    9.990135452376683878e-01    6.980150325921390640e-03    2.704807426791008544e-05    1.671725029161352782e-27    2.221881363619905751e-05    1.200346725677634143e-05    7.982298363287756885e-07    1.126117281075936227e-01
2.899998081454675116e+02    9.990446592455864971e-01    1.942104045080785945e-03    2.902942605408230427e-04    1.259857462963303188e-03    2.147412762146897003e-05    1.187757730011972454e-05    4.552585832951039593e-07    4.130505815543336178e-10
2.900000726733895817e+02    1.000924851689399375e+00    4.073543018572644940e-03    9.087821832222021273e-05    1.365625148033545040e-15    2.230778741473809644e-05    1.152438671788355122e-05    -6.779458995084329085e-08    4.854652388489101339e-09
2.899997774645067352e+02    9.993710538117607234e-01    -3.426110022202320717e-03    -1.351816258518435000e-04    1.283734481250135796e-03    2.321598340170836982e-05    1.276060178144942960e-05    5.811066610359462300e-07    4.749972581899608079e-13
2.899997416536320429e+02    9.994612348137889013e-01    -6.154407223232634611e-04    -3.448416146657054060e-04    7.367193547913877209e-04    1.993257680334399468e-05    1.190449473259221416e-05    3.016837963022305054e-07    2.046090850705250142e-03
2.900009618602587125e+02    9.962867916463715723e-01    -3.988110369322420308e-03    -4.458952669911071462e-04    1.951901754182388225e-03    2.378378081281188393e-05    1.298387431336928667e-05    -3.340314843434949059e-07    1.382872460598255082e-01
2.900002883548635850e+02    1.001960705373043936e+00    -6.998014951987215071e-03    4.413725977354335120e-04    1.267599661720081403e-03    1.969074942570683823e-05    1.068281578820586512e-05    -4.798892075645622557e-07    1.998373526513739987e-11
2.899997697786556614e+02    9.981084773012541822e-01    8.945929604327898521e-03    -2.716712824810906782e-04    6.065392313971209504e-21    2.367436963925061879e-05    1.314846317146899780e-05    6.380786072463076349e-07    4.808676791771739761e-09
2.899998026226292609e+02    1.002505930633916797e+00    5.949605510061461988e-03    -3.516693210409648461e-05    3.671985787700915876e-21    2.010240088081986079e-05    1.183205113633953354e-05    1.786685931853990347e-06    9.388146528272245384e-02
2.900001013801909266e+02    9.986664559131224195e-01    9.637329294839977120e-03    -7.460130967187422963e-05    2.246792122090211969e-04    2.133478772007731694e-05    1.185846850718937057e-05    -7.849456967807594506e-07    6.101516205809341003e-14
2.900007696294676975e+02    1.000962961763410597e+00    1.365786511308605391e-03    -2.569921427008170869e-04    1.744338512644010852e-19    2.298789126937066939e-05    1.233621829659412588e-05    -5.802900390002564915e-07    9.103232114207170100e-02
2.899998797295681925e+02    9.982537893083127667e-01    -1.083071318438130802e-03    -1.436014759808275701e-04    1.780183181708587482e-04    2.265183427468822288e-05    1.274418350977893837e-05    -9.827059565436657524e-08    2.418926670573651299e-14
2.899996994550438103e+02    1.002488394077065692e+00    5.764637944906372304e-03    2.971125950597962892e-04    5.548883519950956663e-30    2.239043885287304180e-05    1.194848005221207936e-05    1.420936988169702147e-06    2.015666700865781111e-10
2.900000424743988674e+02    9.993286608887260725e-01    -5.310431664132478184e-03    3.615637196131862266e-06    3.395400492578595558e-05    1.997660440854044872e-05    1.174694490173702143e-05    -2.932759625986071170e-08    5.467817844898157172e-12
2.899998786180389629e+02    9.970510895169517607e-01    9.960374813282633216e-03    4.468444932079939833e-04    9.349069941358339802e-04    2.123308598755356243e-05    1.179732909767230497e-05    2.788416681207414660e-07    3.977065452016763369e-02
2.900007430093792777e+02    1.001236326793286224e+00    5.487492613526263495e-04    -2.184551793158076669e-05    2.340397741915217766e-03    1.820099946701604849e-05    1.145882387749978797e-05    -6.299195019800674208e-07    1.750081740782169493e-01
2.900002615009084366e+02    9.986352863830868509e-01    -9.941665608483789100e-04    -2.062632238464274647e-05    5.507832631008297973e-22    2.423456354238337401e-05    1.310439545173321032e-05    -2.031453903497587724e-07    3.649998760975238510e-02
2.899997571054620948e+02    1.000414443276304244e+00    -1.280046962392446730e-04    5.566311667059852019e-04    1.606374670744577758e-03    1.987009200798924813e-05    1.100382565203068195e-05    7.492228717394295015e-07    1.103703368674915950e-12
2.900002603079392429e+02    1.000094612290736595e+00    2.501995280848972464e-03    -2.504605418065570686e-04    3.769444989384310098e-22    2.008411936093265659e-05    1.186745135081893962e-05    -4.814357243344508023e-07    4.133171841030077592e-02
2.900000968367107248e+02    9.977375994230225364e-01    -1.664216841636760591e-02    -2.012638544268577714e-04    1.643169242775754192e-20    2.184005078102955254e-05    1.166139806503638169e-05    1.079829213791167927e-07    2.931499354973875204e-02
2.899998691870873699e+02    9.990198300244047536e-01    -3.326164315794496399e-03    -9.805261327479305241e-05    4.526636440079102613e-21    2.139343248914747143e-05    1.143841597585491678e-05    3.660792764036068324e-07    5.814591310793860296e-02
2.900003878441060579e+02    9.997152012756826966e-01    1.952630503663919936e-03    -2.425910800934464511e-04    9.776130337041283969e-24    2.284606134691814715e-05    1.257351651960403812e-05    -4.641541587895378124e-07    6.255744325123258062e-11
2.900001554322425363e+02    1.002157417891013091e+00    1.878641456062018133e-03    -1.129679848402099032e-04    1.360312700154353768e-19    2.277164108590133419e-05    1.285592118793419593e-05    -2.803865143335504493e-07    4.777637123231560229e-02
2.899999103660950937e+02    9.986092988223251865e-01    -6.838964683743454110e-04    -3.402609511616557837e-04    2.634253505932121997e-28    2.136778645385778062e-05    1.223520538187744663e-05    4.701805459884596667e-07    8.354431287094961356e-03
2.899995417237120705e+02    9.987373743963342543e-01    -7.660840144046058425e-03    2.138842554576868651e-04    2.957702551796149017e-04    1.819866845379903132e-05    9.826676284139980054e-06    7.945835381916654323e-07    7.267677482147540590e-14
2.899999760556729029e+02    1.006074355424120270e+00    1.282087764446405379e-03    -2.237576987281027674e-04    5.385029001073916970e-19    2.258174868868599816e-05    1.133533220033419223e-05    4.908810758728712580e-07    2.925213950200196422e-02
2.899999118972170891e+02    9.995009992346456373e-01    -3.627223358536144082e-03    -1.388052446508873140e-04    7.131443074466123052e-04    2.347667632426094557e-05    1.238759243680014531e-05    6.470562104079358201e-07    3.484504153688789806e-11
2.900007921901407144e+02    9.999107260796454844e-01    8.235476404581221861e-04    -2.917451470698230551e-04    9.081134552478875620e-04    2.275179101113771751e-05    1.225327326043411121e-05    -3.115890211549546673e-07    1.484474511232583005e-01
2.900021727404894136e+02    1.000583205324326208e+00    -1.466439905576662585e-04    -3.086139735344630135e-04    6.587907855428911785e-04    2.478908185362643560e-05    1.261121854975269879e-05    5.347013088214527875e-08    3.375907585382194043e-01
2.900001569264825889e+02    1.000376514431480235e+00    7.712867300277668169e-03    1.283440798006409112e-04    2.515482997726970524e-19    2.137964132196584595e-05    1.153146511010718896e-05    -2.015817027079662995e-07    2.141237270212065225e-02
2.900001379904821306e+02    9.986110501693377106e-01    1.478539820576709081e-03    1.280549716194900552e-04    1.011512703297368954e-21    2.094995419121548403e-05    1.127890636296136600e-05    -1.854791555066088664e-07    5.004631354281399098e-09
2.899999436502280901e+02    9.998695437850501078e-01    -1.493581598227640937e-03    -6.918346507736976834e-05    1.657573208193687409e-03    2.186631261779395331e-05    1.238556513951150828e-05    2.397612382914094715e-07    5.133985999858319199e-14
2.900003024034672876e+02    1.001396541976195209e+00    -1.797547515037793047e-03    -2.011192975233116889e-04    9.198373929929191942e-24    2.327137202128369729e-05    1.223895490604993910e-05    -2.809209422327506045e-08    6.461633648050249534e-02
2.900000834417865008e+02    1.001949370155933217e+00    -4.350388194773725748e-04    3.090154944954030076e-04    2.482736297885196675e-05    2.152940795505170143e-05    1.231429635217615944e-05    5.507763720563881819e-07    5.778536063650997062e-02
2.899996870067546411e+02    9.991276344311169622e-01    4.255622266446910137e-04    3.831674022532150165e-04    1.171422387293321850e-03    2.156750533133744918e-05    1.159573947220809972e-05    3.145973224341626170e-07    1.642097875260151705e-10
