# f_r [MHz] A m phi D delta_r delta_ere delta_eim a
2.900003189531787484e+02    9.969388118866149284e-01    -3.229785721967149033e-03    -2.915847492428743997e-04    7.858953544592072078e-04    4.182610069404849967e-05    3.221425678130762952e-05    -3.763715589739927718e-07    2.532571800663091337e-03
2.900006971346743967e+02    9.987225451045737001e-01    1.198307468397121454e-03    -2.324390163682535967e-04    1.415862830714335581e-03    4.100600123984329755e-05    3.079460855125358906e-05    -7.165089429550228472e-07    3.375324406136161887e-02
2.900004409848251044e+02    1.000619423615732639e+00    6.897693293538937828e-03    -2.413895169342187877e-05    2.541521674323174267e-03    4.089993629350030063e-05    3.108673370590847481e-05    5.981312649023347249e-07    5.471956798293149682e-02
2.900001735610566698e+02    1.000926050538724743e+00    -1.343577072963556733e-03    -3.668110014236398200e-05    3.382574059780192702e-17    4.326577013224555961e-05    3.208029532098574232e-05    -3.959519602690393276e-07    1.667391509213624404e-02
2.900003032731767121e+02    9.973571453878432580e-01    -6.346925927530450671e-03    -7.023946597580159714e-04    2.587434216796600205e-04    4.197354717008827050e-05    3.126641034766682471e-05    -5.583447256823746619e-07    1.694059695747957440e-03
2.900000186755656273e+02    1.000748959452640419e+00    4.835143819166454367e-03    1.775164455400505853e-04    7.331728619690397442e-05    4.066911107536452954e-05    3.010946088967336598e-05    -2.889967306843998192e-07    9.461935404317983050e-03
2.900005314154155371e+02    9.996636146663924194e-01    5.125864144073660061e-03    -2.187317494117118081e-04    1.218915082188197710e-14    4.155862481978607709e-05    3.133201476494957541e-05    2.286705185774463370e-08    4.068851623198734002e-02
2.900005471816994032e+02    9.982350749543561497e-01    -7.181049563042034116e-03    4.138777243303223331e-04    6.327906368776932064e-04    4.266095959457581900e-05    3.167627746644080744e-05    -6.131430089771763328e-07    4.590318217794636668e-02
2.900000931293373583e+02    9.975158972674667002e-01    -9.517214218439862955e-03    -1.067521951428021728e-05    6.842874879298018170e-04    4.209832183708659228e-05    3.153486984542902983e-05    -1.091046456774949280e-07    1.722679832799284619e-02
2.900005886059871614e+02    9.998890170615811757e-01    -3.993044161474218826e-03    -8.319406751526447358e-05    1.585367979729563606e-03    4.067277059066929734e-05    3.167680529129081725e-05    6.333604968484135059e-07    1.017589488599420777e-01
2.899997713136532411e+02    9.969794532714814084e-01    2.585619201172709939e-03    4.035231785158364232e-04    1.802004445532956224e-22    4.008471805700150419e-05    3.068497148692246232e-05    1.716622738922401205e-06    1.454218254696200706e-10
2.900003932485757332e+02    9.980606634196617089e-01    9.523530755983116922e-03    -7.168322979486919065e-04    1.857574225038766160e-16    4.201405924599009350e-05    3.220447582761762193e-05    7.574890321083636492e-07    6.093601907920553201e-02
2.899998076351707255e+02    1.000123748027774484e+00    -2.454637539344839154e-03    5.417860820096079191e-04    8.350983092268729354e-18    4.481551383159356307e-05    3.176087993349052717e-05    1.225746139631486724e-06    1.576809179793129288e-10
2.900006565781654899e+02    9.979850838818750125e-01    4.578532883553872385e-04    -2.097543183288372868e-04    9.683735098587481233e-04    4.076897796503966577e-05    3.054152570417403796e-05    -3.299442589872617423e-08    4.148522455547320326e-02
2.900001005996782055e+02    1.002157492291690710e+00    -2.876871870310042812e-03    -3.917419906036437392e-04    5.715227455110258314e-04    4.010431401291710999e-05    2.972027047806610894e-05    -6.664729901587717253e-07    3.957396842050815711e-02
2.900001903856752392e+02    1.002317426948633683e+00    -6.713546248070005433e-03    -1.912045341428516882e-04    2.422630745541567811e-09    4.097552141647156345e-05    3.110514281192209966e-05    1.056698691791516286e-06    3.325899944063986230e-02
2.899998881384220795e+02    1.003424291596390683e+00    -1.505466838012946588e-03    -2.039852344996181347e-04    8.263720563834621034e-05    3.951212526761440735e-05    2.996233190854916318e-05    3.769598293473523004e-07    5.794692635055469741e-03
2.900005694054983110e+02    9.990442517099140662e-01    9.377354827519408320e-04    -4.992447302480935002e-05    1.964652477802543178e-15    4.103577896966420643e-05    3.108900995896715652e-05    -2.925960259944218083e-07    6.118273495855774263e-02
2.900007691969328221e+02    1.002640845190353014e+00    2.082871691149181751e-03    1.391384003565636243e-04    4.190524144193592338e-04    4.160657894941372019e-05    3.159120111802282590e-05    3.336137545916362014e-07    8.916187679908763042e-02
2.900000959068254929e+02    9.993523371749024609e-01    -3.640691649924734409e-03    3.624624565808904730e-04    1.339900484129507739e-03    3.930658547982124020e-05    3.020265616699210949e-05    -9.336230850532617616e-08    1.781853140762534310e-09
2.899999026556207014e+02    9.970060456787430692e-01    5.492975498626743829e-03    6.069729483499392838e-06    5.469533346053465561e-04    4.154914572524527763e-05    3.189162642718596522e-05    8.113979121115429324e-07    9.050627665435425850e-10
2.900003104072758333e+02    1.001151825173858922e+00    -5.312728782439095354e-03    -9.082483424033198989e-05    6.591905894635423585e-04    4.271136708335188629e-05    3.166118464620797178e-05    -5.637031039942583164e-07    2.513893846763443074e-02
2.899999823064547400e+02    9.976195007709489637e-01    -6.805867615554398418e-03    -2.472049823291916568e-05    6.900482967363976783e-04    3.923167496022780928e-05    3.063671151489933569e-05    -3.612900224324413438e-07    8.929752089672489054e-03
2.900000920570117273e+02    1.000736190457969688e+00    -7.866234116987046512e-03    -9.625111187112835205e-05    4.730132923520970591e-04    4.402982637919630911e-05    3.234669414785534391e-05    -5.538079398475670764e-08    1.656664620947199401e-09
2.899999622105177650e+02    9.993642033204253039e-01    3.102422996174411269e-03    -3.380948811676451901e-04    9.874933928244729688e-05    4.086579133676315555e-05    3.089523785186491426e-05    1.759655411722852357e-07    5.939332229934476346e-10
2.900003566015572005e+02    9.988937105200706990e-01    -1.212136484010747873e-03    1.653212859350843510e-04    9.046933972775868425e-12    4.097775487797832028e-05    3.099727699498259619e-05    -8.989720434897185655e-07    1.334530468600378730e-09
2.900001359925792599e+02    1.000254253473599642e+00    -4.672408208814726109e-04    3.574123574489273766e-04    5.626325366242394792e-20    4.203566895982285216e-05    3.130577232839011772e-05    8.167743362542055261e-07    1.751741478378441830e-10
2.899997200237082779e+02    1.002704829307971224e+00    1.031247611757726617e-03    -1.597561700177453994e-04    5.970061675011124041e-17    4.429877090299812312e-05    3.230465409136147180e-05    1.675341755761947673e-06    7.473027471478677463e-09
2.900001882163672349e+02    1.006180267380868187e+00    4.837550467862289198e-03    -1.045910269346151170e-04    1.605484958873542227e-16    4.287512795193823464e-05    3.211538668547034628e-05    7.145931843484267423e-07    3.342546739452031263e-02
2.899997975144766542e+02    9.989185801439663948e-01    1.634731789745575087e-03    2.117593542114223220e-04    1.487136605804539359e-03    3.983602197864987348e-05    3.149158423895307465e-05    3.873737527180746812e-07    4.313658754415186727e-11
2.899997822419967974e+02    1.000661979202224217e+00    5.776701560523786645e-04    6.755944179393128066e-05    5.570406468085032730e-25    4.171540223944523925e-05    3.138207038783707103e-05    5.423149541276977486e-07    6.570151159525280775e-03
2.900000008489753327e+02    9.985296506612353351e-01    -7.884530162031151354e-03    1.261079147364087478e-04    6.374033821687724954e-10    4.301066141565847921e-05    3.214605743038614406e-05    -4.977337794385181097e-07    1.165793269695729317e-09
2.900004293955738035e+02    9.978691071254717215e-01    -3.794891595890294896e-03    -1.494623913466753347e-04    1.948905972077795987e-03    4.172922106918488302e-05    3.103820159222906507e-05    -4.799560921764050166e-07    2.732416452237351398e-02
2.900003248050281854e+02    1.000597364091588171e+00    -2.554695930461328267e-03    2.033995122169565619e-04    5.478036748842475292e-27    4.029845002132217442e-05    2.986496980516819956e-05    -7.947596743982944128e-07    2.735277808711287403e-13
2.900000805678695883e+02    9.974563477092734942e-01    -6.768353510803118075e-03    -4.383086558258272305e-04    2.540550600145730837e-29    4.007894373796354808e-05    2.923386376604824934e-05    -6.560816817909501471e-07    5.928164011386626540e-03
2.900002964557369296e+02    1.001516531033162849e+00    -5.978248024150888129e-03    -4.521554611638045688e-05    6.937339793654907034e-05    4.148523508718813320e-05    3.148843036058254601e-05    5.375076285502921845e-07    5.416200879159917964e-02
2.900006788561504436e+02    9.977004801049750293e-01    -1.483572159235690881e-03    -1.361653427015540598e-04    1.864825450071575896e-04    4.052236285158755137e-05    3.120184705382562197e-05    -1.688304261398074670e-06    2.532804232834756294e-02
2.900000591406405306e+02    9.984770677455840904e-01    -6.393643821632928863e-04    5.813209832190499842e-05    2.158672945729611081e-08    4.270202754517188489e-05    3.241827891864677836e-05    -6.937396117543586841e-07    1.173628895933993978e-08
2.900001199911793606e+02    9.970706797101296370e-01    2.876155783448710451e-03    7.942731881154862313e-05    1.020326469454163080e-14    3.979329746150561242e-05    3.072378878472504035e-05    -2.718723482488614092e-07    1.857024103334505970e-03
2.900002272747638585e+02    9.993693647436562300e-01    -6.613279244482122600e-03    -8.330020850114814202e-05    5.884538312346060613e-04    4.228281317645442197e-05    3.198017625117870655e-05    2.252351547112340784e-07    5.180542971867411334e-02
2.899997422799334004e+02    9.998539231585571452e-01    5.468343496435764534e-03    4.202548134102508355e-04    1.087702293798033638e-12    4.334660007770177052e-05    3.227533977651485145e-05    1.045799820718699611e-06    1.102483347416304948e-03
2.900003269735723848e+02    9.984924815363468431e-01    -8.171786842552795221e-03    -6.200085129569168690e-04    1.240232285413407501e-03    4.074708646735704560e-05    3.187965167571790281e-05    -6.321023534881167263e-07    1.006141072791693220e-10
2.900000351026150724e+02    1.001081073719569448e+00    1.591227224155047784e-03    1.995582656028237949e-04    1.474554871559696812e-19    3.980579623374751706e-05    3.076278254428711605e-05    1.112075378563839398e-07    7.318525489931782752e-09
2.900000082982350591e+02    9.966159517459378669e-01    1.228982932107583470e-02    -2.844793668249822802e-05    3.577260567839118414e-14    4.106133493810047388e-05    3.141039247409997150e-05    1.490596426250564547e-06    5.128732983788984040e-02
2.900005575163547178e+02    1.000907521165930625e+00    -8.446859183319211511e-03    -3.902932801131776060e-04    8.118378271220337734e-04    4.203900634605906288e-05    3.176450894055804855e-05    2.973826516019595428e-07    8.296520387626027393e-02
2.900002309419131166e+02    9.987036096403870689e-01    1.086736644580819054e-02    3.954462017877373252e-04    6.062252756365683155e-04    4.348237533026970024e-05    3.260021121771409489e-05    -1.064084647641435822e-06    5.036354519039773753e-14
2.900002627570449363e+02    9.987940902053894510e-01    3.147659766279593731e-03    2.148207070254205841e-04    1.149245920082971186e-07    4.029230217144394010e-05    3.088112797724386501e-05    6.358103080511835235e-09    3.465468221103566428e-10
2.900003447386263247e+02    9.957911707507830501e-01    1.061351767529733654e-02    -5.449272956999787806e-04    1.329963138717296309e-03    3.846265432387620118e-05    2.919314363662525808e-05    -1.200843818156278139e-06    1.095630464038885310e-02
2.900001982485090366e+02    9.977928875285100307e-01    -9.998830760891641578e-03    -2.159858686463203461e-04    2.150569930671098733e-18    4.177906118164332325e-05    3.160553448785902809e-05    -1.765259755343698525e-06    4.207980098743091419e-10
2.899997334450677045e+02    9.991087126152748965e-01    -1.819953589593439414e-03    -2.029785309805940546e-04    1.223270786402663256e-23    4.305952683886322073e-05    3.166080037514494973e-05    7.740033387027443333e-07    9.793422035910765089e-09
2.900006155084645911e+02    1.003637072419324872e+00    -9.220303579275371600e-03    -3.853053618875835508e-04    3.721864270249888372e-15    4.256425590426176470e-05    3.056864880257855957e-05    -8.180707153657360339e-07    4.063005068154836724e-02
2.899999607711481531e+02    1.000165691512115318e+00    -2.233553825824815696e-04    4.841871426673878499e-04    1.797706957903332490e-04    4.116989374124802687e-05    3.156487351357068497e-05    6.997795807018073438e-07    6.993762127464191213e-11
2.900004678381595795e+02    9.991834999134636686e-01    -8.369278999842327815e-03    2.281499601008839685e-04    6.128640373142417224e-04    4.274980283904429563e-05    3.151484927982668461e-05    -2.165997585151139709e-07    3.343317272630916964e-02
2.899999911247383579e+02    9.979158578281819292e-01    6.195279268570789456e-03    -3.060908585621562841e-04    3.714646317847928908e-04    4.269873798936483957e-05    3.290452464977868815e-05    -1.722789535444254425e-07    2.103520093193671117e-12
2.900000802860012072e+02    9.984685228405689728e-01    -6.894676074818363067e-03    2.734374816612294740e-04    3.856102866040224592e-04    4.010313900158252079e-05    3.060550251009033806e-05    3.502700950015536698e-07    1.073618349904498573e-02
2.900000815465047026e+02    9.996557342720393535e-01    -1.831332992178836617e-04    1.740183404157458238e-05    3.526946038697317473e-04    3.823580721975536952e-05    3.057039036735262647e-05    4.128344570161552935e-07    5.790516354960469011e-13
2.900000337660410423e+02    1.000550781643630982e+00    1.370066695032414947e-03    5.780858679948678138e-04    5.065938851414894615e-04    4.242223427649294141e-05    3.127602850614384644e-05    4.482718693311728690e-07    4.657027898628541803e-04
2.899995304170266763e+02    9.964023745630381512e-01    7.577737600519143281e-03    3.433956300481071935e-04    3.136560554923623798e-15    4.009557759640552032e-05    3.157155641134481419e-05    6.269730605263767580e-07    6.881267058742167957e-09
2.900000400196614123e+02    1.001153895366639679e+00    5.134956342021596357e-04    -2.876459552379774560e-06    3.098686128867704503e-04    3.984730683739164239e-05    3.125092977439651294e-05    6.189637326043201728e-07    2.030415292484524445e-02
2.899999524890690736e+02    9.999104310785575933e-01    6.252930575587489640e-04    -2.260275239074634017e-04    2.297502838066974022e-22    4.222686345096914279e-05    3.098523479863922659e-05    1.553638432158879145e-06    2.992319302722418121e-12
2.900007333121793636e+02    9.982617584587368809e-01    5.902155834861524605e-03    1.169058188867122978e-04    1.248017562218566110e-03    3.997029533777348879e-05    3.138827067579780705e-05    -3.999901061961125699e-07    7.957008335969459334e-02
2.900002950462853732e+02    1.000668252334543373e+00    5.915828340088798848e-03    8.673893621599049696e-05    1.095916815228856943e-13    4.142895582050844542e-05    3.075679281694959107e-05    -1.528354353058852655e-06    2.255633028670315371e-02
2.900001635873655914e+02    1.001244881644548723e+00    1.392789257648739763e-03    -1.712470950040630971e-04    6.729499322982117728e-04    4.009687791358266845e-05    2.976757119532814230e-05    4.367676174286323384e-07    4.973600804040684276e-02
2.900002497193211184e+02    1.002456633321728630e+00    -2.322291302893678654e-03    -4.856985925569533855e-06    1.797296083315261305e-04    4.075900902462162675e-05    3.170885534540446489e-05    -3.825046699509590591e-07    2.698391588502164172e-10
2.900000535789928904e+02    1.000835025849510895e+00    1.841268299467764026e-03    -2.880273817695882177e-04    7.101242063270048720e-04    3.908142837652468982e-05    3.054766611649298937e-05    -1.127024820590325217e-06    1.222347016790890345e-09
2.899999613670172494e+02    1.002166180692753539e+00    6.998253114657812177e-03    -3.946946663086970861e-04    2.991787196437554358e-04    4.028202205344440278e-05    3.019043089299389032e-05    2.262994017810690975e-06    2.475949325467930590e-02
2.900005384106040651e+02    9.989177171848011572e-01    5.856333791435063127e-04    3.845157563436375553e-04    1.526587295554263828e-03    4.196173307658194150e-05    3.198790020605846992e-05    -1.526865915267811984e-06    2.220489116143061978e-02
2.899997472049818157e+02    1.003562348970501006e+00    2.551539615068362365e-03    1.528170948740242700e-04    2.775712380910678803e-05    3.981231832899977455e-05    3.011922489975874266e-05    1.748110459597554611e-06    1.073806191523398498e-09
2.900001386293917562e+02    9.976352111595646610e-01    4.516877429669189856e-04    -7.936864310133630654e-05    2.835293332293384663e-04    4.032532080421425915e-05    3.068430739383000791e-05    3.038706578381535355e-07    1.933783317459781409e-02
2.900002966685562455e+02    9.986815817053559252e-01    9.025631631553345316e-03    -4.653025063102688146e-05    3.799113359573474451e-17    3.797740062338860877e-05    2.990730957544084385e-05    7.956688875370082640e-08    4.964687341474710580e-02
2.900006347556835635e+02    1.000414874091216211e+00    7.879105514301683669e-03    -1.692095755281699610e-04    1.029625572558476355e-23    4.151596277050596296e-05    3.151796025186756031e-05    1.241050079988702524e-06    7.094727290445723700e-02
2.900001391399001136e+02    9.992827794614850268e-01    9.613279508543527349e-03    1.814681365461723501e-04    1.555957225294948635e-14    4.067795922176449487e-05    3.122620533576508982e-05    2.300958267122705632e-07    1.876688914318272103e-02
2.899999403899588515e+02    9.987799362292305583e-01    4.083295030667397248e-03    7.899111786749701304e-04    4.815637224900996588e-04    3.923948902849629496e-05    3.046187071586420173e-05    5.849541118755733159e-08    7.293879912806270050e-13
2.900002240990127689e+02    9.985495757139472017e-01    -5.829759435915794243e-03    2.502658578648386177e-05    5.132770229591301359e-20    4.037577922006772130e-05    3.049657355660500912e-05    9.971720775419743674e-08    3.918931288623020546e-11
2.900000417519124767e+02    1.000851524930962411e+00    4.717055899339228468e-03    -4.131401415478474365e-04    9.256910551316823772e-14    4.193309485778793836e-05    3.049999568737401536e-05    8.922940675227556884e-07    3.559501658469926139e-02
2.900007010048597635e+02    9.988948398973379605e-01    3.967599093940587553e-03    8.864378500024265009e-05    1.324651661431536059e-15    4.010276854164741280e-05    3.133540076253415156e-05    -6.259202136523916193e-07    6.282453443264261750e-02
2.900006531447536986e+02    1.000654813461647752e+00    -1.254043024084064428e-02    9.659696796822916573e-05    2.303062241676433461e-14    4.077648572980166014e-05    3.001138496753020591e-05    -1.453961443432895217e-06    7.058750924460525933e-02
2.900002643003923595e+02    9.985967615066532188e-01    -4.982979438611787742e-03    -3.348519641068480089e-04    1.951626164075499612e-14    4.190843255305592020e-05    3.131071579791707023e-05    -1.353390639766307809e-06    2.458049727220878327e-09
2.900006481787899020e+02    1.000706731907340830e+00    -6.595387332067477112e-03    -5.719530506099260170e-04    1.654065140682120603e-03    4.454265086097781957e-05    3.341635628781123169e-05    1.650956101603367720e-07    5.973471904490124801e-02
2.900001603240594932e+02    9.985926438530917659e-01    -4.899389995990542299e-03    -3.602810832053983565e-04    3.188370597151605882e-04    4.070076331389064437e-05    3.011129854157263802e-05    -3.912743786908971224e-08    1.454881677731615454e-12
2.899994532156085825e+02    1.000829385741189625e+00    4.136045873744297052e-03    -3.832581192259876799e-04    9.743004077154156749e-04    4.340923059641071084e-05    3.182070866424315626e-05    1.645225614226276270e-06    8.358621920364120462e-14
2.899997231130553814e+02    9.998480738349316832e-01    -4.228964382142326450e-03    -1.330049801865726032e-04    2.380029465385751641e-16    4.018126889814280022e-05    3.115712368199989704e-05    7.658193771785770192e-07    8.462988392655331274e-03
2.900001215771964667e+02    9.981259558898221140e-01    2.058848408765013866e-03    2.770655702305176485e-04    6.270915321424872713e-15    4.127528537772277574e-05    3.146187985843598294e-05    8.849659217165262825e-07    3.042845472679577348e-02
2.900001145493288846e+02    1.003347533365140931e+00    1.034157008060221893e-02    -4.328799281781956122e-05    9.207486594201108425e-04    4.044525669403862758e-05    3.095007160514453659e-05    2.953173271722198158e-07    3.897872471097628084e-20
2.900004598875388524e+02    9.994687925858998234e-01    1.505523272135563147e-03    -4.909952727195516104e-05    1.509563217994031037e-03    4.203994794589964830e-05    3.161569424655637619e-05    -8.497993817574903190e-07    4.235005221672336062e-02
2.900003688296378073e+02    9.980703656599776430e-01    7.295858537331796796e-04    4.832600717235051237e-04    3.953258811452251172e-04    4.104254491402131277e-05    3.123808652149363184e-05    -1.395348738529638676e-06    2.141671200130072783e-02
2.900003146181560396e+02    1.001548674671807193e+00    -2.398819681474959314e-03    2.205831945248427385e-04    6.254890335590572777e-06    3.958030801261408211e-05    3.085306589462270263e-05    -3.039077620347820920e-07    4.401417329945559592e-02
2.900001283971886892e+02    1.000022720603437554e+00    -9.207900671065042709e-04    -1.812350925875877113e-04    3.435181300029354010e-22    4.179745687336052748e-05    3.169326044787287302e-05    -4.494009882738589583e-07    3.486150988910441395e-02
2.900002600752522426e+02    9.993894318202387606e-01    4.317714606714483615e-03    -4.559754335223741516e-04    1.533431944900338776e-03    4.100086857852761773e-05    3.091088384119412819e-05    -1.341340188226705469e-06    7.125664047090683392e-11
2.899996808783561733e+02    9.988126716658836113e-01    5.054874699403195080e-03    -3.396986017677540209e-05    3.719491015339613458e-05    3.878879733108304322e-05    2.966516233547373581e-05    1.095629194728824165e-06    1.555241015857838915e-02
2.899998153809011683e+02    9.953051781397281861e-01    -1.174362527608084367e-03    -1.777800692145583693e-04    4.821549206511152518e-10    4.265302129670814400e-05    3.216020423295714903e-05    1.816137843267566928e-06    4.661264042097052612e-02
2.900006224482297057e+02    1.000861776169374551e+00    4.957363422327578512e-03    -3.895996121860565895e-04    1.166562853340928196e-03    4.188696302846601203e-05    3.148182101045730424e-05    2.315841524838331999e-07    6.013972338582695976e-02
2.899996603257416155e+02    9.999854631386363435e-01    -5.469590055519172461e-03    3.031321181458863142e-04    4.600791078148053800e-04    3.995246667543543025e-05    2.977968294475812292e-05    5.532072898339632566e-07    5.382300174608051187e-17
2.899999632453224763e+02    9.986036493022643068e-01    2.883538338771935577e-03    1.072280849159232757e-04    2.899534284915923225e-18    4.123160366719844197e-05    3.139981667414993221e-05    -1.254380409515038742e-07    1.789659057539264393e-11
2.900001004694042877e+02    9.964991559903408902e-01    6.104585757764026052e-03    -3.850863911292809060e-04    1.341831295592770023e-03    4.185585047232912237e-05    3.197941639402144257e-05    1.169343240531236738e-07    2.873068603438337365e-12
2.900002448732223570e+02    9.983055226904774537e-01    -3.790137271821735973e-03    4.585602301429657747e-04    4.100544920258585742e-10    4.187377931600101769e-05    3.130870825949094472e-05    5.774154026251978126e-07    6.759396925782555632e-02
2.899998162856865065e+02    1.000513253035825612e+00    -4.067654500858894698e-03    -1.698860524070746985e-04    1.031189682115300722e-04    4.089110999410704904e-05    3.081280279973018526e-05    6.019180570074926139e-07    7.760968950924425627e-18
2.900005207654759829e+02    1.002168183498923781e+00    -3.497326507026425006e-03    -8.741103284827355779e-04    6.584492071924041745e-11    4.193852484129312406e-05    3.070707226518650646e-05    1.494364750377499735e-07    6.673678448554963560e-02
2.899998997628197799e+02    1.001257063239509026e+00    -4.125204792466365469e-03    4.121655822651066627e-04    1.322101140723560848e-03    4.166189842173389233e-05    3.116883573871015358e-05    7.392350375091202341e-08    9.906908031145231219e-03
2.900000731932222493e+02    1.002718084210017402e+00    2.382793105527428613e-03    -3.660874979948182005e-05    6.886563869668128153e-04    4.032906676903135027e-05    3.038017926685175352e-05    3.692548005170226600e-07    6.595152693671129827e-13
2.899998088897403363e+02    9.978154606497044998e-01    8.226102036630478925e-03    1.478603231886354782e-04    1.176317584407210633e-03    4.206338098936395213e-05    3.102675958906381867e-05    4.387918890831954143e-07    1.684241953023269626e-12
