# f_r [MHz] A m phi D delta_r delta_ere delta_eim a
2.899996262119113339e+02    1.000306217650002383e+00    -4.715441506967906794e-03    1.612895241700167787e-04    6.453532871435659632e-04    2.457280234241371783e-05    1.462896757360895828e-05    1.029207345123565054e-06    1.340483222515917753e-03
2.900005459646798727e+02    9.979558079359501788e-01    1.002456733994273180e-02    3.726826377614203827e-04    1.338886790286633295e-03    2.342271644072855478e-05    1.428828068563053321e-05    4.001562591908268183e-09    1.035003975412162880e-01
2.900001020671463721e+02    1.000804108169395246e+00    4.468018212918845565e-03    5.263341634252006107e-04    6.756733618805100215e-05    2.499755859995728997e-05    1.516955907594047030e-05    1.240134824870042072e-06    4.068988195185322537e-02
2.899998527909249333e+02    9.996834861489992674e-01    -7.918393865545204219e-03    4.281704862068017232e-04    1.087523076473042026e-04    2.345592762802965888e-05    1.448561798263084056e-05    1.779382706601930317e-07    1.120942096341344071e-13
2.900002690373964356e+02    9.999838684643382880e-01    -7.794003535367703597e-04    3.343086546176135456e-04    3.268662626034666703e-21    2.558922065618252979e-05    1.518883493868045424e-05    -1.822004087774851379e-07    6.838861212538484445e-09
2.899997025131110036e+02    9.988552275528580493e-01    8.553143946349251597e-03    2.648109681678959318e-04    7.101087331655489814e-04    2.282753885198730582e-05    1.373494055985025067e-05    5.648672169444547206e-07    1.419454585000936108e-11
2.900004210495291090e+02    9.997135981511395819e-01    -1.267452127796631642e-03    3.900100751790403896e-05    9.886540166015717317e-04    2.251086635349685951e-05    1.426268637994099397e-05    -7.036449850845343618e-07    7.239971992043887916e-02
2.899998959187356604e+02    9.994232890846233008e-01    -5.858862803379955714e-03    -1.903636737522224228e-04    1.131088704626369117e-03    2.386781298659086634e-05    1.429815693060371935e-05    -5.953679235787435726e-07    8.616507384059312810e-03
2.900004844944364777e+02    9.976374774638108178e-01    -8.876457499670545315e-03    -2.719486231912934295e-04    9.548884250714145759e-17    2.683155015683284168e-05    1.562096442386366215e-05    -6.115728301660284221e-07    5.174604319754187026e-02
2.900001165346753851e+02    1.002666336710473782e+00    5.534171837765741384e-03    9.331625373941677883e-05    1.618860662710711694e-26    2.512980590375495736e-05    1.528560915514397367e-05    -9.120602108212444963e-08    5.052453255106191532e-02
2.899998661314899095e+02    9.990109245659863912e-01    6.527629786086354934e-03    2.490958917631503158e-04    1.034022835315046409e-03    2.154442471320370221e-05    1.396358311038881984e-05    2.029217115469334152e-07    9.353803645478167577e-12
2.899997374002203401e+02    9.992769743495676371e-01    -4.337195832093296462e-03    -7.166924776800098881e-05    1.476589364297749892e-03    2.333957764056839840e-05    1.432174371305326322e-05    5.375422130618091210e-07    2.683313615197670509e-14
2.899997438646442447e+02    1.000223124095208416e+00    3.135679527046565836e-03    9.674320397223647237e-05    1.125813565082667538e-03    2.246173062234336761e-05    1.384778757115953497e-05    6.245142125461716133e-07    2.758077372753013542e-12
2.899999500782482755e+02    1.003784147629085188e+00    1.174295245483768626e-03    -5.411479867885956343e-05    9.265707591042194116e-04    2.286401002309008831e-05    1.378566544195953025e-05    3.083143910660219097e-07    5.617773691920027057e-10
2.900002928063717604e+02    9.980526333019043017e-01    2.719099946117748811e-03    1.128104976485640258e-05    9.764691506989621982e-04    2.392829754934569573e-05    1.421099035997728231e-05    3.425762147839221290e-07    4.299678331179285912e-02
2.900008364107837338e+02    1.000977514416335312e+00    5.354123091293603448e-03    1.277566766335573448e-04    8.083118771513258546e-26    2.766640505307589790e-05    1.529404591066432827e-05    2.136546109915104351e-07    1.194027908070992294e-01
2.899999838614880332e+02    1.004182551234431564e+00    -3.177824917798266740e-04    -5.619936015409639565e-04    5.246334283293566162e-26    2.408677904032125220e-05    1.436429220862430855e-05    -6.284165155706100671e-07    2.685707793282960429e-13
2.900000406739843584e+02    1.000719886349712429e+00    -3.297485992853783302e-03    7.779501036539968343e-05    2.925107712272262362e-04    2.214475138466677330e-05    1.466433451929667149e-05    2.288572381818067140e-07    1.801029284687067517e-08
2.900002499849821902e+02    9.969249292965853826e-01    -1.194198316952070973e-02    1.213077510549317301e-04    7.372950007410934868e-17    2.111241762410804928e-05    1.263534136904368784e-05    -1.138430977471210154e-06    8.814955735610592523e-09
2.899999841568212560e+02    1.000550982819672141e+00    -7.258198516636444990e-03    3.990995991981380830e-04    2.102351444987935962e-26    2.465107952564960685e-05    1.500605186130555863e-05    -3.612113462651288849e-07    1.805215791655502485e-10
2.900005065660845389e+02    1.000830475348253978e+00    5.505526097499265775e-03    -1.975751970487495959e-04    1.289792042502651014e-30    2.570724811902881847e-05    1.508167339949199455e-05    -2.938368899339783716e-07    1.339764468432018130e-01
2.900006810516288738e+02    9.994994779678030294e-01    9.095019673235055571e-03    3.978778774165115566e-04    6.369440392799946358e-22    2.542996255354708127e-05    1.471676104852807889e-05    7.882413211718365122e-07    8.682854077523105563e-02
2.900000251839375096e+02    9.978828760932035857e-01    4.166612466622878451e-03    -3.815817489729300942e-04    1.436631883553960310e-03    2.125868617299230554e-05    1.360630122414729634e-05    -2.547039824580839045e-07    1.019788992175712589e-14
2.900004411583192336e+02    9.990067644013826964e-01    -1.200384141389232093e-02    -4.118697185510949640e-04    2.904130311827943423e-22    2.478138981478081543e-05    1.498139985377107319e-05    5.345134169567353509e-07    9.277730849161001936e-02
2.900002792565094865e+02    1.004787332744025763e+00    -3.177998162080010024e-03    -4.003106596195693816e-04    4.166403881103304223e-22    2.247775643397406756e-05    1.491449948074249205e-05    -7.635872137064360117e-08    4.238073901701139984e-02
2.900000423973717147e+02    9.977595376000737426e-01    8.677576580327674149e-04    -3.117857587375444969e-05    1.785934905265916285e-24    2.639705649241905452e-05    1.434877532451829735e-05    -1.353853583363702723e-08    2.380065368360572988e-11
2.900006786932700606e+02    9.996017042702294297e-01    -1.345639030533293465e-02    8.680657331657622904e-05    2.977261500282933713e-03    2.426342148881123446e-05    1.385353107514781802e-05    -2.574134976964446305e-07    5.839077954326780950e-02
2.900001938825765819e+02    9.993496222278467345e-01    -2.560465750929809270e-03    1.282611018036801886e-04    2.526946657336810070e-34    2.235349276479220784e-05    1.400363840434673212e-05    -9.239608653977304457e-07    2.616497145924405572e-11
2.900001989079828491e+02    1.002085263939126225e+00    2.420719679033197722e-03    8.183373489530754554e-04    7.357858967584187621e-28    2.350892509539324310e-05    1.355383963469327712e-05    -4.533032560135466723e-07    5.718317971654929925e-13
2.900000307996293714e+02    9.994008234219433628e-01    -2.598593824889737849e-03    -2.480860467432345639e-04    4.797741547301901180e-04    2.309297793770849957e-05    1.302364161506353594e-05    1.262522409512953791e-07    2.556026267386710255e-12
2.900001532223171239e+02    1.000893498875431886e+00    5.844022943987233799e-03    2.586307169925086544e-05    1.198667743288126064e-14    2.271088272526284408e-05    1.436828884022796060e-05    1.620377214979469315e-07    8.347561795995819475e-03
2.900000433461732996e+02    1.002023127194797025e+00    1.254564103723709509e-02    -9.657738923666809468e-06    4.680311148459184754e-23    2.464904676286465868e-05    1.497574457363609913e-05    6.029052032961894021e-08    7.781106302404734277e-11
2.900001210488358083e+02    9.981799106989109882e-01    -7.297889964490820655e-03    -5.183253403064030067e-05    1.828545903506590904e-19    2.229541446232791458e-05    1.357916624736748398e-05    -3.443261129944087308e-07    9.719908949240383776e-11
2.900000455243090300e+02    1.001302100546490603e+00    8.798520327444525266e-03    -1.059315087427411167e-04    1.028192331252159323e-29    2.178093541528416976e-05    1.435081398744276182e-05    2.144973767563290121e-07    1.677482187774173187e-08
2.899999582837342018e+02    1.000588081925910533e+00    4.702142780756165749e-03    -1.049193301040191278e-04    3.603402079199320890e-21    2.652163223625103933e-05    1.476120101102646446e-05    8.743478331531145642e-07    1.469991096593810596e-10
2.900002176968916956e+02    9.989571128897658525e-01    6.271777869030571544e-03    -3.674564961546573981e-04    2.862634059029485524e-20    2.445167597390371386e-05    1.418770202224188259e-05    -7.564730964109506384e-07    3.548277202189569012e-09
2.899999220263296706e+02    1.000191728456448770e+00    5.171112418781765620e-03    2.781714764156141160e-04    4.364821798406250933e-33    2.250886087929996723e-05    1.388445330582886084e-05    1.243662942899002004e-07    1.066025188825742018e-12
2.900001235135234765e+02    9.975712890550322287e-01    -7.422702206300228409e-03    -8.702789467001860360e-05    8.964331935317121141e-04    1.984874406148455861e-05    1.277713552613171907e-05    -1.014881112031230002e-06    7.641188633384800484e-03
2.900000461954597881e+02    1.000309206620151325e+00    -5.430768381211712251e-03    1.572917326953553923e-04    5.540362515281403263e-27    2.449939275981934101e-05    1.462340480640128557e-05    1.403205560762377104e-07    1.038814896669705556e-02
2.900003409081905374e+02    9.999926456834452582e-01    -9.978343978277197292e-04    -9.504016468429903270e-05    2.860038669454551007e-04    2.206622809012876319e-05    1.400521322564090005e-05    -5.606553808283796162e-08    4.802470026416216092e-02
2.900002338587882491e+02    1.001590135605215037e+00    6.573876349817346296e-03    -2.795928852541539332e-05    3.869636559535172401e-04    2.288616440633654757e-05    1.337421069250923878e-05    1.709220770262988790e-07    3.515272177393029968e-02
2.899996146268877624e+02    1.000382784652564583e+00    -5.400472324955467827e-03    -4.047087398805675543e-05    4.566995369897814436e-04    2.442631180211882227e-05    1.332526827941166135e-05    9.755168180277651455e-07    1.670710031044785613e-11
2.900004920607357235e+02    9.972367084047760732e-01    -1.706349862940821291e-02    3.868572043315975399e-04    1.565386582225108210e-22    2.398918546758959985e-05    1.450029114138573272e-05    2.728628604629164639e-08    7.258515060564606214e-02
2.899998588601085316e+02    1.000174748001150249e+00    1.108981085498920240e-04    -2.413468641285580188e-04    4.481135585665741651e-31    2.433173034443511095e-05    1.384565419002593054e-05    1.665227975994130756e-07    1.317908984456376935e-02
2.900001076909115909e+02    9.967906729985138714e-01    -9.573462548181217030e-03    3.160747543567857059e-04    1.954126288344170647e-19    2.477067268349991119e-05    1.443948679068662961e-05    6.014998498977303451e-08    1.957085593531704762e-02
2.900000504550332039e+02    9.990799738478656211e-01    9.329241881145476298e-03    -1.387795743743549015e-06    1.096848803126245289e-03    2.330062341753784885e-05    1.398275473843732153e-05    7.684834824331251506e-07    3.263212796067817468e-09
2.900005308564080337e+02    1.000066811732979621e+00    -7.699218152873136753e-03    -3.232528248220051855e-04    3.854537160571548600e-27    2.553309550865068877e-05    1.538615899621784849e-05    -1.770254900597202591e-06    1.904381218964099023e-10
2.900005249071788853e+02    1.000079863757736387e+00    9.669644726425098702e-03    -3.441098773247395440e-05    2.108099781019478803e-29    2.426038868982849372e-05    1.434543962962590693e-05    -5.099643700195741027e-07    1.836165707325212310e-02
2.900001344915811501e+02    9.986569917750279801e-01    1.081198796786633949e-02    -1.817061166567635522e-04    2.735661187586956388e-29    2.640989724884701553e-05    1.522319736000264693e-05    -3.988963488443715092e-07    4.282297930723485323e-10
2.900004686977193273e+02    1.001210176111597017e+00    -1.428760709260390102e-02    -1.878642023927901519e-04    2.077005621818481078e-03    2.367493465489797926e-05    1.468747361641401826e-05    -8.569645773531831444e-07    5.114520285848037084e-03
2.899996689461633537e+02    1.002151010024195710e+00    2.774420982012077656e-03    2.036989717313437065e-04    2.323700881400413599e-17    2.671279588924961731e-05    1.534622838930356823e-05    6.684321341805194724e-07    1.012956714957359390e-09
2.900003692903314914e+02    9.983361295094429488e-01    -2.768171508773428161e-03    -1.408399192938422737e-04    1.549749374752921371e-15    2.538965938327834257e-05    1.496748071102889935e-05    1.290478357302721179e-07    1.064634880377431786e-01
2.900007295802096792e+02    9.997573342116504724e-01    -5.452264361314512666e-04    4.150405351940580543e-04    1.562887910156010021e-03    2.259457879985454562e-05    1.445232295253416770e-05    -5.044526310568949605e-08    1.533450971935867990e-01
2.899997844892284320e+02    1.000545814509496534e+00    -6.704125475656078775e-03    -2.469472916851365128e-04    5.441002275073529207e-05    2.290030431218756477e-05    1.421687378064073845e-05    -1.312447890488812760e-07    9.055284523962390406e-11
2.900009972488985568e+02    1.000209493949930417e+00    -4.079495805108838795e-03    3.646932596722001645e-04    4.321393782233088032e-20    2.449161414794169992e-05    1.473274097174810634e-05    -1.104686009297991858e-06    1.121333329628771969e-01
2.900005942530888206e+02    1.000335713873315990e+00    -1.032653698876460566e-02    -1.955868180533655337e-04    1.004905296127346372e-26    2.510547254975761239e-05    1.414264853500997075e-05    -3.231237312344420760e-07    3.204988315872441679e-02
2.899998379789610112e+02    1.000489315848921645e+00    4.027132622858741254e-03    3.013621417005484361e-04    9.286686938855397448e-04    2.263906881808451269e-05    1.356327404178105710e-05    2.552566829133759609e-07    2.518862255888573896e-09
2.899999636113124666e+02    1.002632866929774380e+00    1.247485485172219848e-02    4.158243800550625300e-04    2.633388190399376129e-17    2.513954353695281634e-05    1.438408708935981888e-05    -8.990373548069713387e-09    1.694303123200110816e-10
2.900002786525342344e+02    9.975180279287508833e-01    -9.103673130923837370e-03    -3.695596127991299519e-04    9.578791752560869763e-19    2.267947174443636879e-05    1.311616715515030966e-05    -7.663539997656704341e-07    5.572120129563973984e-02
2.900000698105656056e+02    9.973285451074690444e-01    6.250142506639021732e-03    1.787568406828934648e-04    7.922765500285166884e-18    2.386706760627026975e-05    1.403312857852121205e-05    1.953675483577176914e-07    3.141905021769271240e-03
2.900000177541592166e+02    9.984954894886209908e-01    5.594127466113069103e-03    6.089694951154623313e-05    5.277189651798335829e-22    2.415616534824702714e-05    1.353778628419746118e-05    1.291816136217036088e-08    1.667521604278858215e-09
2.899999265545207550e+02    1.002334597997008636e+00    -2.982202116666892496e-03    2.770361501839435506e-04    1.791904510245758114e-04    2.314656044073094124e-05    1.432065546794407019e-05    2.538742151931213677e-07    9.415324701977692209e-03
2.900003092743908724e+02    9.994895039672522241e-01    -2.987272279460298670e-03    2.579162913596548968e-04    1.912404351004122291e-19    2.317210425817414703e-05    1.412263876764341535e-05    -4.952078953017042281e-07    1.101064506489648916e-09
2.900003605220832696e+02    9.998353803517825433e-01    -7.205227435799752868e-04    -4.248263719519976321e-04    7.891727476896732898e-04    2.277217384719017494e-05    1.343711850594586407e-05    3.473003428287653743e-07    8.718551773400148863e-02
2.900002306006938397e+02    9.964798688699587625e-01    2.248191140158403191e-03    5.273110583496276268e-05    6.836844489735425297e-04    2.300641638087759833e-05    1.366883629774804800e-05    9.162546146460249588e-07    9.105435607454860636e-02
2.899999591210355447e+02    9.995980732436893224e-01    -1.594503328074357547e-03    2.723482142165879923e-04    1.412434164494236546e-03    2.234867618438019668e-05    1.367446986396528441e-05    -1.045978534827888390e-07    2.077350225880500196e-15
2.899998037595317442e+02    9.995571108667671290e-01    -2.688274904642423517e-03    2.428167253634394259e-04    7.731151070160613649e-26    2.507699644875473137e-05    1.465865297828817780e-05    1.421554856087134074e-06    2.424369949443450094e-12
2.899995767874092962e+02    1.000875569772301521e+00    -2.522975673803828055e-03    6.055500376417209587e-04    2.906008829517897152e-04    2.704432108329430490e-05    1.479712046043085459e-05    1.845266826027308428e-06    5.804377741718543029e-13
2.900000475226183880e+02    1.000403146344415184e+00    -1.149635731048842362e-02    4.430174690183037045e-05    7.640922063274569378e-23    2.460424970910612863e-05    1.453270649392009922e-05    2.273651890004899246e-07    2.900254584316542400e-02
2.899999615606043335e+02    9.982245904383638679e-01    -1.229190934998008675e-02    1.246774231886104691e-04    5.090873095270950083e-04    2.425281865900813166e-05    1.424422238891040058e-05    4.720672071921215226e-07    5.356838400975981500e-09
2.900003204723268482e+02    9.994903051361122559e-01    -3.262940771171903877e-03    -1.588994334879230384e-05    5.141691356902398704e-24    2.340337463552680350e-05    1.461813299227331815e-05    4.935755725206346587e-07    9.245120269555039128e-02
2.900000116440594979e+02    9.988573922508738878e-01    -2.814402430870984861e-03    -3.227434441933410818e-04    1.533582058455580668e-30    2.507805622383863693e-05    1.458352771463727684e-05    -2.728112182937198350e-07    6.096446879850239914e-13
2.900003256118470745e+02    1.000011692041657518e+00    -4.326311470059099502e-03    1.878287650672366325e-04    5.365352718752295627e-04    2.294578534820110465e-05    1.383851899117996963e-05    -1.285033030975665640e-06    1.045154082453439444e-11
2.900001094518761988e+02    1.001665884004125484e+00    -2.141623572210096197e-03    -4.498681512265498067e-04    2.619810131243682054e-17    2.492837311730125219e-05    1.498521687905853002e-05    -4.236074507712772128e-07    1.108233861715866237e-08
2.900000193525229406e+02    9.999545892517170964e-01    -1.921684395569956674e-04    1.044519240388165969e-05    1.135057447264860615e-14    2.603764999574585798e-05    1.410847653213689037e-05    3.211809831286346986e-07    5.451426345545685069e-11
2.900001466127311573e+02    1.000792050354356366e+00    1.935179082848346652e-03    1.847446499713442823e-05    4.886225810372810621e-16    2.245999312486743473e-05    1.387950805607316274e-05    -7.657262436449035082e-07    4.626945498551011017e-10
2.899999185670984616e+02    9.970384423737720381e-01    2.071475304987563121e-03    1.052299830874531912e-04    1.058172054979271155e-03    2.684398477134553428e-05    1.496988341273172211e-05    1.234965775746701498e-07    2.912382994977597086e-13
2.899999859798705302e+02    9.997124518329542076e-01    7.299128174633397366e-03    2.092454788251661420e-04    5.788217030817530617e-04    2.660254903801187630e-05    1.530582270845172845e-05    2.386398927313312147e-07    2.665201820734382568e-02
2.899999768510540434e+02    1.004107767289172726e+00    1.518118868742452006e-02    -8.703516976385193842e-05    5.215935931276687485e-22    2.592638756191761933e-05    1.515717362051062019e-05    7.058612105126529180e-07    5.980142240555282665e-10
2.899999874562691389e+02    1.002547642440631881e+00    5.380988368654425306e-03    2.348480954347419625e-04    1.477609322883938290e-03    2.352590577456214476e-05    1.434324027796449995e-05    4.960605333989867014e-07    7.247459241078585412e-02
2.900002941347846104e+02    1.000547624868515229e+00    -1.790985430970079431e-04    -2.345025029324823208e-04    2.356382513062606958e-04    2.380519742954438240e-05    1.487933107736160426e-05    -1.155946004118455051e-06    2.521979181409659361e-09
2.899998329142439388e+02    1.001897911529932905e+00    -6.177938985877943524e-03    -4.395019656333857714e-04    1.733772243578056991e-03    2.295511787882513257e-05    1.357974708716372215e-05    6.382893968356723952e-07    3.233024708903109870e-10
2.900002426073203310e+02    9.966400417139580359e-01    2.340758911310787324e-03    -9.994945712699595283e-05    3.370460386708007991e-04    2.580558274910145749e-05    1.461413524656997157e-05    1.826015258269210304e-07    5.525119403746713009e-02
2.900001864352104803e+02    1.001920154730684631e+00    1.275781575575976774e-02    3.703015426354554233e-06    2.569893462493463230e-21    2.404566479505061731e-05    1.480179207060563166e-05    -5.451115824938246256e-08    8.282124954785577073e-03
2.899998762620662660e+02    9.989796587796631044e-01    6.677679771477641702e-04    -1.202763599025640211e-04    6.805136144137234524e-04    2.183711105511511398e-05    1.299630699500394256e-05    1.051740877722375927e-06    2.785554188681355677e-03
2.900008253950622930e+02    9.979281302718971958e-01    -5.192930534443972700e-03    3.870413746754392979e-04    4.249758791032342701e-21    2.462430137481221818e-05    1.453075609094409406e-05    -1.542371663452364997e-06    4.741873909836245848e-02
2.900004000579554599e+02    1.003028087755472031e+00    7.449540250042662945e-03    -1.409809236210172014e-04    2.836492997776406122e-04    2.503713431645309564e-05    1.455666857468395670e-05    4.516228766922266849e-07    8.253327671520409303e-02
2.900000110961581754e+02    1.001224973493362924e+00    1.365273873760483592e-02    -5.568842692969225468e-05    1.315965747341989736e-21    2.660480045788317846e-05    1.525055553965731103e-05    6.263712060249738107e-07    7.872096438725119049e-09
2.900006684072913004e+02    9.985394950854128426e-01    9.376151144637356232e-04    2.149551730874293628e-04    1.420384304314198202e-03    2.279077144679194907e-05    1.429938459437218084e-05    -6.539291774711136758e-08    6.580344697835138756e-02
2.900003284108849471e+02    1.002881429196887053e+00    -5.860834762842416501e-03    -5.889787173494100006e-04    2.346001074508808777e-32    2.495707282320797250e-05    1.403999257838111084e-05    -1.052475904412543297e-06    4.644710065581975772e-02
2.900006410941845729e+02    1.000744614012043510e+00    -2.546864088727868614e-03    1.273387820819598011e-04    5.227485234091266295e-19    2.329008347839720466e-05    1.416492400158188266e-05    -2.569285225624625378e-07    1.401840443781233181e-01
2.899999844089073804e+02    1.000551449657764325e+00    -4.258891492671188460e-03    -1.995291110840888404e-05    4.661724046516591263e-04    2.092479084506936829e-05    1.293037747546773629e-05    6.104752578734209333e-07    3.019703219566611227e-13
2.900002915484650998e+02    1.000478130078266803e+00    4.025343091276992712e-03    -3.303009596273246036e-04    1.351987928754118288e-34    2.355910410883214334e-05    1.414751027122144253e-05    -6.898095239907313168e-07    1.107276264357447745e-07
2.900005570719517323e+02    9.981017829641490868e-01    -3.374818876206474912e-03    -1.751977769695925425e-04    1.267779268029880346e-37    2.518999160881791731e-05    1.371903994260188775e-05    -1.409031543028077816e-06    2.806556131262535904e-09
2.900002352256458380e+02    1.001740300844772502e+00    6.601481971193638720e-03    -2.185007608500107602e-04    3.242031984454456358e-04    2.333840064511223244e-05    1.412550329727768377e-05    1.066252259283834809e-06    5.227679713911867476e-02
2.900000225818503736e+02    9.988477776132340669e-01    7.287212675786618014e-03    3.801982090176193960e-04    1.126818748527267430e-03    2.269878860968793636e-05    1.337655850756879312e-05    -5.990710145906109833e-07    1.699813695323105014e-02
2.900000577328229951e+02    1.000014122034009301e+00    -1.703470906506256892e-03    -6.013445883832021534e-04    8.324729878413994268e-22    2.432557544940944881e-05    1.435582173575011249e-05    -4.703401112478370698e-07    1.033012379243196934e-10
2.900005877663080014e+02    9.955450865799698734e-01    -2.725332582482740441e-03    -2.006869453818753456e-04    3.380569020364740149e-24    2.232800801331435054e-05    1.420696990384256260e-05    -3.644212234340217662e-07    1.049097676300454890e-01
2.900004432158793293e+02    1.000598026067806012e+00    -8.648229822566695646e-03    -1.785184216891755359e-04    4.228554466950214471e-17    2.527038887919514233e-05    1.471087113853368599e-05    -2.004567987383484704e-07    8.974635209051233520e-02
2.899996828712303341e+02    1.001858631484932038e+00    -4.385586742784336987e-03    3.353535352531158498e-04    1.169074330429302824e-03    2.362805287965786492e-05    1.324265243988317607e-05    -3.521310020351864888e-08    4.621565954560401966e-11
2.899997936929174784e+02    1.001497418336086742e+00    8.410769955228753533e-04    -3.466640798167692963e-04    1.883785181399584396e-25    2.143713438759522745e-05    1.444957367802725087e-05    3.016326479433951228e-07    2.094295963600711716e-10
