# f_r [MHz] A m phi D delta_r delta_ere delta_eim a
2.899997936752524765e+02    1.002874493472791118e+00    -4.932914957689259975e-04    -1.557080192397967478e-04    6.828540802060857964e-10    4.683210163199413606e-05    3.660358185693254424e-05    6.911323094401671630e-07    2.190350692934072297e-03
2.900007786249710762e+02    9.989270818463117374e-01    -3.170417692744115137e-03    -9.003362617863883101e-05    3.690941220772880980e-04    4.811043236658696257e-05    3.798126635604055041e-05    3.307971923154689003e-07    6.792190253030251645e-02
2.900001497905607266e+02    1.000158598851065728e+00    1.277248788269446170e-03    -5.386550553300717675e-04    2.727938380659618582e-04    4.583442859335461558e-05    3.772197346164962093e-05    -4.105137905330783573e-07    8.715809409181796336e-14
2.900000908611655746e+02    9.999724979271092939e-01    1.280524874368610616e-03    -3.661636996480283394e-04    8.683249632178648544e-15    4.677002175037444509e-05    3.761108319386575333e-05    1.563082272641614727e-06    3.433901890548789887e-02
2.899998613290246681e+02    1.000085195900632495e+00    -8.899528007252332715e-03    -2.203965260221839903e-04    2.000893337673866897e-29    4.672503675352578437e-05    3.771934123976431261e-05    3.522658601911351891e-07    1.420683313306540099e-09
2.899997218216149122e+02    1.004039563376835309e+00    -3.397620704147613982e-03    -4.549104765316418916e-06    3.287202830410120794e-04    4.804139579368884189e-05    3.873675931665100165e-05    9.481988877354179001e-07    2.801814691802792036e-11
2.900000551173757799e+02    9.972211916120485853e-01    3.709240480116894525e-03    5.107823949366999778e-04    1.197560986336985468e-03    4.533554382148967008e-05    3.678787884215601657e-05    7.426006873227409898e-07    5.412600390931064968e-11
2.899998384873027248e+02    9.955166730204866310e-01    3.481399384934118907e-03    -8.265849237730757198e-04    7.133766947861652633e-11    4.970776957916290498e-05    3.746165421490778481e-05    3.647532174536047815e-07    2.275602299408437431e-09
2.900001838075766045e+02    9.979442053486867747e-01    -2.124621856443481820e-03    -1.278191898790922033e-05    1.785844983509254046e-03    4.884887140439856035e-05    3.733364156883298862e-05    -4.117280606207810224e-07    1.330716064122985931e-02
2.900001915073150371e+02    1.001725171240088308e+00    1.728636969413802028e-03    1.885330287049349462e-04    3.607109234140829801e-11    4.948944839328973580e-05    3.788796104221146046e-05    -7.457786335724317638e-07    9.170262970512332162e-03
2.900000781416807740e+02    9.996741065638254931e-01    -5.085209586417760311e-04    -4.975411233909175996e-04    8.405888141058057682e-09    4.784453681479235680e-05    3.749805621115861776e-05    1.907345976471906252e-07    3.124528714504151470e-12
2.899999774930613512e+02    1.000695621382414968e+00    5.542218369785445985e-03    -1.823738714584117234e-04    1.158911733313023685e-03    4.564365457584880221e-05    3.776722895924673008e-05    3.861509520005036265e-07    4.787284443362852286e-11
2.899998573180500898e+02    1.001745504778289941e+00    1.223054068682085001e-02    -1.772144889761932229e-04    3.138317533853747766e-16    4.833533366175428323e-05    3.662462314761578383e-05    -3.267593452143645063e-07    4.185863428996844194e-09
2.900005756608196066e+02    9.982449574365991340e-01    5.072682906398883265e-03    -4.921091917034156344e-05    3.022696677436141968e-03    4.930246302962253428e-05    3.824204341839334908e-05    -1.194603835419451144e-06    3.197741538872402034e-02
2.899999958632168386e+02    9.975010963565578148e-01    -1.166715628566402686e-02    7.093275294573035954e-05    1.888409908074708707e-16    4.766637022072696671e-05    3.777947112713531575e-05    2.182033393844364619e-07    1.115307700467708638e-09
2.900000495757122962e+02    1.001052051533675824e+00    4.971646512413511500e-03    -2.846518565988812055e-04    2.125322355753835442e-15    5.029349002987401331e-05    3.895561046142429905e-05    9.229219519677482629e-07    1.213084823195010459e-02
2.900001031910654774e+02    1.000102618827233725e+00    1.935148932525689513e-03    5.940004216230173337e-05    1.805890189365241103e-05    4.678882239664817707e-05    3.880675695219105986e-05    -1.234077814795426097e-07    8.464352841883990980e-03
2.899999572993410197e+02    9.986642030114679658e-01    1.125041604070382145e-02    6.939077111318071227e-05    3.552479496441330003e-12    5.000358408484616515e-05    3.878440675113049185e-05    4.616058540583929268e-07    2.286205393424044219e-02
2.900006482742489311e+02    9.988000087066271071e-01    7.159635029923686923e-03    -7.035202320791186315e-05    1.211316839816451232e-03    4.940664076480476920e-05    3.797657041705314080e-05    -9.948911370315009225e-08    4.999375332776634373e-02
2.899999476681026067e+02    9.964989336441587575e-01    4.519996412431541639e-05    1.120803617580162542e-04    1.161647867372134647e-03    4.813493083376467176e-05    3.769318520137901273e-05    3.838349306846157625e-07    3.857877281221037492e-11
2.900004823404592003e+02    9.972343144067963294e-01    -6.206738057024971389e-03    -2.759659047318515886e-04    4.822160450915608139e-22    4.645254467752035998e-05    3.688357899659608927e-05    -6.310204395777285620e-07    3.698498296183579115e-02
2.900001993145786514e+02    1.002117874920281704e+00    -5.353041744439779141e-03    3.688801475591776914e-04    1.800193126927580045e-15    4.763427552776819499e-05    3.677567264575764205e-05    -1.652041047383271981e-06    7.961881124238514087e-03
2.899999704212025904e+02    9.996505020876698122e-01    2.856566278078473062e-03    -4.614759598123395202e-05    1.745482275278111960e-03    4.672263826037183898e-05    3.813243543775474180e-05    2.573142846288819361e-07    3.547608834844097336e-12
2.899998857297665040e+02    9.979354392090787895e-01    1.216970917226682658e-02    -1.911310829015908216e-04    4.807376142900776776e-16    4.850132396938953196e-05    3.826707295404503830e-05    1.257082547880253214e-07    8.509070831197523475e-11
2.900004456814970126e+02    9.984507507691279260e-01    3.612331178496446665e-03    3.539660719380883450e-05    1.153935454386900664e-06    4.950097858243360260e-05    3.773451406102234156e-05    -7.512512797000644603e-07    2.984641374165760558e-03
2.900004660696953351e+02    1.001439935863029707e+00    1.433307034892569026e-02    6.426097130696176618e-05    2.992811883678801164e-06    4.656363315150212844e-05    3.721563255573218158e-05    -1.372634783366350924e-06    2.594554797448719364e-05
2.899998630981509677e+02    9.979779907000095873e-01    2.312248967852880994e-03    3.124177300810478098e-04    5.293688423892772615e-04    4.946280290879799578e-05    3.829409573204073977e-05    6.833152611423899128e-07    5.719839275071698925e-13
2.900001977463476805e+02    1.002573698236649768e+00    -3.521559843443634440e-03    -7.711510403785891746e-05    1.334889814325231719e-19    4.587446891643500693e-05    3.702712554930243669e-05    -5.554172311501884117e-07    1.347449841415669207e-10
2.900002492033572707e+02    1.000549211237048430e+00    -1.472849579282907613e-02    -3.578899020641675187e-04    9.279107364526340996e-18    4.667657727478966847e-05    3.754351960778871077e-05    -7.150419007684957208e-07    1.649050473552746490e-02
2.900002918566995049e+02    9.964931274783788151e-01    -7.672134139998806543e-03    1.325742098038573604e-04    6.521277757400458360e-13    4.788054153206563188e-05    3.831459039961521645e-05    1.176481580042228031e-07    3.664382818155573207e-02
2.900001305461099719e+02    9.978095665390041002e-01    -1.023044176840809567e-02    1.063208415831366738e-04    7.281005955573779075e-04    4.569303889168853952e-05    3.680827473137313955e-05    1.032071664209044612e-07    1.538851694014658854e-09
2.900000883271684415e+02    9.989576861910731687e-01    9.716242626636294871e-03    5.239127361133290046e-04    8.003613465914470333e-04    4.694804470622067778e-05    3.781047905453429437e-05    3.175414148506029436e-07    1.019721348956357684e-11
2.900005727268356850e+02    1.001939204889631840e+00    -1.162861505957878995e-02    -9.218007670362849011e-05    2.984964428608067941e-25    4.943099226263209238e-05    3.889428752017411617e-05    -1.545612908456858332e-06    1.511980062527263256e-11
2.900000695090920999e+02    9.993816640141139906e-01    -1.020001744583644981e-02    1.229174423644357474e-04    2.006478318547131721e-17    4.489648355868849824e-05    3.568853977492994077e-05    -1.657793336222139210e-07    1.847592824937307338e-02
2.899998019981639459e+02    1.001041894171939006e+00    -8.733266841168865410e-03    -6.744222189772639897e-04    7.938361635240329854e-04    4.955228865746251867e-05    3.870101621503510038e-05    2.698051935155296543e-08    1.874562663499921576e-14
2.900006479344876311e+02    9.979825579404624225e-01    -4.922780554357344615e-03    8.389217336360072635e-04    1.451300415710579444e-03    4.641431794407509996e-05    3.774013817316611334e-05    -8.726348161242684148e-07    3.358807083363257034e-02
2.900000701875390519e+02    9.992064922190062592e-01    3.071456845489982899e-03    3.038509854196732012e-04    3.963960789450937034e-14    4.761573457788267699e-05    3.830396582270034235e-05    3.204711899678236395e-07    6.406223303682778122e-09
2.900002060009879870e+02    1.001145516104865685e+00    -7.539352031373409979e-03    4.475078015350970667e-04    8.612918950205899530e-16    4.988069161929876142e-05    3.908094734488851499e-05    3.315513894315910107e-07    1.620995974409967153e-09
2.899999096618765293e+02    1.001173250314637331e+00    -1.887359589869586247e-03    3.794125403546280456e-04    1.757544160876931558e-03    4.548157884052718013e-05    3.703752009356541463e-05    -2.075974262474355420e-07    2.080644142766195159e-13
2.900003484400843945e+02    1.001348577532035433e+00    -7.809213231713605513e-03    -1.262244214092824183e-04    1.442567132659904051e-14    4.681319218958266939e-05    3.695501420701655928e-05    -6.409791915030313638e-07    1.403762995777549198e-02
2.900001782122470786e+02    9.989349195416851179e-01    6.293879654362232855e-04    -2.669677377579558622e-04    4.048685509435855806e-04    4.844978460352270574e-05    3.871533680788199713e-05    -1.322694779857875676e-06    1.894705287060412144e-09
2.900001783181554060e+02    1.002388802729144546e+00    -1.232365348320445947e-02    6.664869473702486982e-05    1.382876844577268045e-03    4.830638159043969482e-05    3.839206893834133075e-05    -1.637803594828701171e-06    1.042205468743181928e-11
2.900009052134373064e+02    9.979927771742098663e-01    2.106141003475051586e-03    -3.383979978978757881e-05    1.136229108772596934e-03    4.341809387445903833e-05    3.575351310835842250e-05    -6.746604800107417294e-07    9.335351470109282124e-02
2.900006397539130489e+02    1.001403111864901607e+00    1.384729870896899383e-02    -1.065693804067887267e-04    1.519042676216287571e-04    4.871366924101046139e-05    3.893863793064118565e-05    -4.502068255816097500e-07    5.291909854158532989e-02
2.899996057638678622e+02    1.002795198005426158e+00    -1.301650287940821736e-02    -1.408872871879620556e-05    3.122686317874003763e-04    4.764230158995282240e-05    3.796461427829158790e-05    1.305617569344954734e-06    5.395982836484710335e-13
2.900001425854083550e+02    1.001895188739480025e+00    -1.167262165520067951e-02    -2.487628677554693966e-04    4.770336035122006344e-04    4.824411425007892154e-05    3.846142193400366264e-05    -5.502552491795874254e-07    2.624105178770400965e-15
2.899998222266034418e+02    1.001381199498670105e+00    9.618941945593853862e-03    -2.980858238415499549e-04    2.147802765272934303e-03    4.823382051958871261e-05    3.871559326625806456e-05    7.949702867946849439e-07    3.340685231238921363e-17
2.899999934339292622e+02    1.000288443814452810e+00    7.829372971837894254e-03    -5.979082414545281875e-05    2.778742205608636297e-04    4.731368812127021648e-05    3.632400016562095511e-05    8.415753391438765159e-07    3.777052029888455570e-13
2.900003558974082694e+02    1.003058896951137369e+00    5.410603767999407933e-03    5.379055114600460622e-04    5.881269231476534938e-04    4.763188386138406447e-05    3.808266226216779315e-05    -6.371771894392249769e-07    1.065623124585311664e-11
2.900006409155178630e+02    9.971805048491442225e-01    8.449433726545583362e-03    5.138749745533753024e-05    8.933167088650161480e-05    4.684160704551430039e-05    3.656634822903058083e-05    -1.966119626835180891e-07    6.993782796853506567e-02
2.900004422632626984e+02    1.000443165865399830e+00    2.975084403297732251e-03    1.094412097221092515e-04    8.842778565382071322e-15    4.859967680844105137e-05    3.672785811682612777e-05    -7.946440604550237014e-07    1.471598481245533428e-10
2.899996660698890310e+02    9.984048511427068284e-01    -3.016571855949426798e-03    4.795544198891399878e-04    3.408101368091124715e-04    4.899143599200852031e-05    3.805368912890380611e-05    1.373164729806841337e-06    1.030234039441247224e-11
2.900000531453356416e+02    1.000401937058531532e+00    -1.247186512911138342e-02    -2.319519834888632542e-04    4.877532347085302843e-04    4.666501895596446460e-05    3.728976024494035329e-05    5.497641575602071160e-08    9.726512175814647221e-03
2.900000887367302198e+02    9.982747189805013521e-01    1.117484637289905929e-03    -4.563247064853635142e-05    2.579435870617801289e-13    4.882654319180138345e-05    3.728595140672245412e-05    3.753116071468642334e-07    2.304938049178784434e-02
2.899996990196320326e+02    1.003182614744096535e+00    6.246123100561229609e-03    -1.461102034703039689e-04    4.301678097284947211e-04    5.113513813271669496e-05    3.951876837421818467e-05    2.106275973589418082e-06    2.647759672686426145e-13
2.900006099331930045e+02    1.001700032157810449e+00    -7.149095305556940269e-03    -5.549898434755337574e-04    1.105869707957977689e-04    4.977305993542902176e-05    3.933048398148743274e-05    -5.166708660103168067e-07    5.116863492461266177e-02
2.900009742769041736e+02    1.000156936915994388e+00    -1.398659130812362344e-02    -1.268163695259878255e-04    1.911393992058041348e-03    4.934189856788117489e-05    3.788164703532330869e-05    -1.951003507728570469e-07    6.670015195080823689e-02
2.900005575516063914e+02    1.000615646838681094e+00    -1.036640408232797003e-02    1.359647204420028093e-05    7.420718292590567074e-15    4.885080757793368588e-05    3.681535057916900626e-05    -5.327068122181672188e-08    5.372931623141288110e-02
2.900007558298009371e+02    9.984936423179880949e-01    -4.180459859072649907e-03    -1.682342340253637273e-06    2.029651278506210074e-14    4.806950543273255612e-05    3.684878686986646219e-05    3.070600661574216813e-07    6.968349630574000031e-02
2.900000570318217683e+02    9.980562937005682533e-01    3.321614363960851985e-03    1.267812620121269382e-04    1.791013508633375806e-03    4.983250642544940020e-05    3.938447801448210372e-05    6.022202660479852245e-07    1.035755488371965793e-02
2.900001657406099866e+02    1.004295255667438269e+00    -3.042789178296501757e-04    7.150668113292772948e-04    2.223838237643345852e-10    4.451973578964849362e-05    3.610473516623326099e-05    -9.923220403386957552e-08    2.875635737690057994e-02
2.899998980626790512e+02    1.001525125418782691e+00    1.212474709959582113e-02    1.465485432883089061e-04    1.742210662368144900e-22    5.195731715046354249e-05    3.989677257400010715e-05    1.533774017713949581e-06    7.520916155140399545e-03
2.900000564941706784e+02    1.000287541254348822e+00    2.576308315420653382e-03    2.096683047565798749e-04    3.623420522523342712e-18    4.917534978153503090e-05    3.845490598142710837e-05    2.988776326526153010e-07    1.613108742360256850e-02
2.899993803021906160e+02    9.982161884476544733e-01    9.128428585129202966e-03    1.926940518005193948e-04    3.265973531605665363e-09    4.519675053375532200e-05    3.626102805588362265e-05    2.144629282285920098e-06    4.736109032163881649e-13
2.900007181299157537e+02    1.002151731170041415e+00    4.963297387880170886e-04    -1.654224625408689717e-04    4.807434565245977154e-18    4.722399350384010795e-05    3.672909734707901992e-05    -6.693795629048339216e-07    5.455756017924206364e-02
2.899998654708560366e+02    9.997299771150693903e-01    5.884512878469866891e-03    2.674985304361633285e-04    2.488380757957716228e-03    4.405472647351997404e-05    3.500776106228614134e-05    4.037470635878075522e-07    1.365908137131508322e-13
2.900001600621185958e+02    9.990282315711251915e-01    -4.402786862809525761e-03    -3.099791586834536872e-04    8.394037055080401854e-04    4.837312836079554328e-05    3.734119676102401892e-05    2.850533468977973550e-08    2.217985694707679672e-02
2.899998551735086494e+02    1.000347747744802618e+00    6.318681209531214031e-03    6.883768339256826152e-05    8.291168460176982825e-14    4.810515301020580468e-05    3.765352040279303596e-05    3.065071556301941665e-07    7.827981161830587389e-10
2.900005707963692885e+02    1.000483782585379400e+00    -5.594081573643883143e-03    6.538482523591894317e-05    3.557099976258925923e-15    4.767369170325450446e-05    3.785138817896927497e-05    -2.280175959184801340e-07    3.977080126839908913e-02
2.900001780041832831e+02    1.001317683835355687e+00    -3.163638068639628570e-03    4.526013790473359575e-04    3.558600878379596595e-17    4.879846834600319052e-05    3.791041840348664962e-05    -1.762588585058706859e-07    4.753916681193285122e-12
2.899996996629012074e+02    1.002301188772059870e+00    -7.671088296978789169e-03    -1.010464601635880147e-04    5.207103006934237128e-05    4.845756442383957591e-05    3.869310193639844683e-05    1.686761390076202271e-06    9.490373506794414458e-11
2.899997071161010922e+02    9.989451180083592785e-01    7.244466316338493347e-03    -5.593931945928503534e-05    1.118675110948038773e-09    4.856411115448950054e-05    3.795335829441973488e-05    8.805680341625737517e-07    2.649515096850728045e-11
2.900001219625827957e+02    9.987904779791366705e-01    -8.221677080521004946e-03    -1.938875456387767373e-04    6.124192067063527480e-09    4.790712713385724818e-05    3.815731239571629077e-05    -7.832224801614587647e-07    2.288431693466154090e-02
2.899999911531340899e+02    1.001621420260662809e+00    -1.408119841878590489e-02    -2.755790488887349847e-05    1.036194283760232314e-23    4.873318848846851524e-05    3.929507831118541283e-05    5.207380829835488043e-08    1.836015963329319070e-10
2.899997272430240400e+02    9.980365041066467935e-01    -2.246532819037125317e-03    5.742996669526331615e-05    4.575801369799993477e-10    4.667628900718115436e-05    3.772125177416832045e-05    4.295305842626935139e-07    4.394668048133308982e-03
2.900003799197062904e+02    9.982898883772433063e-01    -5.045834431520641178e-03    3.024674842703302738e-04    6.280047861661452991e-05    4.682721659289795866e-05    3.754460420796507819e-05    -4.661161016262316134e-07    5.003342111110428703e-02
2.900002411017377426e+02    9.995220400380252501e-01    5.536316968900606775e-03    -2.344747537311461598e-04    1.202331730491252202e-14    4.751124655457721670e-05    3.853085708014043298e-05    3.515141854874428340e-07    2.171590720411348263e-02
2.900002751867302777e+02    1.001511251918844048e+00    8.347261261797498527e-03    1.323109935601344330e-04    7.009151513689367875e-04    4.756397633049944378e-05    3.872424678187572062e-05    -1.369859588880368088e-06    2.071031971665174189e-03
2.900003283960404019e+02    1.000020866212872450e+00    -7.610896481504386517e-04    -2.137122954146553468e-04    4.948899066653164309e-15    4.468504365367135216e-05    3.618375189535069831e-05    -7.225078496133354537e-07    4.544471808558060363e-03
2.900004067636527338e+02    9.975067481001747005e-01    1.133180162517750771e-02    1.672868924131131038e-04    1.611277411562720454e-14    4.467488216132369850e-05    3.626552765811770588e-05    -1.857982788825923530e-07    2.954026487000825305e-02
2.900002433684591097e+02    1.001989191741752494e+00    -3.300082782558442281e-03    -2.365283752840884556e-04    3.728353649537418929e-24    4.929537311602803188e-05    3.848804605269459114e-05    -1.632858374646009003e-06    1.673998261753124019e-10
2.900010113013078694e+02    1.001041077940086010e+00    1.399417146293922094e-03    1.379411912604603632e-04    1.190504967640434615e-13    4.505142983688463162e-05    3.712329032576868528e-05    -1.181591852056550887e-07    8.202061516742001346e-02
2.900014661087410559e+02    1.000362899242433601e+00    5.129087007983212454e-04    -5.209306127987883448e-04    1.575129178428279295e-03    4.677829076619063707e-05    3.702478073131059815e-05    -2.248327776406788521e-06    7.762725729381042550e-02
2.899998652024796115e+02    9.996778253985902918e-01    -2.701698503816702106e-03    1.535537310116367061e-04    2.420002095212649582e-15    4.471413980839442743e-05    3.652199019557376785e-05    7.941437614223032847e-07    2.090830138867167992e-10
2.900007254965591983e+02    9.988733255069267569e-01    1.785500823277300694e-03    -6.111582068084359283e-04    1.132554498507363720e-13    4.916561537764144369e-05    3.891527624419696707e-05    -2.206377057518735953e-07    6.817223451075933582e-02
2.899997476813952630e+02    1.001364918038419649e+00    1.105196148841747434e-03    2.864494288846642549e-04    2.382723781808168337e-03    4.733199536152386675e-05    3.692179137023408783e-05    1.149331879286979708e-06    1.258333712713606382e-02
2.900000361040650319e+02    9.997514162907630286e-01    -3.108111739466547663e-03    -4.453551145352558803e-05    1.531722281970751445e-04    4.949960463206175233e-05    3.874288036925853471e-05    1.074619432131676117e-07    1.337092182166542127e-12
2.900003752868313427e+02    1.000473666604615897e+00    -5.000293018729347339e-03    -1.882960512944238554e-04    1.161665212384720083e-12    4.996119621318689786e-05    3.875819604470252979e-05    1.192996464894842809e-06    4.476923369517396556e-02
2.900004624795306540e+02    9.991169578056339207e-01    -1.046486238513375661e-02    -1.243033508736463596e-04    1.005968026090149885e-03    4.969125216620416636e-05    3.784781562573096805e-05    1.807832582445957875e-06    6.423750251125910637e-02
2.899999131338026359e+02    1.002804894965529048e+00    1.282645390910490922e-02    -7.611421171292075084e-05    1.349061908129343945e-04    4.977707002572064277e-05    3.842427097972712501e-05    3.921037976066606999e-07    6.066652804727737207e-03
2.899999827595106012e+02    9.980755705715030901e-01    8.683071911289813247e-03    -2.775976839925670993e-04    7.422131892151355650e-18    5.023452798079118824e-05    3.803774819917754921e-05    1.364736748173462857e-07    1.641924099911729609e-10
2.899994639352060517e+02    1.002359841942086716e+00    1.380706167120265664e-02    1.556519728225237947e-04    3.691052116627263516e-04    4.832260375184023910e-05    3.792572113640066915e-05    2.644610043649336052e-06    8.263999419319792737e-11
2.899999922417429161e+02    1.000694615032859502e+00    3.152027536024471291e-03    -2.344879040526660549e-04    2.813320549860368514e-04    4.747126276498643240e-05    3.824570764325854950e-05    1.401474813646378523e-06    2.144572429320449822e-02
2.899998629574739084e+02    1.000753967847832326e+00    -8.235568962846395030e-03    -3.348132894570416632e-04    2.889832245702490667e-14    4.622086313031947011e-05    3.772359496503200537e-05    6.869403616009024525e-07    7.468222593486825440e-09
2.900001511433328574e+02    9.986207370097915925e-01    -1.262898434407507290e-03    1.481220969144230360e-04    1.552407475494394081e-03    4.520677659161812743e-05    3.735487796841866479e-05    3.928529794146308670e-07    9.863243591869335145e-17
2.900007400226977552e+02    1.000940968738734060e+00    6.074818917139980338e-03    -4.225483667250210852e-04    9.331252353873534127e-15    5.285881864869394043e-05    4.041747832322238929e-05    -2.147302472501807767e-07    5.974035372292192669e-02
2.900000024011698088e+02    1.001561917854514538e+00    -5.452795359873614496e-04    -4.524828729840032105e-04    1.396057461999012327e-11    4.760942867933342244e-05    3.804694384416685291e-05    -3.044076416865491913e-07    4.658566045371402061e-09
2.900002721219192381e+02    9.999493517049113933e-01    -3.093982287596813447e-03    -7.318529101004236925e-04    2.192395922680628515e-11    4.703100644315462816e-05    3.742918338999266889e-05    -5.354808551687263219e-07    4.154072466929395498e-09
2.899999643779502208e+02    1.001535633792760116e+00    -4.442039730865284149e-03    2.003697886207094988e-04    5.709540671888851341e-04    4.621711202483758221e-05    3.761137815575477333e-05    -3.252395097756981469e-07    1.119786309489129161e-02
2.900002755205151743e+02    1.001526094098914133e+00    2.819644012843626176e-04    5.932114776718478864e-04    7.364135955614649004e-13    4.894203168325308057e-05    3.861530988521175189e-05    1.624587122983212188e-07    3.264630576391321787e-02
2.900003120271019270e+02    9.998996586838218015e-01    1.336366023314482405e-02    -6.774160448972941823e-05    3.941759150097333341e-17    4.969145224806391771e-05    3.813580987766470757e-05    4.707279119339145192e-07    4.074384206032685002e-02
