# f_r [MHz] A m phi D delta_r delta_ere delta_eim a
2.900001205636732493e+02    9.985580006693524080e-01    2.556343733876414049e-03    -4.828353538327434676e-05    1.556691780706563274e-04    2.171026282585486423e-05    1.135567257738415095e-05    -4.364150690915260320e-07    6.661604908819821700e-10
2.900001777041964033e+02    9.990837129480384382e-01    -1.112266839195412242e-02    1.345900349287973462e-04    2.001526131448242038e-17    2.211336337327072943e-05    9.984341693320904998e-06    -1.146836827156957371e-06    6.539606367049397210e-10
2.900000761496278869e+02    9.993491023953247065e-01    2.002901805200303208e-03    -3.591436895242217640e-04    4.899631298716014556e-19    2.044500467650795840e-05    1.001497451240474846e-05    -3.306507448062135412e-07    2.336550620230543542e-09
2.900007559663123402e+02    1.001917468166783953e+00    1.707885469462614315e-03    -3.868342435752673944e-04    5.521670937377661935e-05    2.105683816587581935e-05    1.096473974499423752e-05    6.374749972348251391e-07    1.071042828163346339e-01
2.900001852638092714e+02    9.993215574700085035e-01    -7.538636957254542595e-03    -4.047535416075368061e-04    7.150642359287164510e-25    2.087849198216988687e-05    1.039364310444012211e-05    -1.637217355692217645e-07    4.017278965384245282e-02
2.900002470990105508e+02    1.002272911620149198e+00    3.621229978398319074e-04    -3.809460335794149187e-04    3.558222685541240302e-04    1.777587221445649457e-05    9.484230078952300320e-06    -2.137702741765613998e-07    6.673009981283542578e-09
2.900001248707943660e+02    1.002282536656244227e+00    1.360697274713758374e-04    2.141789595843105929e-04    8.452422524359064432e-04    2.352596622001120922e-05    1.025152376749944487e-05    -5.380866535057127142e-07    8.529254857545292550e-12
2.900002092775690130e+02    1.000606389157253862e+00    -1.668547816932163322e-02    2.161983235910688091e-04    5.289398931179890892e-17    2.204265057431603768e-05    1.019767260667606162e-05    3.117408492641071694e-07    8.260707288020482930e-02
2.899996642019690967e+02    9.959966543386550297e-01    1.683444761169961348e-03    3.882667852221416069e-05    3.677134723361644658e-22    2.296683138132552861e-05    1.090073953928369764e-05    1.359950823263005761e-06    1.296799082521894133e-10
2.899997130222786836e+02    9.999295888633813467e-01    -3.503300523826603178e-04    3.482936832674246347e-04    1.988607198501687754e-05    1.723493129586808813e-05    9.390506581223939599e-06    3.499863047867287665e-07    1.305372829325751084e-02
2.899999366441034567e+02    1.001836465152832645e+00    -5.506033283626180289e-03    -6.866364146227949634e-05    1.939709647901294211e-04    2.009530509482023342e-05    1.026601644816931850e-05    2.458855296887982668e-07    3.947061058758132013e-02
2.900005708993028293e+02    9.981208589713540524e-01    9.905176404261747253e-03    -4.004312666287121393e-04    3.157480660605097370e-04    1.700721311524113060e-05    9.804808611825953393e-06    2.953792396879099541e-07    1.047948556892828870e-01
2.899999469905847604e+02    9.969091565939438571e-01    -2.892210451736418764e-03    6.878338515124318264e-05    1.671184867061548248e-05    1.811807607179826622e-05    9.793538034935585188e-06    2.072202099818456945e-07    2.707849674920856028e-02
2.900000661006436076e+02    9.997892606090723611e-01    -1.241594496818798285e-03    2.178310857341212814e-04    1.727717661068285719e-24    1.674278877102569480e-05    9.038670651490786888e-06    1.368861602069929589e-07    2.338154268917627998e-12
2.900009010735057586e+02    1.004295506275893368e+00    -7.307506715199253190e-03    1.430136530996284361e-04    2.724755993740408522e-27    2.112223261154731182e-05    1.037621618634924854e-05    -1.411079009620969500e-06    5.190784644803130010e-02
2.899999584223035640e+02    9.988603764750504377e-01    4.497756121442208609e-04    2.040613057910878824e-04    1.018029241828120402e-03    1.825933695794419858e-05    9.372830556157386086e-06    -2.641919596451524358e-07    4.936101472570888701e-03
2.900003656719013065e+02    9.993275132739810607e-01    -2.712421476704023060e-03    2.911236141192612061e-04    2.176081513591021741e-23    1.973345235639182516e-05    9.803337258240624340e-06    -8.772106127640914823e-07    1.763066095216742069e-02
2.900001699554223933e+02    9.995258799498356606e-01    -1.888242316493310175e-04    1.708957746065484012e-04    1.676390937648303010e-03    1.798406826499319565e-05    1.015573877907632125e-05    1.172497433478219452e-07    7.316886844642035703e-02
2.900002446605806767e+02    1.001793312581903850e+00    -6.346603748488227267e-03    4.976839485744143955e-04    5.313622401174678415e-24    2.131530271706045220e-05    1.027726130299496330e-05    -4.010867980124284403e-07    3.647938535344192652e-09
2.900001686993992962e+02    9.960866833702826106e-01    2.668542118332681203e-03    -2.457232553561471350e-04    1.806307940195714300e-21    2.062764547457771890e-05    1.012206973870220318e-05    -5.387035969403399869e-08    1.260428395900702880e-01
2.900006325854922693e+02    9.972921634444279482e-01    3.741027910678563877e-03    6.867547502066866268e-04    2.016784797166554636e-28    1.901149321759573719e-05    9.833081748332521627e-06    9.548044646026818292e-08    1.649918894403188951e-01
2.900007307703638730e+02    9.992000113607738543e-01    -3.006901507300266656e-03    -2.944564877876167368e-04    1.234991782756432216e-04    1.827970074570959945e-05    1.003329883727396439e-05    -7.981544323509383697e-07    1.424745103172053995e-01
2.899999547840346281e+02    9.982747848797868251e-01    -1.388314308745845381e-03    -1.308814253260208353e-05    3.251001537790247121e-04    1.821949011138697719e-05    1.010481600600999419e-05    2.167628399038603531e-07    1.371218247640229495e-12
2.900001492721359568e+02    9.988017389793391043e-01    7.057649768615835081e-03    -5.673339533369898061e-04    2.584922053621440353e-21    1.789304336466725762e-05    9.494742801474625232e-06    8.815249666413045624e-08    5.588844855228331659e-02
2.900001113280215463e+02    9.980073741663808562e-01    -3.961119160378624368e-03    -3.492427852227517711e-04    1.989552467407947316e-03    1.802607025369952181e-05    8.827537894316763432e-06    -8.355213193228595518e-07    2.008705577056908691e-11
2.899996488434387629e+02    1.001108398976815250e+00    -9.035870212788503497e-03    -1.935237669698060216e-04    5.209456758248870271e-04    1.919164207563426466e-05    9.870999153552400813e-06    4.002550883398689340e-07    1.458664333554170536e-02
2.900000122200367514e+02    9.998129814034052432e-01    6.869770985923941316e-03    1.383692782527369894e-04    1.435194753374231322e-17    2.057321490219042473e-05    1.088342207013156335e-05    2.186961346691953869e-07    1.079994145693066788e-09
2.900008241911295386e+02    1.000230590948929743e+00    -1.224252820865171301e-03    -9.527692358854768261e-05    1.092963748704017584e-03    2.296386027082633288e-05    1.154819733219783883e-05    -1.549280562640503591e-06    5.896776558818415254e-02
2.900010172991474064e+02    1.000534000359438735e+00    2.714737969706531489e-04    -6.377042468313090864e-04    3.445065751764689104e-04    1.913003772620148761e-05    1.010231400199581439e-05    -2.013609816828716982e-07    2.865355317630078891e-01
2.900001960001729913e+02    1.000045417574344730e+00    2.846955034293041469e-03    2.162097116399077854e-04    9.394044594604001917e-23    2.493150657158846797e-05    1.122011459526077355e-05    -7.761824512996931241e-07    7.704166772342608339e-10
2.899998757377862830e+02    9.984997450392338880e-01    -4.882135431392852117e-03    -2.895461573270052195e-04    8.930767758701203801e-18    1.818244384282744719e-05    1.001030139452379022e-05    4.294680638176869696e-07    4.776870779983429120e-10
2.899998921031674968e+02    1.003369679670013559e+00    1.675792740539017167e-02    1.615589405395051253e-04    1.918138250660017765e-23    2.300548001105598276e-05    1.020723994400457348e-05    8.529528357377103074e-08    1.908151998916289265e-09
2.899998416755713038e+02    9.994322246910344321e-01    6.724567720851472134e-03    5.390015493776529601e-04    1.351418228110335866e-21    1.949696471604244415e-05    1.024771883710958127e-05    9.208942337602468900e-07    1.522205255555062506e-11
2.899999155304885790e+02    9.990702545599181583e-01    5.164177299804896017e-03    1.133444796810284229e-04    1.115164080231635440e-03    2.310967254596341764e-05    1.061890326383813293e-05    8.168898067312980072e-07    3.080521525209167195e-12
2.900000944044821267e+02    9.993526151564653404e-01    3.536599267334849107e-04    -3.455834837429659059e-05    9.030922718580914645e-04    1.934586628299884498e-05    9.756215886253780494e-06    1.177835551853531250e-06    1.425475022569487751e-16
2.899998205167368610e+02    1.000026091752985069e+00    1.496206039303989155e-02    -4.907230900480148185e-04    5.277953170435594398e-04    1.986887766665325185e-05    9.917278452741535078e-06    1.091034552876528108e-06    2.031256011849006185e-02
2.900003438939598368e+02    9.987835161760216796e-01    -1.500808902500669643e-03    1.569268799868738917e-04    4.956274288771597562e-22    2.114635900267450910e-05    9.546089224872019409e-06    2.099040956200974668e-07    4.596210663594889334e-02
2.900005909096860250e+02    9.993053427837990110e-01    1.041280637779425739e-03    -6.965594653111852226e-04    7.187254151733259375e-21    1.893468794185567474e-05    9.715419830357476192e-06    1.915231005776761847e-07    1.949904586383583716e-01
2.900001366698647303e+02    9.997181853283326758e-01    9.010737719300965579e-03    5.602763756890864218e-05    3.297525594841945384e-04    2.188399222243973290e-05    1.024797465944195262e-05    -4.073480923498976823e-07    4.204394542275100878e-11
2.900006810063698026e+02    9.998052253739022621e-01    -1.308797823546956540e-03    5.662180323354708408e-05    1.036845479143711684e-03    1.709730642456738014e-05    9.280641160992315978e-06    -1.185342803833268161e-07    1.661054464563647137e-01
2.899996572555726289e+02    9.956456640243313005e-01    8.242193743898641126e-04    5.934230018476367897e-05    2.779071972481908415e-22    1.821379733493526230e-05    9.978540769078899663e-06    2.876141099722957219e-07    9.787784356073002507e-11
2.900001883080591369e+02    9.999388680400544960e-01    3.562637000029850263e-03    -4.289491732499403024e-04    2.221697410392078326e-24    1.986037923280687309e-05    9.777300409192892771e-06    1.768625573626957175e-07    3.935978739298164747e-02
2.900002472289235129e+02    9.988312917648010103e-01    1.343667241714829180e-02    -6.778839572612621210e-04    3.790323679421416550e-28    1.791589817501252477e-05    9.410197223850225317e-06    1.988301769368643292e-07    8.273662547068404149e-02
2.900000905041882788e+02    1.001775551069020498e+00    3.995577360692718037e-03    1.410614637623735796e-04    3.164376529495032968e-19    2.153559593424024478e-05    1.046135632750578623e-05    -2.258620936818143345e-07    2.344671531944429811e-09
2.899998208509012443e+02    1.001482196682860204e+00    9.261693262398883533e-03    5.003412150701408000e-04    6.945932167183722743e-04    2.014631900946606670e-05    9.434185119444709388e-06    1.462706763714555416e-07    1.208352327567264411e-14
2.900000031486479770e+02    1.002028634326051604e+00    2.731112900709133963e-03    4.711243971297195284e-04    1.058736158437810877e-27    1.965912561448691383e-05    1.027776399598492147e-05    -3.742512287209516833e-08    7.358182297914833692e-02
2.900004044837794481e+02    9.968556027894621696e-01    -2.050259764648930134e-03    -1.317664269777806723e-04    1.536015741523157082e-31    2.110139841438815419e-05    1.006342313344718176e-05    2.631235145974982898e-07    6.191826327218089010e-02
2.900004636047445388e+02    1.002196527655752289e+00    -1.589174354352843131e-03    8.900747489898340242e-05    1.446064738138533963e-03    1.950341486947354557e-05    1.008071934048215589e-05    -9.509084165622887476e-07    9.631616786079351097e-12
2.900007276621603864e+02    1.000436222060407276e+00    -7.968652792927043149e-03    8.678459544708400544e-06    3.510754403426744817e-24    2.013905723058602491e-05    9.893073160949054923e-06    -6.447170946699868474e-08    1.258122023809618573e-01
2.900000966999608067e+02    9.978373997906526682e-01    4.620029528899371671e-03    -3.187669872115021113e-05    7.959834854639402383e-24    1.949902171846179072e-05    9.343694719146673083e-06    -2.373691746308135819e-07    2.416388352650136279e-08
2.900016221200189648e+02    9.992039470122026090e-01    6.062226590296213372e-03    -1.994089008442628117e-06    1.577345945359383558e-37    2.123252338123204680e-05    1.044653593693613126e-05    -4.928213291731866248e-07    3.480311305268906641e-01
2.900000048987962487e+02    9.987208308496806630e-01    4.227262428736617791e-04    2.331560708064451680e-04    5.708539257049795604e-28    2.464067284998435172e-05    1.143034137904214490e-05    -5.569385159882723785e-07    4.264110978924466984e-12
2.899997744439772305e+02    1.001907807534034855e+00    5.307020049370956942e-03    -1.926618005027639673e-05    1.390158543708751911e-03    2.098116429355398574e-05    1.042617098207976361e-05    4.869147957343053957e-07    1.218765135577232130e-09
2.900001909710255745e+02    9.974343265236401690e-01    3.911178835191351372e-03    -9.686884814867361619e-05    9.261478649543663719e-04    1.853268957151537889e-05    9.584871367394497463e-06    -5.707338673663772468e-07    2.284927371846851900e-09
2.900010409747063136e+02    9.988656550543484336e-01    -6.272683426684742478e-03    -3.467127905266068457e-04    1.454091771566626364e-25    1.962586613249409122e-05    9.994885895761479217e-06    -6.965555305223292953e-07    2.324117105230194547e-01
2.900002210798047599e+02    1.001573816919245186e+00    6.115822641407699448e-03    -3.665350089770129534e-04    1.184899321764003067e-11    1.680927644453316980e-05    8.943917238976125102e-06    -7.833062108575052992e-07    3.507951880522908877e-02
2.900004139707568811e+02    1.003242879745850136e+00    9.988676915384196980e-04    6.422417915751728063e-04    4.301252043927256435e-23    1.982057837957072153e-05    1.018922189201537873e-05    -5.315303026585691018e-07    8.605631723536294464e-02
2.899999368952147734e+02    1.001692328458319459e+00    -1.222358625025688535e-03    1.496953439609934316e-04    3.848078172178662172e-04    2.058001373411993685e-05    1.080789940640633278e-05    -3.937053949949027882e-07    3.004605094343992117e-02
2.900002868217598007e+02    1.000710650619786257e+00    -1.779752516962584399e-03    7.891508893603987396e-05    1.112111730386143756e-03    1.631779005585651452e-05    8.993481620926952394e-06    -1.189581607142450184e-07    6.963670099193808305e-02
2.899999604113459100e+02    9.988910179364892672e-01    7.019650111064243082e-06    -6.557820851014913011e-05    2.037487017769727381e-22    2.076636055250324258e-05    1.070079996720728134e-05    2.609682191638465444e-07    1.390781824192295553e-08
2.900003521884647739e+02    1.001110111849145445e+00    5.840711257101476560e-03    -4.235384997807341550e-04    1.494441750713856962e-03    2.174008119954739981e-05    1.051050767326871674e-05    7.639475959280620175e-08    5.465784912851791300e-02
2.900000104701238115e+02    9.980903092409065813e-01    -1.202246152273729954e-02    2.624616420177540302e-04    6.639842316251639263e-22    1.885254022107472739e-05    9.923992442425642193e-06    -3.499056920084092151e-07    1.355551558927304591e-10
2.900003300177955907e+02    9.999875516388830876e-01    -8.567846528548972440e-03    2.937000505428238157e-04    1.779578020425814878e-03    2.027473451713059617e-05    9.719762715719393605e-06    -4.331705771912390049e-07    3.017241471385185051e-04
2.900000977826009034e+02    9.981990206151848399e-01    -5.097017309884210000e-03    1.340712850814501026e-04    1.282709073294247275e-25    2.127025394744988906e-05    1.056692791754086690e-05    1.868061599283586250e-07    8.155858451948138474e-09
2.900004663429024845e+02    1.000736355848524273e+00    -2.152801010595065383e-03    -1.442296461773727358e-04    9.328811697746447701e-05    2.016266169243650789e-05    1.030120546660373954e-05    -8.550126173566257473e-07    1.139034379806885603e-10
2.900001896209694223e+02    9.973234996353705917e-01    8.417419188575884711e-03    3.816188104721766395e-04    8.863624522456586103e-29    2.062193149788096009e-05    1.066290561395411818e-05    2.456102915785528683e-07    2.040289882740123952e-10
2.900004936827516531e+02    9.995521107264603300e-01    -6.431238948577959816e-03    -3.634847811808307070e-04    1.873692112262074247e-04    2.450730970109736253e-05    1.070552864532114733e-05    -9.287502640688455738e-07    1.284889780346002743e-02
2.900001568417968656e+02    1.001156222431136333e+00    6.145275141905551936e-03    1.316363834294991951e-04    1.406291473506219252e-18    2.122246018312219697e-05    1.119753869129033897e-05    3.257314715488422325e-07    4.886693340195043950e-02
2.899998387162991094e+02    9.994250115789472533e-01    5.086613665623539171e-03    -1.666353903996425109e-04    7.476996484567684231e-04    1.987344708995232104e-05    9.863431831035997455e-06    8.106518993560749984e-07    1.584205622117576540e-02
2.899999805534953339e+02    1.001983558830753740e+00    -4.779609043063915048e-03    1.991324407588452238e-04    4.492992716295464045e-20    2.329713921333469823e-05    1.112691212866118723e-05    -2.356365545151668193e-07    5.124702873633585703e-09
2.900000988294904118e+02    9.999485918794137618e-01    1.508603089723680813e-03    -4.647247274449404033e-04    1.274869194259037981e-03    1.839770414883985970e-05    9.215129624195172455e-06    3.307333800603583267e-07    1.502289274951922573e-10
2.899998809460640814e+02    9.991135026745011638e-01    1.863532622755376122e-03    4.110214599448337052e-04    1.327239235140920430e-03    1.851625799036719846e-05    9.993838353565392409e-06    -4.986541336550693863e-08    6.886195608634563604e-10
2.899998398335087586e+02    9.992672325982751014e-01    -6.101211590508742212e-03    -6.821663052593631164e-05    7.143609414217703097e-20    2.155549858687433142e-05    1.001918196359980906e-05    2.337177352158708931e-07    2.387243703017786547e-10
2.900000759873917104e+02    1.002750842458799418e+00    -1.212791696742175629e-03    2.345121559131468480e-04    1.422468109084466132e-21    1.999008670338100980e-05    1.049537045068262013e-05    -1.703901506093162945e-07    1.633359582133137937e-09
2.900005334823551948e+02    1.000879547969126815e+00    6.033854137397168249e-03    -5.936028385517488036e-05    5.493662260867611904e-17    1.894476426679231212e-05    9.751704465000347020e-06    -3.315664718177791627e-08    1.629151051751717150e-01
2.899999767582743289e+02    1.001190155707345042e+00    -8.080632858724993159e-04    -6.311363852104412593e-04    3.244082088186491645e-25    1.722098874488151628e-05    9.676228355625119890e-06    1.208013518621950490e-07    1.477187432854585685e-09
2.899997562095480248e+02    9.995923959695153238e-01    1.426190836164716383e-02    4.058153573936876864e-04    1.890399217820099890e-21    2.144315475826475407e-05    1.020488530961902129e-05    8.543200488294957703e-07    2.742207127125927124e-02
2.900001929032405883e+02    1.002094605387380710e+00    6.372595488416711584e-03    2.877180490524006086e-04    4.712621602718317917e-04    2.140696978778190709e-05    1.111760521558443584e-05    -4.227843587325483554e-07    5.323895977514711520e-11
2.900000483576743022e+02    9.989223343631421503e-01    6.751338011737909213e-03    -9.585723208565070637e-05    1.096299233576375487e-03    1.692834686886278645e-05    9.076993527982284206e-06    -6.750840308162224297e-07    1.201826898417079903e-09
2.900008689025778494e+02    1.000243813031206797e+00    -2.043761925189145569e-04    2.131570075434334469e-05    1.956454303085583047e-04    2.122714747844525312e-05    1.079731021935758074e-05    -6.017021973573362246e-07    1.227851509164649274e-01
2.900013482282855648e+02    9.992713685417604630e-01    6.877421260347052825e-03    4.312031490732995062e-04    3.472187886284277258e-14    2.127676427533807906e-05    1.069542375408559321e-05    5.341172465458572372e-07    2.932742608882249469e-01
2.899999539358689162e+02    1.000108138455931606e+00    -6.846395328416973215e-03    3.161442994311841940e-04    3.429037084880583721e-25    2.012528488327241654e-05    9.652526304739065082e-06    6.929877739272530901e-07    8.075445246263762486e-10
2.899994838431335324e+02    1.000322970816108104e+00    7.739261492949401668e-03    5.040402167278711424e-05    2.488995163515032925e-04    2.347536523709190789e-05    1.061505063333019481e-05    9.758960053925079315e-07    1.738435781011362990e-10
2.899997727723203411e+02    9.958136963700557898e-01    2.329643367928339924e-04    8.971438465119463271e-05    1.196956284983042261e-03    1.752082358347547403e-05    9.490026463852324943e-06    5.841873108784890789e-07    3.693786205946926867e-10
2.900005718175472680e+02    1.001005911505107537e+00    4.218185825436533525e-03    -2.841748910566457256e-04    4.747601398651216695e-04    1.937923440059771912e-05    9.318548389146235050e-06    2.202028204956444645e-07    1.789276065666534077e-01
2.900002508279164886e+02    1.000485130682659651e+00    4.522298283759846466e-03    2.027650959315820828e-04    2.114561491126629861e-03    1.844800331338168731e-05    1.001159644319266263e-05    -5.766609697807089949e-07    4.541575893851625828e-02
2.900000583613420986e+02    1.000877296866446109e+00    6.528122398245910776e-04    -3.854099987743964763e-05    1.804804039179376237e-03    2.132514902209011194e-05    1.085811658224217484e-05    -5.695433474573806603e-07    3.248168285044114032e-11
2.900001005834618582e+02    1.002416691389498293e+00    -6.086688000158196193e-03    -1.261867276505943209e-04    1.231972559071207746e-03    2.133993509431279323e-05    1.072550008478093636e-05    9.501899801368524603e-07    9.911675453777362907e-12
2.900004171021811885e+02    9.999439392215102584e-01    -4.948302356890046071e-03    -6.940339718849469926e-05    1.835275371834959908e-23    2.171379624196826769e-05    1.021033094289009198e-05    -8.744279981181405219e-07    6.273501353855065465e-02
2.899996898201605973e+02    1.001272140335527805e+00    -1.321733577021912652e-02    6.724573886200349180e-04    1.841831707532059585e-16    1.821796007373257953e-05    9.551283209837762073e-06    5.131924964469815161e-07    3.038748249841867817e-11
2.900000730292380240e+02    9.986238542268782714e-01    2.160063597663362204e-03    -1.163830977102374436e-04    3.023871909522425414e-23    1.884559962578675750e-05    9.509375504363140003e-06    -1.186638370837552379e-06    1.950669438649172942e-10
2.900004207133935665e+02    9.999319556875206905e-01    -1.709142456058981244e-03    1.807847981067201666e-04    2.802577033870665561e-18    1.696986999465862332e-05    8.857858748360085776e-06    -8.607846470182543457e-09    5.211399471926570631e-02
2.900002050101423947e+02    1.003790510355247800e+00    9.468274943351853712e-03    4.229891225075742603e-04    1.541978491534720201e-21    2.182490852969023440e-05    1.050430413362440221e-05    -1.933883633708353960e-07    6.356369580568480004e-02
2.899999668052712991e+02    1.000709963773651845e+00    1.118581911134379969e-03    -3.608381799531384536e-05    1.136260083443075110e-22    2.191586763267796263e-05    1.048636407719194880e-05    -1.861874500415371617e-07    1.627345685955501609e-02
2.900000749645619749e+02    9.986693840770127784e-01    -4.029890600156160393e-03    1.773805712440443489e-04    5.276486306516211221e-04    1.880858714307455357e-05    9.569760490716191644e-06    3.622515989181950218e-07    1.974395674642696018e-12
2.899997083945112308e+02    1.000556849367169709e+00    6.839104769063180690e-03    3.207487644002718526e-04    8.322546480594171297e-35    2.059042039179921307e-05    1.122253301327419380e-05    1.813770425438648507e-08    1.389202530785560007e-03
2.899999343259661941e+02    9.995726312141584025e-01    -2.526457178278871014e-04    -8.301176133786175452e-05    9.579339623993567994e-23    2.243964327031378579e-05    1.016959915197851618e-05    8.371600612778861748e-07    3.865216594260579425e-02
2.899998198327052137e+02    9.969819292894898100e-01    -3.282048916524627543e-03    -5.625720571884771596e-04    1.091049697147675388e-21    2.062132041274820132e-05    1.086471384529188296e-05    4.171515994929524528e-07    1.231888232081919621e-08
2.899999650249587262e+02    9.990626178810878555e-01    -1.120323476946620198e-02    -1.195103249292167244e-04    1.884911346146662297e-03    2.170748949277610294e-05    1.063385273900172851e-05    6.001568145739222403e-07    1.526179093053151893e-02
2.900006866915903174e+02    9.993203975786648652e-01    5.742383937577490681e-03    1.605919166484568404e-04    1.240658140476481961e-03    2.021200746422527493e-05    1.057736537521312960e-05    -2.688802708605864634e-07    1.054586832466964663e-01
2.900000837124866280e+02    1.001499795872968335e+00    -1.607398805172836204e-02    2.483268039493926748e-04    4.149263158984170684e-34    1.827517899690980698e-05    9.860590123751963602e-06    3.181157632164930733e-07    3.580699786592147756e-10
