# f_r [MHz] A m phi D delta_r delta_ere delta_eim a
2.900002169755881027e+02    1.000258127446570722e+00    1.022486470387110047e-02    -1.080235567761352392e-04    5.030658547032293296e-04    2.306572793897302952e-05    1.318398489282416066e-05    2.996754531746106181e-07    6.058432349150942586e-02
2.900003259490812297e+02    1.003717160854226575e+00    -3.277820962183969084e-03    -6.332355935049582916e-04    2.234456139165381158e-04    2.285580144019745431e-05    1.308292274993645249e-05    -5.454579184315961423e-07    6.084159756389897989e-13
2.899998971666550460e+02    1.003359557728219054e+00    9.670566063518662783e-03    5.169216067208208748e-04    5.122619618543901154e-22    2.320062088634466534e-05    1.342167402773191575e-05    5.391399230214800484e-07    3.106838730254669394e-11
2.900000359940525527e+02    1.001573095418337722e+00    2.246075671530799005e-03    -3.626548242675246923e-04    1.054980683191844554e-04    2.248368841269717618e-05    1.374837675230926941e-05    1.658171681895264367e-07    1.759131856359742382e-02
2.900000246380880640e+02    1.002851611849093105e+00    1.252726575592745528e-02    -1.918193622818330875e-04    5.373355851754658139e-04    2.420979628240765464e-05    1.412182855025335058e-05    -2.824026045293717267e-07    9.834247069868151141e-10
2.900006216647337283e+02    1.000130149358768428e+00    -6.421446978500198327e-03    -9.746095328507214245e-05    1.438389515075053199e-27    2.358235369803527226e-05    1.381942631903702091e-05    -5.841861885823233270e-07    9.725630108510063820e-02
2.899998653678484288e+02    1.001361839581079272e+00    -2.360177701176305581e-03    -4.107805368691864437e-04    1.489424893497886832e-03    2.254877291769607803e-05    1.290174032621776161e-05    8.295211478894296040e-07    3.042148506458590884e-09
2.900002020588402729e+02    9.983470822221992558e-01    -6.714000287072007141e-03    1.344642787060303330e-04    1.051977470956969333e-03    2.338607012637852956e-05    1.326482731418928329e-05    -8.604808661247188298e-07    1.407745166231734480e-09
2.900003895183539271e+02    1.002133561381941096e+00    2.263147476040690016e-03    -5.674850854329126486e-05    3.183323755465634116e-04    2.408919530733974462e-05    1.421932426828559908e-05    -1.156445207819437289e-06    9.288960187532179810e-13
2.900002546207774117e+02    9.992271196085497076e-01    3.439180864531983777e-03    -3.907834870286529640e-05    1.315355863958580186e-23    2.349038249791502169e-05    1.335223733696384361e-05    -3.815042890692864635e-07    8.121220912756610052e-03
2.900000978425736093e+02    1.003432470105748209e+00    -2.199103454360258180e-03    2.315619138287521180e-04    3.067159438295786133e-04    2.394714637978701433e-05    1.296549493462643872e-05    -1.967869261499049761e-07    1.495030834310807644e-09
2.900003973079057573e+02    1.001795308917569960e+00    -8.994825490620375619e-03    -2.636158363987846527e-05    2.943000393643900253e-26    2.396224163286401524e-05    1.363001935730705258e-05    -3.209359265476915092e-07    4.548885674222312436e-02
2.899999768426669107e+02    9.989674239813882695e-01    6.732675725993893072e-03    1.208260882530087064e-05    4.813407094827912023e-25    2.329482166487816645e-05    1.363191635536156958e-05    -9.406328160015340268e-08    1.321632186405646036e-09
2.899999330072438397e+02    9.989011027595832148e-01    -6.589827249315263237e-03    -7.049495060948002528e-04    1.644084883189813901e-04    2.377953719039226725e-05    1.303537346552456109e-05    8.460230523889177931e-09    1.413547376135951765e-09
2.900006027591981024e+02    9.993065777395938598e-01    2.455329953740799463e-03    2.007135637303826472e-04    1.724145006699690535e-24    2.293878157111400030e-05    1.309836816345178583e-05    -8.625659135947532083e-07    4.920700677328469080e-02
2.900002951420208888e+02    9.968384195806180292e-01    1.386532728294575254e-03    4.838581444425668360e-05    1.011723466881449696e-03    2.263240194927545481e-05    1.273092305244406690e-05    -1.020049730401533168e-06    9.874016042211678225e-16
2.899998789653774907e+02    9.968373046565961459e-01    -3.837115673782899149e-03    3.437786909267434316e-04    2.498830225793837413e-18    2.304338251785408481e-05    1.333943378868929242e-05    3.855006402105099384e-09    2.028540713796064352e-09
2.899995218790706417e+02    9.992153131141615630e-01    -3.654123456903003286e-03    3.183770769302144820e-04    1.967265894257679559e-32    2.268443975384293725e-05    1.316294421036512612e-05    1.206857798953242675e-06    1.058596936272857813e-11
2.899999117285286729e+02    9.988575325335451449e-01    3.593647843009767622e-03    8.705536640471577133e-05    2.816376546312343764e-21    2.440478053353916453e-05    1.364807226959411137e-05    7.066909407174873898e-08    1.133746118098415962e-07
2.899999981916002412e+02    9.983595939380944806e-01    6.199654245686119641e-03    -2.008288938311162005e-04    4.316344613551570614e-04    2.365742279718381321e-05    1.287825508286685978e-05    -3.752238471432909487e-07    3.249122342983887100e-13
2.899998165131355563e+02    1.002059167820544827e+00    -1.703916549080751117e-02    -2.181187544966402421e-04    6.626098499065861741e-04    2.031659898537190552e-05    1.187520079299692024e-05    -1.317690692225851500e-08    7.456344803506117710e-03
2.899995401001574464e+02    1.002169004693718390e+00    7.642416367485244458e-03    -7.506065781913378958e-05    2.411060925868868725e-24    2.253035960246528715e-05    1.207603503016934168e-05    7.762206696315657549e-07    3.493704954278412187e-10
2.900000266572431542e+02    9.995341223382703255e-01    1.709596043728410671e-04    1.335506650995739333e-04    7.193307389102938584e-04    2.309427790718027965e-05    1.352007344253035143e-05    3.600379610827710555e-07    1.366559865224015402e-10
2.900001901450416426e+02    1.001865776660831653e+00    -5.710654836006096718e-03    -5.586129775520983756e-05    2.783522513041240150e-24    2.288518182800345464e-05    1.249919666691147869e-05    -7.377287869410489119e-07    3.085508706528675843e-02
2.900002446829804512e+02    9.974910702456416534e-01    6.604545401444131270e-03    -5.127073196905959857e-04    6.085169044715804551e-25    2.237039779052380176e-05    1.286906056519869799e-05    1.572931996149173174e-07    1.922777638608283183e-09
2.899998666855299234e+02    1.002404443779950860e+00    -2.356440076176685629e-03    2.007460718274907516e-04    1.496684917062144618e-03    2.498725162414062133e-05    1.327307312376243642e-05    2.001201862523170407e-07    7.802446475174825232e-18
2.899996509709221755e+02    9.989311504011580967e-01    7.833336107441562363e-03    -3.929940328162105493e-04    3.458739507596799043e-27    2.506726165560477478e-05    1.352908412340024413e-05    6.557449459634169804e-07    1.593091378273921670e-11
2.900002620333995651e+02    1.000534032492290226e+00    -1.603031585335775279e-04    -6.680957627167462666e-04    1.110268949317986826e-03    2.191215778674569139e-05    1.216044291437935566e-05    7.185962362074457741e-07    9.662185633319841926e-02
2.899998392343639466e+02    9.957333997953535798e-01    -9.617810771178145614e-05    -2.552003189208479784e-04    1.464690086559168082e-03    1.973857706012183087e-05    1.200747815014538850e-05    6.573005271583533873e-07    6.464426197595862789e-02
2.900001152095322823e+02    1.000097721468774958e+00    -2.383064716542896582e-04    -1.398404885013685502e-04    4.578260278294379632e-04    2.224716535784460684e-05    1.261903714622390943e-05    -1.882333195473032793e-07    3.073949427339231143e-12
2.900000051344161989e+02    1.000601014605019490e+00    9.817197963310415540e-03    1.289654016016803703e-05    2.978745838497931118e-04    2.356512850667180785e-05    1.335696412992493455e-05    1.190867549697990114e-06    2.643177592251775655e-14
2.900004164692950894e+02    9.990099195036158397e-01    -1.230298453952038441e-02    2.860984602075968409e-04    8.514939554763753613e-04    2.048670522293377798e-05    1.293654152494343716e-05    -6.342216733987643226e-07    1.397783378429583723e-01
2.899999020349621333e+02    9.997342474465512607e-01    8.291324145340875709e-03    2.285290541741464177e-04    4.216608922329232712e-22    2.113520455958488791e-05    1.276790676094036426e-05    -1.204698278956531154e-07    5.737034547665613828e-04
2.900000133037735850e+02    1.000577633109934084e+00    8.987045044653298132e-04    5.285393838186005181e-06    4.601692629144527168e-23    2.423838929850853383e-05    1.286436831959042260e-05    4.566542224230540122e-07    1.575480928429458464e-10
2.899999597742568085e+02    9.986469992482479574e-01    8.538063803504102696e-04    3.419028842522120275e-05    1.410808607218050521e-03    2.307733867002961141e-05    1.312454866949607048e-05    -4.723339048560218945e-07    5.654694424286195627e-03
2.900005761555150912e+02    1.000020741608863117e+00    -1.278480706747063024e-02    -5.641793185306407136e-04    2.529411572777399317e-18    2.239728582106045610e-05    1.304145322756787486e-05    2.683969104058414989e-07    1.376829714950628669e-01
2.900001453276308325e+02    9.999965524313979559e-01    -8.414035106423169152e-03    1.523608248649572475e-04    1.596952125795490155e-17    2.357241742118206234e-05    1.370234897369098043e-05    -4.464880294474727162e-08    6.067680532005060440e-02
2.900002061657906438e+02    9.998190135266391554e-01    -1.556047612962426765e-03    -3.595314499337382675e-05    2.482789581565395069e-22    2.250435261819030958e-05    1.342622033731872311e-05    -1.034240205362759043e-06    4.390000635846503380e-02
2.900002183801736919e+02    9.995993209093635423e-01    1.788490756834065906e-03    -4.655624122831978555e-04    9.053026633417109604e-04    2.576999855565266485e-05    1.491637462259636591e-05    7.948950879975074733e-07    7.310285252229919983e-02
2.900008146888388865e+02    1.002875866832592777e+00    3.737976079793010366e-03    -2.004146810564671859e-04    2.209135250833204288e-04    2.528091723587387840e-05    1.399823048301416981e-05    4.885418047382353621e-07    1.812593577261822908e-01
2.900006204014166542e+02    1.000966840077248232e+00    -3.988745452506962594e-03    3.794106283778631993e-05    3.096498829075924712e-04    2.305420782301508011e-05    1.340988695591028464e-05    6.060206485804017367e-07    1.590355734209714378e-01
2.899999703503549426e+02    9.959988919898922211e-01    2.801212558637688164e-03    3.269958821125491929e-04    5.633375496605837760e-04    2.323897726883369800e-05    1.341875113231446303e-05    1.100702045456096123e-06    6.385903922982523462e-02
2.899998181772052703e+02    9.978493872726929004e-01    8.296319203682170004e-03    9.961085798283246203e-05    7.793669297053052727e-18    2.062142843340239036e-05    1.230413840422018753e-05    6.321218025626844604e-07    5.445693913677108458e-09
2.900005114625261626e+02    9.986833920603618298e-01    1.618171661831732059e-03    -6.963570353753038020e-04    1.632800043431553067e-29    2.516271119993186006e-05    1.426794288543418807e-05    1.126073415768089818e-06    1.089867490046351750e-01
2.900001773068393049e+02    1.002224646372432248e+00    2.997844341281785327e-03    -5.706089477035714442e-04    1.654835810936054969e-03    2.417843135574184412e-05    1.310522746280309163e-05    4.802376687624029494e-07    1.951548925344887692e-02
2.900001854125451928e+02    1.001600725123332536e+00    5.228953623607564619e-03    3.238449065058015739e-04    3.757920370166585795e-22    2.098063146311644143e-05    1.188873942621664378e-05    1.331233143763798787e-07    1.119355909420618637e-11
2.899999955890900765e+02    9.990539120900976400e-01    1.619205685919373897e-03    -1.236952141337336133e-04    4.014277054438722398e-05    2.429335116704244883e-05    1.423484394684342080e-05    2.340516929425074618e-07    1.054212198255755420e-02
2.899999171006509755e+02    1.002792230242021576e+00    -5.777070760297652562e-03    1.641272352804255634e-04    5.446273978843223953e-18    2.423061888874658633e-05    1.369199020971255196e-05    2.590109432857613555e-07    1.429742782367458374e-10
2.900000336781195074e+02    9.985935369711396170e-01    -8.433430373306299507e-03    1.350453601933227919e-04    1.019365391914186809e-03    2.053236984292201040e-05    1.125755566078912564e-05    7.579929713730278082e-07    5.931638075625893930e-02
2.900002827700120065e+02    9.999038963935513724e-01    1.613164822403469591e-03    -5.310149217572406391e-04    1.359568985692008934e-22    2.330123990765609458e-05    1.300627023745920602e-05    -5.627099498629520989e-07    3.097072404884956831e-02
2.900005719235653032e+02    9.983876517445462451e-01    -8.529015726971645242e-03    -3.466281026669039249e-04    3.810736146077023530e-04    2.256341343681527754e-05    1.340259736038313838e-05    -1.372034312675078810e-06    9.505276559329471739e-09
2.900000819910130758e+02    9.994311307025514068e-01    2.073354404995263363e-03    -3.900717650883393892e-04    1.507009804099389348e-27    2.446233862294285789e-05    1.333906586051106764e-05    -1.464688001352060480e-07    2.364676549762397625e-13
2.900004754320155484e+02    1.001683250572251715e+00    1.596452533157016306e-03    3.052079525285442607e-05    3.684985020061779447e-32    2.259963065739238901e-05    1.319563154230747020e-05    1.011366301673066156e-06    1.585985755848631773e-01
2.900004300585534907e+02    1.000799554096319932e+00    4.373010449863041008e-03    -1.211475672066990056e-04    2.951675200454816550e-04    2.318243615543831343e-05    1.343369606387384369e-05    5.530504400493333698e-07    9.664577040083911774e-02
2.900003830675827317e+02    1.001118573449227167e+00    -6.907327624510393484e-03    1.134177094959861474e-04    1.840507714406148390e-19    2.541492200112437159e-05    1.419243563626521612e-05    -4.589807789109944310e-07    5.738459134883549650e-04
2.900002471169489127e+02    9.996628079558813607e-01    -6.870144365534789840e-03    9.135164744594483869e-05    6.566701134859283500e-05    2.529896421643698361e-05    1.389900741286716822e-05    -6.029756630703759515e-07    4.469784037178082906e-11
2.900004053156309283e+02    1.000279420040137035e+00    3.037586950502219139e-03    2.576269358783620064e-05    7.722451932954044933e-04    2.152218393021759546e-05    1.265099743814371767e-05    9.892473569202111262e-07    1.048425812601488927e-01
2.900007959034446117e+02    1.000039027060033003e+00    -8.329285888636892010e-03    -1.044319975130695986e-04    1.898334057085728128e-04    2.539180650847664241e-05    1.368236747858953879e-05    -8.431779962587268955e-07    8.767918139640308584e-02
2.900000240610866058e+02    1.000722929793485205e+00    1.303023920298002243e-02    4.693176455222267834e-04    4.727342320526791174e-22    2.544338211081083065e-05    1.343201179278312251e-05    2.344861633473552499e-07    3.165969749855545440e-02
2.899998202986403726e+02    9.972441892841213962e-01    2.561639169120068314e-03    2.163397632812187913e-04    2.164040011761004384e-03    2.466769349149705286e-05    1.401981083665657498e-05    2.980782217913697387e-07    8.068103593690481142e-12
2.900000732211632339e+02    1.001271846409070410e+00    2.672539560602722047e-03    4.836153645565393179e-04    3.999695444350397422e-13    2.416615698217562972e-05    1.309391608342327434e-05    1.358982632344677375e-07    6.850311699240980209e-04
2.900007332010321761e+02    1.004159527072263858e+00    -5.422487908065589876e-03    -2.996041587506480166e-04    1.294537351541543478e-18    2.184820097006600611e-05    1.314805512123792191e-05    -6.231579392941645016e-07    1.173833830438413828e-01
2.900002277031256881e+02    9.989192529568439172e-01    -3.459278141642660800e-03    2.960343337837266020e-04    1.457446850664759598e-03    2.217174252995549917e-05    1.301951314882401088e-05    -9.371903290072000634e-07    4.562963061653553599e-10
2.900002132648298812e+02    1.004797920931418398e+00    4.381363274688793510e-03    9.294022396923341941e-05    1.676692170526419400e-03    2.208508209693779164e-05    1.281038113206551964e-05    -6.498419357849385292e-07    1.369730087866643476e-14
2.900003492099298228e+02    9.986395328157350315e-01    -1.060858073474208775e-02    2.386662430735631577e-04    5.439769219263323108e-04    2.210012082639855390e-05    1.236515721231930348e-05    -4.380491809497294171e-07    3.935384800936915506e-02
2.900000518486650662e+02    1.000804543036400762e+00    1.698254365861241386e-02    -5.474071789613127546e-04    2.185788728523470749e-04    2.209071259875241964e-05    1.326683904857549447e-05    -1.050609839113039095e-07    2.744247881101549366e-11
2.900001964248066884e+02    1.002664644672545124e+00    -3.256211079360739943e-03    5.913453207563543765e-04    4.747580252040338846e-04    2.551573584323934020e-05    1.393523186421250995e-05    2.986668470278629481e-07    4.812028910127259806e-02
2.900003132048012731e+02    9.972085321029023897e-01    -4.278775341798562830e-03    2.668683471625227623e-04    1.039171871960894612e-31    2.444888720743198902e-05    1.261408891540420898e-05    6.055668945302651224e-07    1.141031033761105012e-01
2.900002420525520961e+02    9.997609012022894426e-01    -5.895345234585484470e-03    -5.480699678867686575e-04    1.214935271686312942e-23    2.403603388235604248e-05    1.362860678259900188e-05    7.161517597526662163e-07    7.806240971041175647e-02
2.899995730145217863e+02    1.002313815188512702e+00    -7.414411337334107788e-03    -3.916183937877007273e-07    2.670011861457646556e-23    2.483687981563671075e-05    1.349254218820445272e-05    6.698568675964242288e-07    8.165230514693648964e-11
2.900004941328048744e+02    9.965308068256606422e-01    8.105239633667243437e-04    2.429502038558932627e-04    3.671966015348315749e-04    2.092367229143671627e-05    1.300207851155524881e-05    1.279526725777800817e-07    8.768939525541320779e-02
2.900003835294100440e+02    1.002097475447963015e+00    7.930655896093685361e-03    -5.612510649068241887e-04    1.327951794509507405e-04    2.428636097837071054e-05    1.309755969942016921e-05    9.966235950711673420e-08    5.229326213023404585e-02
2.900007195675456728e+02    9.990863258917420664e-01    1.201669591546676401e-02    -5.681165502304142437e-05    1.009390622434704673e-03    2.379507914125506774e-05    1.394769428693663984e-05    7.434569447773373228e-07    1.902324459821014002e-01
2.900002280956832124e+02    9.988972887184435212e-01    5.683950436495496979e-03    2.476351718916074371e-05    3.701970068584585776e-05    2.110407037168349998e-05    1.301251030640744851e-05    9.550595449553813691e-08    1.607710339144456076e-17
2.900004388114411995e+02    1.002498230087801367e+00    -1.278605857575206527e-02    3.861782602810193816e-04    2.134802591304266798e-28    2.518142564989904350e-05    1.383890165705310319e-05    -5.928517533164734371e-08    5.603925237442383689e-02
2.900002047966616487e+02    9.996168601355871486e-01    -3.441890079778859267e-03    -3.352452947289530686e-04    3.046539163177438159e-03    2.333411437950666005e-05    1.323424375888155460e-05    6.951795091003396562e-08    3.646721547968106991e-03
2.900003281140758986e+02    1.000307048923104070e+00    5.362422774736293717e-03    3.617515382999537650e-04    2.227228350796819559e-25    2.195063209842520178e-05    1.258571969008315037e-05    -5.382317831598525660e-07    1.860189044533646065e-09
2.900001871074696282e+02    1.000567036460242143e+00    -7.829088140941371093e-03    3.121134924881850377e-04    9.078275698028952592e-20    2.302289043350866929e-05    1.326081626086614313e-05    -2.516691365359188762e-07    5.267177396471576373e-02
2.900001725707135165e+02    9.968805070432572579e-01    8.126305329035111991e-04    2.673640082435576075e-04    7.907006792549943486e-04    2.498427021551979010e-05    1.370382375289582349e-05    -6.995167115948771550e-07    9.386873613473345479e-11
2.899995266703987795e+02    1.000696296944193042e+00    -9.871181369757913229e-03    5.533882746071017416e-04    1.952794924795404202e-03    2.432522165885361021e-05    1.391181034733000900e-05    4.247329731977351335e-07    7.220031429551756509e-10
2.900012238943505736e+02    1.001195141502363217e+00    -9.407067867698399102e-03    -2.790668841530727644e-04    1.832153300821120069e-04    2.387883941954919406e-05    1.337556793564948595e-05    -1.117516157662056780e-06    1.849067960422723922e-01
2.899996856379755741e+02    1.003035366088828040e+00    4.514810637789092550e-03    4.195488732181678064e-04    1.006079831810803812e-26    2.302350461622393148e-05    1.266378117408950289e-05    9.031672396315499329e-07    2.383024199488392102e-12
2.900002854165633721e+02    1.001498412572464192e+00    -3.924478615331909899e-03    2.479592846397539485e-04    1.529784286435756231e-17    2.473342300562218353e-05    1.309970531991324937e-05    9.422003362276621349e-07    5.220384541924518590e-02
2.900000678696669070e+02    9.981078500389173325e-01    -4.251049691178050358e-03    -1.934798095019141045e-04    8.229027158607449526e-04    2.278712245398511365e-05    1.368469302501378465e-05    6.082825498527591281e-08    1.066924098790323905e-01
2.900003443286443598e+02    9.996477608499041434e-01    2.852311718885089213e-03    2.525198003158323629e-04    2.227011898734056418e-29    2.120201584843992555e-05    1.329801614514165441e-05    -8.257254161445857357e-07    3.712375707288292914e-02
2.900004108456110430e+02    9.988178210473637186e-01    -1.415978668283375715e-02    -1.179393277071166854e-05    1.738904047944494612e-03    2.273900149712967071e-05    1.308320285529240872e-05    -1.002898444208197980e-06    5.650126780962494433e-02
2.900003028950734461e+02    9.962140203468137223e-01    2.416266194013507330e-03    -9.921434066084870783e-05    2.129825164483660618e-05    2.157296127923529199e-05    1.292288151399443165e-05    1.971376125198747798e-07    6.743857857654431132e-02
2.900000896125550867e+02    9.987926010991440284e-01    4.273775829417509990e-03    2.856504725031656943e-05    8.666678719910715547e-05    2.400930746351894607e-05    1.327036051911678770e-05    -1.013165870781606441e-07    1.061645742274846356e-12
2.900002584499055729e+02    1.000898897984526137e+00    6.198542394909441547e-03    6.849702106029840771e-04    6.261518160783246297e-04    2.262385422311611127e-05    1.321194893472957270e-05    -1.806757567780778588e-07    1.579006450838565942e-11
2.900000981524383974e+02    1.000365164122766881e+00    -7.964659084889367038e-03    -5.152782967862867987e-05    9.124599654868175491e-22    2.316378369994974532e-05    1.255288730514343542e-05    -5.221995554543554919e-07    5.351942694318765210e-10
2.899997480917473354e+02    9.982420567065452000e-01    -1.127318311665276009e-05    1.059681751455916868e-04    2.321851512027977465e-04    2.177766154898860577e-05    1.220984633885359293e-05    8.432307849001216894e-07    3.316621754442190817e-02
2.900001926902262994e+02    9.995713818499553094e-01    -1.533853725193290267e-02    -1.820310946603343730e-04    2.224979108173967140e-18    2.531029678686040393e-05    1.325463034662005001e-05    1.508558716392861191e-07    3.790860995426360847e-02
2.900001113484107691e+02    9.999846905917125772e-01    -1.072161857569146632e-03    5.435783205029238888e-05    4.655439351279044765e-20    2.246778430904427864e-05    1.353036706819396340e-05    -3.850868397606564291e-07    4.038990554058788374e-02
2.900001343660768498e+02    1.000645668808545663e+00    8.737783910605137136e-03    -1.073231066982628440e-03    2.842980835524388136e-21    2.118345805458815958e-05    1.171276290272996644e-05    4.194867699410800067e-07    4.859496316896384088e-02
2.899998369862157688e+02    1.001417521319878823e+00    1.431521214452868710e-03    2.919491509767004403e-04    8.373162565038343988e-04    2.511471801138616706e-05    1.441138795665366097e-05    3.593383484443240263e-07    8.216744561943624989e-09
2.900002356243924737e+02    1.004218592038290225e+00    5.983530390052164971e-03    -2.110819642436424857e-04    8.709936446058549248e-27    2.517539973481645047e-05    1.472191005331908194e-05    2.497698351755402490e-07    3.296095546877734345e-02
2.899999513074642437e+02    1.000619614955519765e+00    -1.362183931261073402e-04    -5.254483352492763390e-04    7.360302117951463474e-04    2.064642868875256177e-05    1.250356541639839934e-05    2.268151148454719976e-07    1.449432425975395212e-02
2.900006015285936769e+02    1.003602483444120841e+00    -8.062164516214109788e-03    -2.247988934149477809e-05    4.809805851195476955e-04    2.539613456948989185e-05    1.478336482273502583e-05    1.950568632394557413e-07    1.008519864390487741e-01
2.899998921211052334e+02    1.003405395992082116e+00    -5.323695230310888232e-03    -3.481018210699552643e-04    1.515883124850250785e-03    2.202997625952301611e-05    1.297610776599409169e-05    -9.090899387301846030e-08    9.695100810318851847e-03
2.900002395274839841e+02    1.000100434902672086e+00    -1.134168359689974141e-02    9.250539707465704569e-05    2.480459363595643976e-19    2.382142477340042495e-05    1.364964451947454339e-05    -3.848615711118976062e-07    2.720663616640286815e-10
2.899997102470844084e+02    9.973039086540528286e-01    -1.070650105892135238e-02    -2.750818872930948914e-04    2.493332606350096968e-22    2.100293323525774162e-05    1.227777862653604540e-05    6.259953028916157043e-08    5.720172180845494287e-10
