# f_r [MHz] A m phi D delta_r delta_ere delta_eim a
2.900001717748685905e+02    9.981340098617698109e-01    3.722411389252735636e-03    -4.606465365296579352e-04    9.666578339912753412e-14    4.492495144339448727e-05    3.517606609723488006e-05    -1.154069459450754466e-06    2.523920690396680749e-09
2.900005282591299078e+02    9.991745679662916713e-01    3.235040389045176507e-03    -6.112940109908143434e-04    1.002781494458618045e-03    4.441985210893642630e-05    3.505071569045361543e-05    1.099386830579747772e-06    5.458320869035318545e-02
2.899996442714874547e+02    9.998382336490496680e-01    7.689298965189870962e-04    3.788492199181978603e-04    5.685511646479242056e-18    4.702779738505847651e-05    3.679877721149121258e-05    1.161199419203378651e-06    4.898732419600855705e-10
2.899996550600616843e+02    1.002295434211060376e+00    -8.322847800891217465e-03    2.704228006526478395e-04    2.508837834158055416e-18    4.716573382246771616e-05    3.609220366054276849e-05    -1.122892467596098656e-08    3.682084864855453317e-10
2.900004330755436968e+02    9.989092540724687774e-01    1.741180273004664606e-03    -2.282305587554275892e-04    1.343045252903039615e-03    4.369598104594248880e-05    3.464970168741415287e-05    -5.914172575151992011e-07    3.843882959308096703e-02
2.899999739872156397e+02    9.998840977589553702e-01    -7.300399444784298536e-04    1.205675847227758943e-04    1.331579214464042444e-04    4.656974429923108809e-05    3.505903588239254770e-05    2.341334337147183725e-08    1.822065001279045139e-11
2.900001475915095739e+02    9.977406931863880279e-01    -2.876536559854466889e-03    -4.131755181098676721e-04    7.537241404811089731e-05    4.516799905526395565e-05    3.510143668051568294e-05    3.474221204018103917e-07    1.672799040375675186e-02
2.899997931248642544e+02    9.982465495119763332e-01    2.449446257629304697e-03    -1.606986550074869687e-04    5.394761201645099577e-04    4.742826836686677496e-05    3.618881474055840516e-05    6.449885857140803888e-07    1.201057317905320981e-08
2.900002147571654518e+02    9.994865950286311307e-01    -2.006295798284852671e-03    2.400952941145406488e-04    2.839639748441680407e-04    4.494532593586715374e-05    3.456863410522060723e-05    -1.197823887514159938e-06    1.041650940270910818e-10
2.899995881183331221e+02    9.985179497269729421e-01    5.213356997183674763e-03    -2.847407659760175461e-04    1.623243510611387795e-14    4.695661658764010581e-05    3.643159376484722366e-05    -1.402613300665363112e-07    6.418976673918622578e-04
2.900003530796815880e+02    1.000068192268279255e+00    3.142460632336088137e-03    -2.831333008584420289e-04    5.512375956946067106e-14    4.873835685881958732e-05    3.830091048737395399e-05    -1.493894823445971705e-06    1.601771924582268049e-03
2.899998294784343784e+02    1.002659688271492211e+00    -1.295171290039156880e-03    4.719706378360780043e-04    1.430551404187799153e-18    4.469001172741568370e-05    3.553109205962210788e-05    1.390814858280416390e-06    1.354833437821117329e-11
2.900002197287448098e+02    9.980912774913918151e-01    -9.641620406917654137e-03    8.987375331916198549e-05    4.945443323494174523e-15    4.693428956131164996e-05    3.418122277324930056e-05    -8.922693652155749223e-07    2.860306512772264787e-09
2.900005535356895621e+02    9.990016405223295370e-01    1.480802841328678933e-02    2.338135909080425821e-04    6.814410951773838207e-15    4.584910688254641387e-05    3.516022529437515145e-05    1.889733412024172795e-06    6.403443034512211474e-02
2.900005050527211665e+02    9.986000468668972951e-01    -2.263436805721652859e-02    6.711125988590136153e-05    2.328361387582746202e-07    4.702514827688259136e-05    3.650067839773947297e-05    -1.197572415006888252e-06    1.676853464147709579e-10
2.900003334530344432e+02    9.988237408645105342e-01    1.168237380300759555e-02    -2.400615654776383653e-04    4.639169811413514487e-21    4.586901084132426177e-05    3.563605412436326455e-05    -1.192304725507446735e-06    5.280491418975645252e-07
2.900002911317527037e+02    1.001596495510438833e+00    1.059058424567292249e-04    2.723777894693963481e-04    8.978651662941511619e-04    4.495315748552649958e-05    3.534674568906042981e-05    3.270612848538659264e-07    1.310695424225203146e-02
2.900006722096095473e+02    9.990712474255101228e-01    -5.652851311850454717e-03    2.892036509465014836e-04    2.053106934408272886e-12    4.530960188014480694e-05    3.519833370278560298e-05    -7.449056817753636045e-07    5.188967775827584006e-02
2.900000465032079546e+02    9.986303134450853491e-01    4.652906161266017089e-03    4.199539843064588589e-04    2.671424551046149762e-16    4.525802186862048669e-05    3.511663540613825534e-05    1.746042284923030394e-06    4.237053684454986091e-02
2.900001847562652983e+02    1.000811298208885036e+00    -9.185627006440152259e-03    3.220428596692530244e-04    1.469958474142792244e-03    4.577325802721238636e-05    3.495403276775880706e-05    -2.386614260639410140e-07    1.773844395788565925e-02
2.899999191914969856e+02    9.991709125665172442e-01    -1.317373927519362685e-03    -9.070285920488920255e-05    3.315206819823932818e-13    4.400775941938776760e-05    3.462673055014336634e-05    -1.967702008139315005e-07    2.864182004028902437e-09
2.900008443054822465e+02    9.991108153029634176e-01    1.324533703029606669e-03    -1.357797009554686249e-04    2.789262446608045704e-10    4.414154902553753327e-05    3.491259258086682968e-05    -9.320914128717898316e-07    5.891042991145518243e-02
2.900001948703048242e+02    9.987778888799951904e-01    -7.051251984672318208e-03    -2.963744434518200428e-04    3.257401643156946710e-26    4.471877411588073272e-05    3.565914010895968397e-05    -1.012523464921619951e-06    1.092971110994386057e-12
2.900002257761602209e+02    9.999115154242129710e-01    8.534980815823480990e-03    -2.278865286077102364e-04    2.206002476500232810e-03    4.555036854023954764e-05    3.526223858777992635e-05    -6.987211693558969910e-07    1.771505625176767740e-13
2.900005240322728923e+02    9.991654986455557053e-01    1.252903352111436669e-03    -4.582448235213353385e-04    7.082042874868990168e-04    4.777333865544740598e-05    3.469465939147828542e-05    -3.246523836397744677e-07    4.694484749908416771e-02
2.899996158259733647e+02    1.000780300361492126e+00    -3.929513743987438318e-04    5.313509404199755039e-08    2.384986990646390843e-26    4.665002490823573424e-05    3.552567738780268615e-05    1.267009071086120466e-06    2.892310084529927506e-11
2.900011987033113883e+02    1.000266363947742043e+00    4.479095927049304288e-03    -5.586897363669217744e-04    1.505444314819563527e-04    4.562581351706181826e-05    3.497860334129100000e-05    3.185460828954321770e-07    1.222057038459049005e-01
2.899999773312094931e+02    1.000178474515131644e+00    -6.546258958702130815e-03    5.487216578931771718e-04    1.109473702793516451e-03    4.663958287856473524e-05    3.547273987630882849e-05    1.097192117399411514e-08    1.003618225563885453e-13
2.900005799370823638e+02    1.001746038191235533e+00    2.788769472290561231e-03    -3.399053384924540563e-04    9.044068103898181271e-09    4.612587148107867005e-05    3.577014868670067894e-05    -6.116213836897803882e-07    2.464130069601282863e-02
2.900003307262556973e+02    1.001455130692720408e+00    4.816398984245290685e-03    -1.181115338773781729e-04    1.606141890768090531e-03    4.738792470301804037e-05    3.665295116578723346e-05    -7.597465562077061481e-07    5.004815752297743503e-02
2.900000251726503393e+02    9.963371933010968240e-01    -1.573250202448639098e-02    -5.027291430550871352e-04    2.899110915440533806e-04    4.608703729063139929e-05    3.563171357507356009e-05    1.263732720435703128e-06    9.666896270824672927e-10
2.899998592361770307e+02    9.988173865812997043e-01    -4.515533182178409579e-04    1.192664737391118968e-04    7.613212573210464924e-12    4.344727219747359872e-05    3.514172987540130241e-05    7.659758672803288064e-07    3.455713325069505876e-02
2.900001478223032336e+02    9.996508043966343404e-01    1.034742974404618361e-03    -2.644611876674062608e-04    7.938744732100134604e-04    4.420100405984458882e-05    3.523384472210236554e-05    4.818838550225776424e-07    3.765281258966204220e-02
2.899999378615526666e+02    1.000009578167495139e+00    -1.150635811320135232e-02    1.586321541837392845e-04    2.052435192634293522e-03    4.263415502514894632e-05    3.440310762148927139e-05    5.501761653648477745e-07    5.204423114191268436e-13
2.900000221630165242e+02    9.989848785749187998e-01    -2.060375417892625592e-03    -1.928956333727702762e-04    5.726421431274637082e-04    4.394953108335546344e-05    3.394445386089544589e-05    -5.769154386178976463e-08    3.817795986413261436e-15
2.900000206187916660e+02    1.001681281754549069e+00    -1.178454029232305598e-02    -3.957090530939117562e-04    1.924065596266984972e-14    4.641161577898647648e-05    3.589786524709121830e-05    -5.945995577257695648e-07    1.489450962385029502e-10
2.900010442024686199e+02    1.003365878562285651e+00    -1.757707055235730115e-03    -5.725043581531070449e-04    2.370934008376783911e-12    4.765378681670407476e-05    3.650459045004890869e-05    -1.573126669885320046e-07    8.611349448868836631e-02
2.899998564639099072e+02    9.973347769812370700e-01    -5.666330215627574628e-03    -1.866366838358806692e-05    8.934452378386197654e-04    4.552542893891445264e-05    3.594041108107025090e-05    1.594907202399495037e-07    1.571705236477064692e-10
2.900000735318978968e+02    1.000951009909296197e+00    -4.877800506418971706e-03    -1.385785587765737178e-04    8.014713868042488246e-14    4.544268615394265402e-05    3.544480675494047551e-05    1.993542451830424318e-06    4.205892165563920870e-02
2.899998394822168279e+02    9.994154796424432607e-01    8.410078663381391137e-03    5.157848485819377165e-04    1.766335336892357139e-13    4.544359102898717689e-05    3.577503312063104332e-05    1.150964956598346836e-06    8.672234754653207348e-04
2.900004265301049031e+02    1.004544216211224583e+00    -2.566130472993696961e-03    8.634896313253988861e-05    2.582542232506802688e-18    4.584997152159967404e-05    3.625779104006434576e-05    -1.242975486864504233e-07    2.767010984996384759e-02
2.899995825301015770e+02    9.984773657760587229e-01    -1.295222037517649964e-02    -3.676901943972480259e-04    1.932496591280437499e-03    4.432711079580407463e-05    3.452861324833635408e-05    1.227804918406233582e-06    9.629465862935175962e-14
2.900011080689346272e+02    1.002128238688335227e+00    -1.620318702352424242e-02    -5.813818733523931810e-04    2.311394985666485470e-16    4.707170347118449973e-05    3.626886438870232428e-05    -1.211972289293814512e-06    7.715981775462898984e-02
2.899997586675205525e+02    1.001953687392458603e+00    -6.275874867549366843e-04    7.643763780729424001e-06    3.079221428994256342e-25    4.385356531699289255e-05    3.481570070517715413e-05    1.173373189143458270e-06    4.412670344033941150e-11
2.899996769069682614e+02    9.971901179709833363e-01    1.711486118356818700e-02    6.864550469044491694e-05    8.879674003815077133e-20    4.513254812010794370e-05    3.521951218035731938e-05    2.079818605475252419e-06    6.383277892085846152e-09
2.900003968428616190e+02    1.003368091031632048e+00    -8.700933494548229730e-03    -6.961048360222819083e-04    1.206699937558198491e-03    4.389126500762039829e-05    3.445662938458901191e-05    -1.116420368528551734e-06    4.008100830928241011e-11
2.900001283794266556e+02    1.000457208990001012e+00    -1.171710508518449163e-02    3.139728463385913133e-04    3.553542932658541260e-14    4.639306922917985792e-05    3.544089313923261513e-05    -5.414333971327935233e-07    1.177540540543926123e-02
2.900001324961360751e+02    1.000252153199028937e+00    1.375890369216468435e-02    -7.895788956513669099e-05    8.747814857289153536e-04    4.658372065753443197e-05    3.717934202875312953e-05    4.046855758732518413e-07    1.081190869941597755e-12
2.900010125497966555e+02    9.967704677590886186e-01    1.022534428871109576e-02    -2.306562878747689805e-04    8.921737734742819217e-04    4.408800670458511779e-05    3.553492014195307148e-05    5.028184367660597107e-07    1.119099977347216834e-01
2.899998796766714690e+02    9.984636373094352146e-01    2.531225767911215855e-04    -7.478586801696860168e-05    9.543349273882522797e-04    4.521663424492599693e-05    3.514646030359993585e-05    -4.734279621453050515e-07    6.013513476307613854e-10
2.900001709915471793e+02    1.003804510551089102e+00    -3.455592280659897184e-03    -2.545438562341679101e-04    1.635410189223631241e-03    4.888877749599488976e-05    3.777864755743253812e-05    -1.321300966949630729e-06    5.343771365144085996e-13
2.899996546235785218e+02    9.990235018376700804e-01    -3.583180336261676969e-03    2.448404873733395353e-05    2.088258760622456020e-06    4.646343784874368369e-05    3.518973399308566248e-05    8.268172165347905044e-07    2.746258441932783456e-05
2.900002571558565023e+02    1.001696166185952919e+00    -1.015500911594868078e-02    2.744605498732457572e-04    3.978733535142204032e-17    4.716485602324652716e-05    3.661396380542036416e-05    3.090638621001152541e-08    3.803812246873004843e-02
2.900004456585822368e+02    1.001149520594776687e+00    -8.991041197372005855e-03    -3.302455015558060630e-04    3.298086786005465881e-14    4.461874769796641963e-05    3.514658590174468119e-05    -1.653124239357136030e-06    1.015194404402292860e-08
2.900001473004371064e+02    1.000693519318699876e+00    -6.473986251217484465e-03    3.043658248213101198e-04    4.511682452143769083e-19    4.664438210013572775e-05    3.615791745980981070e-05    -5.320770252722044586e-07    2.231920477970200882e-10
2.900005654654792124e+02    9.960419819703628663e-01    -5.135014470422156335e-03    4.064750370698562453e-04    1.078278860747511033e-03    4.467017995134620723e-05    3.414828806211267547e-05    1.627595710775789157e-07    7.445144805254251541e-02
2.900002411599337506e+02    9.982804160898015589e-01    -1.980228939150304509e-03    -5.083550894281040490e-05    1.619269363476216573e-09    4.873637552958569476e-05    3.760082078266749865e-05    -1.289538209853384748e-06    4.615044549824572594e-06
2.900002826739191164e+02    9.998332021128569780e-01    7.674433794596079508e-03    4.358437490473092532e-04    5.442661286742509042e-13    4.601228879808570547e-05    3.616053447238979371e-05    -6.520243900083592898e-07    2.534887160673837334e-02
2.900003250424963994e+02    1.003249758896893162e+00    4.903560747306814037e-03    -7.498615355995034374e-04    1.222634486038729450e-03    4.670136003762468551e-05    3.525173771441915952e-05    7.398837131331711562e-07    2.948115176570240831e-02
2.899998007486618121e+02    1.002240243485802651e+00    1.316269965722078120e-02    8.440685954626214954e-04    1.260425232798237286e-05    4.679635241744288835e-05    3.573965668283150978e-05    8.336713771718394720e-07    1.266768692566255386e-13
2.900000769603512936e+02    1.001177986409613530e+00    1.405195568885204450e-02    -6.983929694410432199e-05    1.532160266569317043e-03    4.697198822182800578e-05    3.598985738314418114e-05    -7.335263471621245560e-07    1.837233943735618420e-10
2.899998116199331548e+02    1.003987789819848153e+00    6.581033990036503755e-04    6.809888435426203230e-05    1.007014539003579247e-13    4.488854618071011683e-05    3.521371506479616955e-05    6.955621033100737958e-07    3.566077276628554549e-10
2.899999968094954852e+02    1.002180100962059228e+00    -4.106041261657803441e-03    3.958461775018321389e-05    2.244318062677132990e-04    4.759655209360267653e-05    3.617369214345938214e-05    1.167062341599262778e-06    1.423042627880627062e-02
2.900000032473403166e+02    1.002842642058476397e+00    6.253777628480454605e-03    3.071917429712719147e-04    5.529460064056991738e-05    4.726528297865648050e-05    3.718773297315669242e-05    1.825040668442930075e-06    3.268866259571590743e-02
2.899999204362446221e+02    9.985034861700204933e-01    7.553476299629002105e-03    -2.117415074135685913e-04    8.686562670333782038e-22    4.653700665554366157e-05    3.578544396336801883e-05    2.815878856882804173e-07    3.480420067498643013e-11
2.900003113096684046e+02    1.000408581171606581e+00    5.461934407614501066e-03    -9.011030029163628657e-05    2.120702812253407734e-13    4.548949711370860026e-05    3.485770616682112616e-05    -8.805337193492228978e-07    3.120406027464710935e-02
2.900003569366013494e+02    9.995011960799733419e-01    -1.169726428596426157e-02    9.383182216750592737e-05    1.149817986454294053e-18    4.524577927986897155e-05    3.714884870384681540e-05    -7.622186819893274796e-07    5.901510466110840414e-10
2.899999035519354607e+02    9.999258242089088533e-01    -6.241707398006934686e-03    -1.788808771739263716e-04    1.103342043373150172e-04    4.642229732977588234e-05    3.568919879634201484e-05    8.233624737998424718e-07    2.552623632555455629e-02
2.900004759714014995e+02    9.990034076603658830e-01    -5.102737677011789062e-03    1.925915407491920193e-04    2.498116033800590677e-03    4.641094244842328907e-05    3.682851436365460184e-05    7.982859936518188057e-07    5.064226974720888869e-02
2.899996717485020099e+02    1.001847516190403908e+00    2.810154980288087287e-03    -1.602288970333089050e-04    9.553720843002286496e-05    4.565744596560372009e-05    3.609029728954876097e-05    6.639213197602412917e-08    3.487603705402553747e-11
2.900007412714764996e+02    1.001145961291033615e+00    1.355835196357873650e-03    -1.181838898208700529e-04    9.294777143876731002e-04    4.494358718831689703e-05    3.470844722551843934e-05    5.779501501339356275e-07    8.881373953378693398e-02
2.899998841117842971e+02    1.001260525911886967e+00    -2.917696337810047735e-03    5.019843722440301120e-04    8.381930225952637960e-20    4.869686895787175227e-05    3.686012918477561164e-05    2.139658261156163999e-07    3.050622538557097676e-12
2.899999347841122130e+02    1.000285703646914381e+00    -3.638303700598890817e-04    -3.290270005177531776e-04    8.442315716612059762e-21    4.629949310987719555e-05    3.658801890138459705e-05    4.075928825206807193e-07    1.717462095854996120e-10
2.899998884608211824e+02    9.994387949183843878e-01    -1.129418370913888407e-02    -6.558552870860067969e-05    2.339647199239761272e-14    4.513085076410653968e-05    3.368858354977496907e-05    7.840087313100011875e-07    4.420734605169585052e-02
2.899999171733851995e+02    1.000159204813654057e+00    -6.468392570815927403e-03    -3.409905106061963216e-04    8.492043917561398669e-05    4.486328857612976930e-05    3.426302641609635477e-05    2.706758543500379679e-08    5.084816187084315736e-09
2.900002617605298383e+02    9.964208000797121212e-01    -7.120210751869621981e-04    5.575738800223343242e-05    1.077815964527148234e-03    4.387315077266954150e-05    3.419108015832524766e-05    -1.356344145854479196e-07    1.870350143802385068e-02
2.899999684942853264e+02    1.001093760385848075e+00    5.461779372901498682e-03    3.292334788354952992e-04    5.315010629499136675e-17    4.431598771085827756e-05    3.504135052456041916e-05    4.753760380100264747e-07    9.883130948109299357e-04
2.900002023961237114e+02    9.996379607262416700e-01    -4.558100176521722412e-03    2.332437973187341236e-04    1.179325408495812862e-03    4.665143063812854130e-05    3.584963750924714918e-05    -3.438511671495830506e-07    1.178632376390315273e-12
2.899997931713105572e+02    9.994538157021086722e-01    7.279460117700698764e-03    -1.368520806731880160e-04    2.033114399332240177e-05    4.568818550504790072e-05    3.562541641395311579e-05    4.082579072946014030e-07    2.384661726985845217e-14
2.899999391038394947e+02    9.996433610066891573e-01    7.431309801433717659e-03    -3.326788408886364882e-04    1.159558579053054543e-04    4.822963441597291628e-05    3.649297992392096744e-05    3.532431750054213631e-07    4.120561219800851038e-12
2.900000951543560745e+02    9.958819796215445663e-01    -6.154521068504764832e-03    -5.260679145106558589e-04    3.665031992893844851e-04    4.523128410894193329e-05    3.508176010961317577e-05    -1.080093115821381351e-06    1.807161418460387658e-10
2.900005693411454786e+02    9.998303655700442327e-01    -7.117305336234905355e-03    5.608527699178053486e-06    9.912309936772973433e-14    4.418352213407667064e-05    3.495984147075975227e-05    5.090652205512521555e-08    3.499293370823576554e-02
2.900007014617808636e+02    9.990925311559866184e-01    -7.560608749346159688e-03    -2.630470719036014310e-04    5.815054153572274094e-04    4.666514414864579346e-05    3.625754835872253352e-05    -8.126521018974029450e-09    9.315771955483724553e-02
2.900001540179280255e+02    9.964165394667487963e-01    -5.753161643625781703e-03    7.017526902483843141e-04    1.391886411529311444e-03    4.428032019436174363e-05    3.511704850623852510e-05    2.123480828303785289e-07    2.457147723865685945e-02
2.900004437319313411e+02    9.995802789244087050e-01    -1.223059290926080183e-03    -1.366719418377771681e-04    6.258949167434652060e-04    4.535651576259830381e-05    3.539329360151484313e-05    -3.908082774790837278e-07    2.634870586604205062e-02
2.900004709944157639e+02    9.986043873193629627e-01    1.652578702335123903e-03    -3.648741756069971546e-04    2.050475070455682111e-14    4.378378535103670267e-05    3.527508065849845216e-05    -8.062412200984032357e-07    4.947818238110892469e-02
2.899998712676097057e+02    1.000777668870954429e+00    -3.746879801052970319e-03    6.074914121236107827e-06    8.674814435315990595e-04    4.628495910917852454e-05    3.565633298333767241e-05    6.822429181514480586e-07    2.781348074004946311e-16
2.899995348912705708e+02    1.002256968650651725e+00    -2.783778345206678120e-03    -3.320899960871879499e-05    4.180282471627068715e-17    4.699507884075122203e-05    3.596796340448671700e-05    1.337821599942559445e-06    3.058319728414789915e-10
2.900006942370225147e+02    9.966284371228369965e-01    4.465704640209344767e-03    -9.205242368213921791e-04    1.155150302650456750e-03    4.603039555964598997e-05    3.674775669267215701e-05    -1.782831733509784367e-06    3.916861478312010786e-02
2.900001512093401175e+02    1.000346097499130948e+00    4.867033070121494324e-03    2.887659679513924642e-05    1.169221283506875981e-03    4.655290198129909639e-05    3.571938733226446227e-05    1.420768803852026129e-08    1.567727472524193741e-02
2.900000056861465509e+02    1.000358516563113032e+00    2.131464496929707901e-03    4.589151944981945172e-06    4.049781710580705948e-23    4.545794178901032580e-05    3.590310196070507499e-05    1.707244055776247488e-07    8.999962910581497163e-12
2.899999854033837323e+02    1.003078726716308378e+00    4.610861675755485809e-04    -5.524982391669633688e-04    1.342881516377847579e-03    4.544873681816933317e-05    3.580877250326691447e-05    6.693305283349494199e-07    1.052422161570527790e-12
2.899997057501407767e+02    1.003173709492521937e+00    3.707037891817245752e-03    3.091105957938865300e-04    4.992737721875323427e-05    4.649729095795032484e-05    3.620000417533667723e-05    -2.212135089525779113e-07    5.625254305311974306e-13
2.900000456831137399e+02    1.000566803278208683e+00    1.553004397077198569e-03    -2.932514119959251839e-04    5.540827180744037003e-12    4.402854854490994066e-05    3.488166508500302178e-05    7.038778193717457703e-07    1.085979195413826713e-08
2.900010893911759808e+02    9.963194973040709890e-01    -2.493197577259862255e-03    -6.953193048789607427e-04    1.652993419199371090e-09    4.416954083217242567e-05    3.442279079596411568e-05    -1.741024138683944625e-06    5.773364081057010683e-02
2.900007999843930406e+02    9.970755946620920573e-01    8.084589176196662827e-03    3.699568160414231624e-05    5.933400347118950686e-04    4.443679829742180502e-05    3.433321882966861710e-05    1.543386195462455974e-06    1.178817353136110968e-01
2.900002409233972571e+02    1.002681105182129162e+00    -1.133677403375590344e-02    -5.780301865774877196e-04    1.018921926047193244e-03    4.553589294575422083e-05    3.628418245850505814e-05    -5.481580770112463398e-07    2.978481033855207016e-02
2.900004716772299957e+02    1.002403797876658231e+00    -4.951403844310358661e-03    -2.971971649608718606e-04    2.918020998263676295e-14    4.679674580482412504e-05    3.591392876452223297e-05    -1.301656893485542343e-06    1.155962625776345377e-08
2.900010512501577296e+02    9.977038611697673920e-01    5.613240930110150601e-03    5.697033888367878041e-05    4.146399739867125586e-15    4.521269113743189903e-05    3.514156642549273984e-05    -6.104236783327226254e-07    7.938012859450090108e-02
2.899999887384942099e+02    9.958996935894131042e-01    -1.396053383130064314e-03    1.049289602001604940e-04    1.101289873101952369e-03    4.347758020392817333e-05    3.495147803128503876e-05    -3.090826319985300049e-07    2.843329726463891989e-12
2.899998958594394480e+02    9.990416360978175980e-01    -1.379994352424905720e-03    3.847440468685688552e-05    1.361246086921436183e-20    4.455070272127939235e-05    3.503726014982222009e-05    1.072338801093822369e-06    1.142973405565073136e-10
