# f_r [MHz] A m phi D delta_r delta_ere delta_eim a
2.900004291770637792e+02    9.996039590054650592e-01    3.514382238527959893e-03    -3.611500451350638550e-05    5.003827903338585329e-04    2.467524387468263169e-05    1.395416447789550012e-05    -8.664991566329357273e-07    7.523813777462126109e-10
2.900001078400686652e+02    1.000683702331433000e+00    7.524229079413886391e-03    1.944993665108797468e-04    3.167908454754397429e-03    2.294273673616236013e-05    1.270864062864975406e-05    -1.844401582917659977e-07    2.344386799973147487e-02
2.899998488626564495e+02    1.000025141515415106e+00    6.269196057263214453e-03    1.120776802379095841e-04    2.779380464161529293e-35    2.177946816272611469e-05    1.315210032112500897e-05    -4.617495523226476924e-08    1.051497689164905894e-02
2.900000790804185726e+02    9.997660458392572114e-01    1.349709990181196953e-03    -7.443103451708773209e-04    1.756307199417963183e-03    2.221649105023886092e-05    1.284601232763452069e-05    4.136948707155064434e-07    5.938347203614598863e-02
2.900005820475910809e+02    9.968099793509846984e-01    -3.711258217064532846e-03    -1.229718363611107240e-04    2.619553333332831440e-04    2.352678561639356551e-05    1.307834132070660649e-05    -9.755925289591983485e-07    8.594382657622166855e-02
2.900001943157775486e+02    1.000820590879992977e+00    1.044034112641925929e-02    1.116518980434348554e-04    1.869519058671568188e-04    2.242390039931638036e-05    1.362760570093873920e-05    5.820190984388654883e-10    4.077309676199054293e-11
2.900003186577687302e+02    9.994952178930501807e-01    -6.759332230028885537e-03    4.100424732111146095e-04    7.817905432234816220e-18    2.393906045296150030e-05    1.304320777914224506e-05    -1.054445904492226397e-06    1.658736319342429616e-10
2.899998448088608711e+02    1.000993742224737026e+00    -1.100616509175934496e-03    -1.123860576406122042e-04    7.659493504186102378e-28    2.587428256959676642e-05    1.317721176106607917e-05    -5.358362379374645876e-07    4.772764937972563855e-03
2.899999367411980415e+02    9.988731495973903751e-01    1.854056316439992459e-03    -1.466655773744113896e-04    1.673280628810552102e-03    2.335987870542193665e-05    1.286147280831134311e-05    2.320464384611280049e-07    6.803644521834206589e-14
2.900000491191036645e+02    9.983508552084187082e-01    -8.315508757683951271e-03    -2.152118346118340813e-04    1.302789012217606211e-03    2.143654936711264237e-05    1.228138933429049282e-05    -3.906449813291658167e-07    3.315380518357449735e-02
2.899999091870447501e+02    9.978167893663435484e-01    6.187405312568908028e-04    -4.541385813052970107e-04    1.090940631969647451e-21    2.178350811813384975e-05    1.263679708536867213e-05    -5.376402232188644763e-07    1.359280158544439821e-10
2.899997220114898937e+02    9.989330888331112712e-01    -3.990610726631419435e-03    2.584118086456245857e-04    1.339314881956899611e-15    2.574995149445722623e-05    1.349468707400162722e-05    4.879125407754427633e-07    3.457123208245960388e-09
2.899999868686377908e+02    1.000434246544134043e+00    3.327338879645051241e-03    1.524373933620825556e-05    7.447240740756553255e-04    2.357751265003483077e-05    1.255421384754628114e-05    5.747791881843018574e-07    2.912125296473446617e-02
2.900004952269792966e+02    9.994842621357181711e-01    7.992498047223504194e-04    -1.279926265052263635e-04    3.833192646986206401e-19    2.119239178646214564e-05    1.260160399075552210e-05    -3.549344620877846968e-07    7.162712674319497708e-02
2.900003111804476248e+02    1.003451631907479769e+00    -4.974529706746905894e-03    4.969186848313052185e-04    2.817963840037513333e-19    2.563937913962223753e-05    1.401622017590167311e-05    4.317056063888889608e-07    6.144939745345701088e-02
2.900000289734898047e+02    9.985872599452091380e-01    5.945389369274274929e-03    -1.454421023573076012e-04    5.559159969253428752e-04    2.188344733088041022e-05    1.348164505072289896e-05    -3.910106573335177999e-07    5.783403942540622675e-11
2.900001798336061256e+02    1.001865042161210750e+00    4.450358778758021355e-03    6.927644755449792729e-04    2.089035922037169060e-20    2.361266678708022842e-05    1.362388952681357475e-05    3.587180926008855294e-07    5.550286165805069089e-02
2.900003357388027325e+02    1.000272711647670176e+00    -7.191442616086336607e-03    1.136840462856915520e-04    1.479440761486372870e-04    2.289383755556754008e-05    1.332858235646973706e-05    -3.645188678196131181e-07    4.092922423155037626e-03
2.899998699202398029e+02    1.002232150109511943e+00    4.501488651064014870e-03    3.888192869560165034e-04    1.482964018181633526e-03    2.271438081878425535e-05    1.280286133579325810e-05    8.512586049602684201e-07    3.635584156745446521e-02
2.900002949759423245e+02    1.001124009883417099e+00    3.866798977722573760e-03    5.864294483350309577e-04    9.418955674915719571e-05    1.963171864023604635e-05    1.211207751699159501e-05    -3.003487670959869781e-07    5.327828842869936771e-02
2.900000655396781895e+02    9.998984821300158643e-01    1.025348023564102984e-02    -4.070608020576746660e-04    7.573463791625204954e-04    2.237037006738758967e-05    1.246411301759298311e-05    4.254215220348911623e-07    1.370802548154906146e-02
2.899995287054032360e+02    1.003332014649096715e+00    -1.937228419031787607e-03    -3.076735126291572562e-05    1.428393832165624410e-03    2.273394690164228467e-05    1.289486019418752739e-05    1.605551502949248936e-07    7.629239119278704938e-13
2.900001130352914629e+02    1.001711010286136849e+00    9.215969383190760877e-04    -8.627161981419474279e-04    2.109617374437052717e-24    2.440485988539599634e-05    1.344597042024016978e-05    6.187268913362532142e-08    9.228944836893769122e-13
2.900013388215837722e+02    1.001314790870698745e+00    -3.152258101329960278e-03    1.728218308558267431e-04    1.853473898538644110e-03    2.230644762548981530e-05    1.283440958132874727e-05    -5.765398157857128609e-07    2.549698438901604192e-01
2.899999157675247830e+02    9.988848392268966370e-01    -7.782616977914547530e-04    1.049471843084819522e-04    1.490980479074443838e-04    2.331404310793838935e-05    1.318816962296519608e-05    -4.716441794457684647e-08    2.527425418653061790e-13
2.900002281870789034e+02    9.969202029531220033e-01    7.536966691615488816e-03    1.508052104747475519e-04    2.622641571758837058e-05    2.705983073716382601e-05    1.378479888755829849e-05    9.905626498542903500e-07    7.261169001618505980e-02
2.899999616849069639e+02    9.992001288480674148e-01    -2.474207250408145143e-03    -3.497037310121354635e-04    2.153622436482707554e-13    2.246298785771323923e-05    1.260983088554344201e-05    5.611983034312620681e-07    2.469363632541273293e-02
2.900000862479520265e+02    1.000569575385013676e+00    8.299091156765954144e-03    1.571524478575021171e-04    1.820050638369137639e-03    2.125479950813604672e-05    1.221078459748758094e-05    -7.639748687975839127e-08    5.970375287333624936e-02
2.900002595337407456e+02    9.966146392648514984e-01    3.225580927282076238e-05    1.775477559066930468e-05    6.327684902062744683e-04    2.198357039344435302e-05    1.308901712812081214e-05    2.019629302735243335e-07    7.962996841859101838e-02
2.900004550416911684e+02    1.002353702618604459e+00    -1.186682997975533824e-02    -3.416499960245665025e-04    7.781077736897004021e-20    2.142317787995115706e-05    1.265877768181908813e-05    7.296739811324181796e-07    1.579657338879841555e-01
2.900007075532711269e+02    9.991484395346730274e-01    -6.312826002581091271e-03    1.048795607112155706e-06    4.439192094025835736e-04    2.270254548391212980e-05    1.342105217714798066e-05    3.819183820237342090e-07    1.298333222466147574e-01
2.900002350135605980e+02    1.000810427988656270e+00    -3.763326650367628239e-03    7.046364591084792550e-05    6.084073865251652220e-22    2.528433726297366963e-05    1.354257708940307243e-05    6.096559505737477398e-08    6.971976537538873697e-02
2.899999369547421111e+02    9.981849571017460399e-01    -6.398620165759855323e-03    4.893260578056483944e-04    2.201099373270666310e-03    2.141758809363668040e-05    1.262309251205692680e-05    6.128529411232375364e-07    2.249797822898293664e-09
2.900001738760029184e+02    1.001131782767197276e+00    -1.179752161609419134e-02    -1.180633308528057890e-04    8.431331959649244426e-04    2.288943932437379955e-05    1.386247273215806950e-05    -9.204635542500197204e-07    4.436326685097710028e-13
2.899998739764471907e+02    9.991313646144385219e-01    1.527833383534598971e-03    -1.839043168106137196e-05    1.150431313520823822e-03    2.145720291125711031e-05    1.262276159409521487e-05    8.786544994962599389e-07    4.438118377027783223e-02
2.900001767677055682e+02    1.000031849849042365e+00    1.431592421696659123e-02    -1.225139718888179706e-04    1.177810915934102870e-29    2.440197519244823639e-05    1.310147559008930228e-05    -1.173298529596368835e-07    2.390977139152220682e-02
2.900009193897549267e+02    9.996333709242948284e-01    -1.512892902097319860e-03    5.383361424452080173e-04    4.987442660415888315e-23    2.427552832653767404e-05    1.439922270701420096e-05    -4.802690436664475557e-07    1.083719808705587567e-01
2.900006994903602617e+02    9.986302770926647199e-01    -1.546732184408315105e-03    8.493436995770087792e-05    1.594921596498445919e-03    2.434607859497240546e-05    1.309378112160115741e-05    -9.407812852683943936e-07    7.030575508952213726e-02
2.899998792343201899e+02    1.000754761333580101e+00    2.073897565786173881e-03    -1.295453731583689040e-04    5.189976259796215364e-04    2.323402888164864075e-05    1.387263422323465366e-05    4.752621354541215187e-07    2.774135960120372451e-14
2.900005969870065314e+02    1.000702175256105386e+00    1.065721802436315861e-02    6.945196465124996730e-04    3.837314832047512721e-20    2.241675072613268731e-05    1.295017380070654485e-05    -9.299562755909722248e-07    5.933738981863267287e-02
2.899997085132381471e+02    9.981618553244232528e-01    2.822948692828173341e-03    -5.940573952150743657e-04    1.254303530835509684e-30    2.307826205601800726e-05    1.314339472433053189e-05    4.101077301671143416e-07    4.468209849844886031e-09
2.900005680931532197e+02    1.002766840194056819e+00    6.109608241183645851e-03    -4.829824272521915303e-05    1.290598601029165895e-03    2.249308811398297435e-05    1.344098105330304163e-05    1.584772375469179075e-07    1.308724518496408584e-01
2.900000793253545908e+02    1.002530458675520153e+00    9.004589021457247780e-03    -4.353365188012788814e-04    1.753553409744068679e-03    2.236801134955075136e-05    1.279600684733894524e-05    8.798592758702442002e-07    3.309001281102888972e-09
2.900002066479317477e+02    9.997346583673684117e-01    -4.210835630472911303e-03    4.416418974743210380e-04    6.685366848507772885e-28    1.933529968991722425e-05    1.202800291298888497e-05    -9.807681895812730070e-08    1.149691339668679063e-01
2.899995263397356666e+02    9.995171233203570260e-01    1.296526159115638302e-02    5.478575365917629083e-05    1.850449557524304822e-03    2.331174054747809732e-05    1.273726990437931670e-05    1.052461068834668488e-06    5.469501729737517225e-10
2.900002352049954766e+02    1.001461853678799363e+00    1.518444350366937590e-03    1.415491047904042553e-04    4.120758918439485462e-04    2.162180672920419294e-05    1.343328752701272239e-05    3.592173295041957882e-07    9.500936370715112878e-02
2.900003015083939317e+02    1.000345531294445589e+00    3.105691941747015274e-03    4.055834648706614924e-04    1.695405443897199625e-16    2.115237807322981072e-05    1.258878087516353056e-05    1.825341446867523220e-07    6.558725475707781472e-02
2.900002749487144911e+02    9.995302107725970719e-01    -6.404888818531276687e-03    1.232942075263756166e-05    8.805099478636240472e-20    2.221481211085822775e-05    1.240281242124880420e-05    5.669020708525960666e-07    7.534410274810504626e-02
2.900002516268702948e+02    1.000876286200522269e+00    -5.663813514534162853e-03    1.273146062447060554e-04    7.465303918213281250e-19    2.079967149893108725e-05    1.264989833825751698e-05    -2.368485179664785957e-07    1.154373942050232692e-09
2.900002314051110943e+02    1.000671557254195765e+00    -3.848061804202361665e-05    -1.131362363937670040e-05    9.878941089130894963e-04    2.136351704231331694e-05    1.249588323425411077e-05    -3.980309482123897751e-07    4.007902996041415311e-02
2.900003514634926773e+02    1.001484642886798282e+00    7.296141438889092515e-03    3.520531015494121206e-05    1.024367890912034453e-03    2.140089900299132155e-05    1.230978391340014753e-05    5.972434355423778406e-07    1.160368395586551526e-01
2.900000343802412885e+02    1.001161037648858665e+00    -9.219005204726363201e-03    -8.801127208049381494e-04    8.028939213531707851e-04    2.491209763299590045e-05    1.357040654200397505e-05    -8.814188513729261885e-07    6.833398496983880232e-05
2.900008122466499572e+02    9.986312803681820505e-01    -2.823538448512893061e-03    1.810545582480730580e-04    3.576601825535903234e-21    2.378640804463301374e-05    1.306084004992285962e-05    -8.178467209890598265e-07    1.247284767935014499e-01
2.900002155208286467e+02    9.995965422763701813e-01    6.685736975777762693e-03    -5.300932900167423871e-05    3.429595518675284819e-32    2.030533787239200723e-05    1.168427900826669782e-05    -1.859532643083888960e-07    1.660886219951574112e-11
2.900000922008114230e+02    1.003203959356544051e+00    -9.470860650237503814e-03    1.822600418984900281e-04    4.993609794569841762e-04    2.316433492766070649e-05    1.340520549368649597e-05    -8.718919682982716933e-07    2.015443836925662862e-10
2.900007576798388982e+02    9.992746500140500254e-01    6.955256077894219659e-03    5.506779923322907338e-04    2.722351751791095655e-04    2.076547823721485605e-05    1.253165299637981378e-05    -4.746171389484849869e-07    1.545878881171796060e-01
2.900002636014961013e+02    1.000498606030553628e+00    6.342928162997229710e-03    2.678445008097874044e-04    1.592994107083663732e-24    2.160068464820443895e-05    1.266205547362832059e-05    1.283103438477835663e-06    1.316922775165671189e-01
2.900002149321757088e+02    9.980947101501947971e-01    -1.923304926354902538e-03    -2.993904597551239099e-04    4.472201477239505532e-21    2.020167249082515748e-05    1.082455970371515132e-05    -4.343645867097336107e-07    3.929087376042427189e-09
2.900003020582951194e+02    1.002123238839010666e+00    3.958580475329999057e-03    -2.375506421300439624e-04    9.727314759157551906e-05    2.304352454657124114e-05    1.314102245088776757e-05    -8.786837334623954640e-08    7.636945418378836281e-02
2.900002934496623652e+02    9.984796602037384616e-01    -7.738848716511239657e-03    1.601950414294816649e-04    3.142303233292236156e-27    2.347752385064780234e-05    1.327239485639046456e-05    2.331459727525890050e-07    7.459526885925980844e-02
2.900003807759081269e+02    1.000200442911017618e+00    -3.614505235733105840e-03    2.205787868870678220e-04    1.564516775959105457e-25    2.025413098645493138e-05    1.242069223312706980e-05    -6.853538096522742175e-07    7.907989014423266738e-02
2.899999421199540279e+02    1.002338971297616954e+00    -1.307217530203551824e-02    -3.810054968635017466e-04    1.082726869889941981e-03    2.445898579142361787e-05    1.328661982250746347e-05    1.076464542571431406e-06    9.909052793856495955e-02
2.900011159814891357e+02    9.996305640935875259e-01    1.007269593368376225e-03    -6.360421520609394895e-05    3.477931000553301190e-04    2.395035397207461234e-05    1.367788509121437151e-05    -2.748512689458135557e-07    1.734884975600563817e-01
2.899997080816093558e+02    9.978641814300469592e-01    1.812693332067561152e-03    1.406120988411371266e-04    2.171626798930258504e-22    2.514104193133900132e-05    1.378534591192891833e-05    1.055290300383221262e-06    1.968914908139229223e-10
2.899995633343160080e+02    9.993728893774634914e-01    -1.314225627685295479e-03    4.442451916522538674e-04    1.450054352105521109e-04    2.445521599821997687e-05    1.291502402806845247e-05    1.345910029737008409e-06    2.512597128635884069e-12
2.900001963348615845e+02    1.000304853411560391e+00    2.834508001945223402e-03    7.395860331865782174e-05    2.411953039717807702e-03    2.464359066230883250e-05    1.341029213581533879e-05    -6.256307744917688266e-07    9.451380090898001476e-03
2.899998080288810911e+02    1.000606969415656078e+00    -5.398099118897596582e-03    1.090251420949282384e-04    3.243569166969035343e-27    2.306174344863525676e-05    1.335170944083438160e-05    -3.336208951162382483e-08    2.091601476226564660e-09
2.900001391573628666e+02    1.003893534324662662e+00    1.212819125093702937e-03    3.279759812771526769e-04    9.216708602465225383e-04    2.286716853791891460e-05    1.240443907326521697e-05    1.059570674866666867e-06    1.868728588349079581e-11
2.899998417028839981e+02    9.997954838305104230e-01    3.555538580595657503e-03    4.380837988040709851e-04    1.646112267584252963e-04    2.322533461859005438e-05    1.337455844301208965e-05    1.577296200654138348e-07    7.047039863830622435e-11
2.900005818732013836e+02    9.993467812007233997e-01    -4.351470206593838902e-03    1.549814335065554131e-04    1.053668560762997813e-04    2.188866301549119393e-05    1.311402609056804710e-05    -1.617634017293673761e-06    6.138025106388194936e-10
2.900004585017599652e+02    9.962012237779082069e-01    -3.030573385590416315e-03    2.153326492141328290e-04    2.440426920390056060e-34    2.406107270044230406e-05    1.267194027824378154e-05    -6.922831622830726252e-07    1.323116734099409497e-10
2.900001410228847476e+02    9.973535868653908842e-01    -1.697728097908679989e-03    -3.860011734863668937e-04    8.308907746613231884e-04    1.933008371916439610e-05    1.163833475222286695e-05    8.348603600079440655e-08    2.080207434730487646e-13
2.900003174044184675e+02    9.971526379617902114e-01    3.808268976381138770e-03    3.933397372870360255e-05    6.550153359767519866e-19    2.160099721102761718e-05    1.255936429879949011e-05    -7.826961370978018158e-07    2.538793763212033181e-09
2.899997850737504450e+02    9.982267356988341334e-01    -6.953144857094289283e-03    3.437898052229427918e-04    5.950830287314982404e-04    2.318607998077821367e-05    1.403127513188561902e-05    2.622753133065571401e-07    1.643093300002476762e-11
2.900003760828382724e+02    1.003672981015593546e+00    -1.585691130184290181e-03    2.758112046727805066e-04    3.676503503249082595e-24    2.387024240440206605e-05    1.231029117762111844e-05    -3.545483145624766560e-07    1.782551388977305848e-02
2.900002999143670763e+02    1.000141070360951900e+00    -2.296073982974138213e-04    3.946556011641971258e-05    1.435376894419165400e-32    2.292507640075655548e-05    1.285036211751746888e-05    2.661390201963130855e-07    3.429649160673698197e-03
2.899998405494001190e+02    1.000062760915773730e+00    1.268524823564207323e-03    2.389455875940178049e-04    9.055653425288802383e-20    2.494741068238635946e-05    1.344065018867123725e-05    -1.562271297317873961e-07    7.239359511127905225e-09
2.900004016033958578e+02    9.976145376365768147e-01    -1.497328145519248208e-04    -1.371760200845443547e-04    1.417855931213876769e-19    2.489825332670063136e-05    1.387612361478192779e-05    7.218478254833389961e-09    1.135946599052326117e-01
2.900002803725255376e+02    9.975418179615541669e-01    -7.938998446569265136e-03    -1.804726419091031721e-04    2.142244815873005186e-03    2.281905395898973835e-05    1.247566394887948270e-05    2.267195626998513978e-07    8.357028890867779225e-02
2.899997586966484278e+02    1.000419005748654611e+00    -3.439445298134609515e-04    1.932235070959304759e-04    1.313560106630716701e-03    2.390236537330215244e-05    1.241064214290906880e-05    -8.270593055655241834e-08    3.344932032806980223e-15
2.900001229334536106e+02    9.996771285953260922e-01    -7.114272972398899726e-03    5.523425574774096583e-04    1.925533484535096807e-30    2.011988244172829629e-05    1.267911501832928440e-05    -5.537573767164645795e-07    3.831549586967848388e-10
2.900008829934029109e+02    9.994065582720497165e-01    -1.061266229784617928e-03    -3.444946788740159611e-04    1.526404029740845511e-20    2.451117860646222731e-05    1.376128497360081093e-05    -8.478290171804659512e-07    1.315801896589981479e-01
2.899997355250655460e+02    9.982007904175128621e-01    -1.874425003033601675e-03    -2.442575305894903155e-04    1.691223533288687244e-03    2.059451630830396476e-05    1.185697370489932924e-05    1.292800676678368358e-07    1.624620839867645042e-14
2.899998999719616677e+02    9.980232840356315638e-01    1.666873829207075972e-03    -1.821355209562763443e-04    1.637113404961549256e-03    2.323209159884314517e-05    1.289068854994005999e-05    5.115587165972014898e-07    7.984564644116128040e-10
2.900008707559853178e+02    1.000502050329883152e+00    -5.934555933451204348e-04    4.461150051021002950e-04    5.230120418441419746e-04    2.242563491114721620e-05    1.255392326133502587e-05    -5.093961445609586175e-07    1.219829662740105763e-01
2.900002824019316563e+02    9.979927929099288164e-01    1.789416214252934414e-02    -3.157757076906174973e-04    6.952234002467998298e-25    1.980100067977495071e-05    1.223749402580778903e-05    -5.299588403295096763e-08    3.250150136263183637e-02
2.900002739840647337e+02    1.000214803875558056e+00    4.445343730698179951e-03    -5.039914055159560669e-04    1.182465077653317400e-05    2.365114347642486767e-05    1.326285879853745801e-05    3.639759549278201918e-07    4.818972101124453095e-02
2.900006840391445735e+02    9.993908318925061041e-01    -5.930919582264857631e-03    -1.401730910013001380e-04    1.135777124908399260e-20    2.118537420012228198e-05    1.207155210346330433e-05    -3.763855622018178210e-07    1.406876164338800861e-01
2.899999275834829291e+02    1.000224377673379683e+00    -9.637942516413552582e-03    -7.567280474977822061e-04    2.992497102521900891e-19    2.306436519159572868e-05    1.227914954839473053e-05    6.337777826605943011e-08    9.375659191235658711e-10
2.899998490086123866e+02    9.988547420832744050e-01    -3.955455465802597964e-03    -3.936951720954296401e-05    1.742477769164843939e-05    2.203854773893402423e-05    1.261963500094154252e-05    2.518763338421602730e-07    9.212503262468859505e-03
2.900002836860331854e+02    1.002532990831807469e+00    -3.365718107338299780e-04    3.246202302083920277e-04    2.390178285488119835e-24    2.630943479129879483e-05    1.379669289510043496e-05    6.779862644945490256e-07    3.593455798552862984e-02
2.900004666408862590e+02    1.000286719614617681e+00    4.684564029629601292e-03    -2.788398045102286906e-04    8.882895013827055413e-04    2.193903431490812445e-05    1.233961362561013071e-05    9.364822616670900900e-07    8.000729519458502081e-02
2.900000983822939702e+02    9.999837570156597799e-01    3.068147252186490676e-03    3.474520326242977605e-05    6.752068381782096998e-04    2.177422376651850684e-05    1.305468501953207444e-05    5.807599383856823248e-07    7.675301972918270085e-14
2.900003238549991806e+02    9.988511842248660733e-01    1.506080849752299521e-02    -4.608192272624245982e-04    1.526555229948022615e-03    2.031344751909269959e-05    1.252114908653422266e-05    -5.751717369474624464e-07    6.211034579415377482e-02
2.900009102126994662e+02    1.001219506445340857e+00    6.003183521888715880e-03    1.748692287451927591e-04    1.419144772882691763e-27    2.307553663354164515e-05    1.269484822277076843e-05    4.988399294291451061e-07    2.148055260077849637e-01
2.899997614232943874e+02    9.969778794839424529e-01    7.169952870160336417e-03    -5.506798393925467798e-04    5.076643025053878969e-22    2.514434295619380065e-05    1.335822885498934477e-05    1.330493796892239681e-06    3.887620960341567344e-02
2.899999132590762088e+02    1.000373629304317058e+00    -3.085216570782860646e-03    -1.141624902166001509e-04    1.958444279243338679e-03    2.303809204842112326e-05    1.306494703839677035e-05    8.845134880599847267e-07    4.254810202958920771e-11
2.900004624629198133e+02    1.000705917205222839e+00    -3.659723173313306991e-03    -3.105486789304484369e-04    4.278014062164077393e-04    2.341770623792209947e-05    1.274884664319873735e-05    -5.379327776568957180e-07    7.004118424710917279e-02
2.900011891978798531e+02    1.001474780159702593e+00    -1.783762957949715580e-03    1.794663943459150321e-04    1.942947408044936155e-04    2.409123277356899865e-05    1.327227508123276348e-05    -1.218476958454243777e-07    2.252785913415112917e-01
2.899999023151084430e+02    1.000055034132548482e+00    -1.481210749178321455e-02    -8.207439608561145346e-05    7.482145332740351564e-22    2.158989564576586510e-05    1.262507898663104320e-05    7.460305560365516977e-09    5.955235192849213776e-10
2.899996910615654997e+02    9.978353940270070499e-01    -7.903656777658986041e-03    1.044231198213190718e-05    1.923637209369136757e-14    2.263274179711727516e-05    1.249831031284989208e-05    2.063963839054474135e-07    1.804284131879070943e-04
