# f_r [MHz] A m phi D delta_r delta_ere delta_eim a
2.900000835345458086e+02    1.002206325701506806e+00    1.718421965598661933e-03    2.105147672586661308e-04    2.426888908912903150e-03    2.935046506057708643e-05    1.992400657717893040e-05    -6.457309718528059278e-07    2.137577594107995015e-14
2.899999213480570006e+02    1.000504734497974280e+00    1.415603204206605792e-02    1.704527846491670114e-04    2.185476854646179780e-03    3.099350667565452309e-05    2.063777039468914597e-05    2.531979212360008424e-07    3.682367183146999772e-12
2.899997653633307664e+02    9.954199371043351841e-01    1.028604085850912120e-03    2.485641412596901979e-04    2.631542007054846173e-29    2.824009293747851447e-05    1.864875405144220577e-05    8.165954493960718138e-07    3.317678949837084855e-14
2.899997468226649175e+02    9.999841034223178049e-01    -2.572191020295708404e-03    -3.311954887759161739e-04    1.526381279046616157e-24    2.946021613771751145e-05    1.925565965160047817e-05    7.806998133810388890e-07    9.108654028081399999e-11
2.900003278779533957e+02    1.000979737001957082e+00    8.078716983626627740e-03    4.098250385731254343e-04    1.356376330643305336e-04    2.788866531079545717e-05    1.869418315415708075e-05    -2.652100003744973308e-07    5.875829627957212392e-02
2.899999388345705711e+02    1.001051627723146709e+00    3.304039300936817934e-03    4.939018125741790992e-04    2.490110364552622368e-16    3.152106122360590903e-05    2.014897754547540136e-05    4.886004080611362627e-07    1.907413286776478770e-02
2.899999329189287778e+02    9.985631354588685449e-01    -2.767448184163808379e-03    1.466468609959485875e-04    3.518436564352392603e-21    3.007929211674633760e-05    1.908004642711190769e-05    8.833319279670035818e-07    4.415589340010323634e-10
2.900013446216160560e+02    9.975887356042156817e-01    2.385368617707276512e-03    2.303424750193697570e-04    3.085976113168252045e-04    2.955916827303999884e-05    2.011556899090225241e-05    -1.266427366255671409e-06    1.412577901491290921e-01
2.899998145999119856e+02    9.973972567257911592e-01    -3.325456471886178208e-03    2.724958398489504070e-04    1.079006153660044516e-03    2.706120596599853297e-05    1.816667620760861672e-05    3.616092305511138670e-07    1.107611528242685038e-10
2.900000220323711346e+02    9.989793132995337110e-01    -1.822080399402299872e-03    -6.309797414204128480e-04    6.044756101291642479e-04    3.135162717884910981e-05    2.050958958919730143e-05    5.692558442415039316e-07    3.212511396332672147e-14
2.899999483872719566e+02    9.985498105652745870e-01    7.278152172678055637e-04    7.147364110496966629e-04    1.666026222869848692e-04    2.879752947884339789e-05    1.938427258612834109e-05    -1.960879262697111440e-07    1.958717892165486821e-13
2.899999140518951890e+02    1.002022385818156947e+00    -1.784556488123648782e-03    -7.124789775526071988e-05    4.086753888099998631e-29    2.930044690987626711e-05    1.909168134077848867e-05    9.811395039294073315e-08    7.687868135353780506e-10
2.899999819258095499e+02    1.000333935031608501e+00    -1.049918759771717620e-02    8.562508768874605618e-05    2.185827182733193976e-21    2.786644070362145418e-05    1.929395061582722884e-05    5.135710320529256861e-07    3.874273247396750781e-03
2.900005603706838428e+02    9.994979178931749919e-01    1.171172500539644293e-02    -1.743665401481060023e-04    1.257059666688974539e-22    2.843658700362866463e-05    1.893057891656438888e-05    -3.645708139744955497e-07    9.814992139558424700e-02
2.900002883754892196e+02    9.975983930398611976e-01    4.868884264733315537e-03    -2.983293672326336890e-04    2.260326393901486517e-03    2.954068492683221208e-05    1.988008457342334398e-05    -2.499235333050195373e-07    3.298101246734976011e-02
2.900007209061483877e+02    1.001603449946987467e+00    4.332178022138010072e-03    3.721516221874452638e-04    6.190122604274079487e-35    3.139891105977227442e-05    2.047530776516992961e-05    -5.391781972321847132e-07    8.556468442229789306e-02
2.900000942088761349e+02    9.996916938779681905e-01    3.992933704153878161e-03    6.967779595152296269e-04    8.646358279740933581e-04    2.967243531632592099e-05    1.875623595301790836e-05    1.775929693864763722e-07    2.572750544550254540e-11
2.899999749481235085e+02    1.005061841984792759e+00    -1.149761471372335621e-02    9.515778585735097867e-05    2.866174286709214477e-24    3.108003380425851273e-05    2.004592172386295709e-05    8.195472729387898101e-07    6.897352819214233135e-10
2.900002264288131641e+02    1.000964706946732896e+00    3.242281727496355761e-03    2.286634143723953537e-04    7.810719704018689469e-18    3.034023294207925509e-05    1.972542338522776767e-05    1.392860878902397193e-07    1.475474574093392144e-08
2.900000764901751609e+02    1.003260442615335979e+00    -5.110016585288296338e-03    -5.255890795511883621e-04    8.376729975846482689e-04    2.884178564345041935e-05    1.867763846679581805e-05    -9.702809013032956743e-08    7.928502378959375278e-14
2.900002885476108077e+02    9.996831299649774349e-01    1.662536515898503870e-03    -1.090475131866718836e-04    4.202556342507928311e-26    2.871284456516285687e-05    1.941021382640173001e-05    6.267753972665196415e-07    7.464383337865158896e-02
2.899998757724611096e+02    9.957219294070974724e-01    -9.382277491375549255e-03    -4.449585773461377670e-05    2.227571349233376072e-04    2.848123853125975055e-05    1.953652904669021557e-05    5.226869138184385468e-07    3.636439105536134168e-10
2.900000417882783381e+02    1.004419822769994530e+00    7.055820193285060674e-03    1.688970488188094610e-05    3.585674612961633340e-04    2.918907947649258805e-05    1.949074062643497534e-05    4.234139559911724953e-07    5.165305791594854146e-09
2.900001493079642501e+02    1.002960962934160705e+00    7.674102983582268937e-03    1.211493964477009227e-04    2.445905355626332156e-03    3.056718240371996358e-05    1.936022798584393612e-05    1.920416754354179804e-07    2.705422695268921444e-12
2.899999894900905701e+02    9.995093640810306379e-01    9.673266474248499655e-03    2.531704398715139861e-04    2.093244781820549487e-24    2.825802887697594421e-05    1.939271400690217991e-05    -1.066133829794262607e-07    3.126764776847495839e-09
2.899997902081436223e+02    1.000424590995206087e+00    7.083691411455621777e-04    -3.019962828165111769e-05    1.009809220710577602e-03    2.971585036755558290e-05    1.829829893386657235e-05    2.685553411920071800e-07    3.605852846375995375e-17
2.900006087098547027e+02    9.986872643353713608e-01    1.936070095086938475e-02    -2.983973320335463851e-05    1.223203983330831601e-04    3.114590346701886364e-05    2.007043713810928586e-05    8.743633248712887844e-07    9.998045623558021733e-02
2.899998630733776963e+02    9.982588113398098706e-01    -3.965209570151729569e-03    -2.918998553554863961e-04    2.293864309601903744e-04    2.900389770588075150e-05    1.942531435421596158e-05    -3.726930470509610483e-08    1.636029909862027925e-12
2.900010734699507111e+02    9.992071869447297638e-01    -8.858439358687995174e-03    -1.559789972282008442e-04    3.105931650668058576e-32    2.991198961654851704e-05    1.940103506884441052e-05    -2.363662141962584826e-07    1.648863179074762098e-01
2.899999099249557162e+02    1.004099625016779740e+00    3.068934586474561348e-03    -3.172993779766743725e-05    4.893654098321515745e-04    3.082369042536536391e-05    2.023858097355190548e-05    3.769846027218012396e-07    5.358490523215895840e-12
2.900004507214753744e+02    9.988796020090446870e-01    -4.024184243848069435e-03    5.428646188571106292e-05    3.647362317103834098e-04    2.948234477543381903e-05    1.942922052075900859e-05    -9.565133420440012242e-08    5.302407549729433456e-02
2.899996994662592442e+02    9.995129487080274266e-01    -3.503747535796411343e-03    6.432713055126722907e-04    1.368905390908288933e-03    2.752490460634644375e-05    1.834609086300960110e-05    1.060722797106597475e-06    3.314928234050850721e-11
2.899999858770946162e+02    9.998545257357454030e-01    -7.672134432513087569e-03    -2.759359244933127890e-04    1.001765873644333899e-13    2.758172296021232489e-05    1.920535560344631347e-05    -1.046738594918806810e-06    7.885096293031152289e-10
2.900001881191044504e+02    9.992808735552122235e-01    -4.774623675996226418e-03    4.656960419692243551e-04    5.272775192392763991e-04    2.784337633068050330e-05    1.843335625330270756e-05    -3.125332998856848170e-07    8.920300429547963115e-12
2.900000665648886979e+02    9.999969842946082599e-01    -8.449536710051464353e-03    -7.949463778119146085e-05    5.723655287863592357e-04    2.794799781320524574e-05    2.001144850602683817e-05    4.790044188456157816e-07    2.267898681222626204e-15
2.900001631044527812e+02    9.989667203779621918e-01    -9.276010982348565671e-04    5.512451016119638501e-05    2.624374745307923345e-23    2.889083067018241880e-05    1.848194720405426067e-05    2.079648882333669609e-07    4.298642421117943678e-09
2.900000490772359854e+02    9.976901813657709228e-01    5.186185152830157657e-03    -1.436902373116368415e-04    6.694072329150469598e-28    2.827846475414943377e-05    1.934258624406476982e-05    -7.016327642056945772e-07    5.920019625122073122e-09
2.900001983006288242e+02    1.000275881591082605e+00    1.182479822712232884e-02    -5.009740418333182271e-04    1.139667734413866334e-03    2.852742739960777727e-05    1.886767659943008874e-05    -8.537884244418856781e-07    1.016351519725945955e-04
2.899999996298729457e+02    1.002344194821585432e+00    7.170443635807668969e-03    -2.641568162924836771e-04    8.378037904964594930e-20    2.638958789039404443e-05    1.905999645148789986e-05    1.781557978688015055e-06    6.521494883857274771e-02
2.900001902635899569e+02    1.000142286589163598e+00    2.135485697721775655e-03    2.808960372234898498e-04    4.654840512809348253e-25    2.845413425689465969e-05    1.927565947773252872e-05    -2.629259550565153917e-07    6.420068721981958548e-02
2.900002426646113918e+02    1.002193843084033364e+00    -8.892879111804707221e-03    1.537838873570982563e-04    1.778491733387108739e-24    2.957173322928244766e-05    1.917019052828366902e-05    -6.653855405075696430e-07    9.809643764313438614e-10
2.900008121141923993e+02    1.002892817742681242e+00    -9.575291094189289712e-03    3.313914520086878564e-04    1.306315018000565181e-03    2.820315207894244744e-05    1.870261342370527899e-05    -5.692055669059438329e-07    7.310439068889823533e-02
2.900008949854444609e+02    9.992346317630574903e-01    -2.644487490644885884e-03    -3.110133076555436990e-05    1.664803442009616427e-04    2.903449310246460199e-05    1.932802472862403393e-05    -1.236011889070203399e-07    1.166176716227795701e-01
2.900006156429665225e+02    9.986102275712369636e-01    3.408072419589985099e-04    -7.609247035079631657e-06    1.373418799336683233e-27    2.934609230555829769e-05    1.865988509841613098e-05    1.852767539937690202e-07    1.134859251023554311e-01
2.900001277619493862e+02    9.995240594067413831e-01    -2.766104656570892838e-03    -2.761721018236045996e-04    1.284111113950583498e-05    2.732362967392256030e-05    1.901300398904098949e-05    -2.092416689321904653e-07    1.700483810922872110e-02
2.900007781438326901e+02    1.000716862712101030e+00    -5.346075737039106442e-03    -2.847472948810463012e-04    4.204368765407786209e-20    3.113129523856566160e-05    1.958476258225726687e-05    -6.415159039144448096e-07    5.048759205258029209e-02
2.900007985501815142e+02    1.001869900469812169e+00    -8.815206360925025670e-04    6.777053974181913637e-04    1.777328060206036394e-04    3.120198721696117552e-05    1.999737983715291293e-05    -7.093067330911681919e-08    1.076297859814903113e-01
2.899999922227838169e+02    1.003251141856646322e+00    1.962497578074642174e-02    -4.226426011592538702e-04    1.960270573088897152e-04    2.966367519814581448e-05    1.882739674807310318e-05    -6.463200589343664697e-07    5.494285182329040846e-09
2.899998700963780607e+02    1.000497009521510439e+00    -4.350370010645285973e-03    -4.144894481592169126e-04    1.543146137169086709e-26    2.874847485345121049e-05    1.843943515456063020e-05    2.101704713409584982e-07    1.844011900630452568e-11
2.900003330518859457e+02    9.995232394764700379e-01    -7.884798224005094142e-03    -2.659500736443827333e-04    6.482090618151509936e-05    2.882471688133733347e-05    1.950204941079137366e-05    -4.416702546533683188e-07    4.547534846627729332e-02
2.899997875407819379e+02    1.002026824538680749e+00    1.691551211004554012e-03    -1.488847396090016266e-04    1.073171128157641720e-19    2.803995512074467143e-05    1.922811708339417102e-05    4.715070834368473674e-07    6.425042541839829301e-09
2.899999562235188364e+02    9.984112657750530140e-01    -8.605279441545331297e-04    -2.623125115141641470e-04    2.572735780003861344e-04    2.835486706255957150e-05    1.871521165885358022e-05    3.739474272641240044e-07    4.956051325998577472e-11
2.900000574147465500e+02    9.986623047386667951e-01    1.443228000966498975e-02    6.019318244310884955e-05    3.431293629301762681e-32    3.053976704699783141e-05    1.953685000918290693e-05    -2.841044859833576854e-07    2.054402075800596254e-07
2.899999970039142454e+02    1.001859019632718839e+00    -9.119592033447802837e-03    6.028799377217371322e-04    6.372691863041220726e-04    2.827792852771579595e-05    1.900115531017581541e-05    8.683546887869692874e-07    2.126003407914060176e-12
2.900001151919059339e+02    9.969639096494010699e-01    5.772722792561110587e-03    -1.453480743663672359e-04    9.764398656844648205e-04    2.871309576022966226e-05    1.873096318141813279e-05    -2.777438094460163661e-07    1.054533091408028896e-10
2.900005091168437730e+02    9.999132509143975334e-01    -5.540537601848179693e-03    -3.347095394086677263e-04    2.877184789691140976e-23    2.787965732888118475e-05    1.848172850805282106e-05    -9.698820448968453698e-07    4.290376645984083498e-02
2.900001134820571451e+02    1.000829854727401047e+00    7.343296513360059348e-03    -4.404881894386470352e-06    1.131450119755579510e-21    2.873896222874057640e-05    1.963353325265290746e-05    6.381829785584405279e-07    8.976055974904059952e-10
2.900001087612332071e+02    1.000779359546005276e+00    3.865274843416720285e-03    2.513974275014945370e-04    2.320904650616253205e-05    3.104312107066913625e-05    2.011886683672917949e-05    -1.385211127451840315e-06    6.582140276981233498e-12
2.899997695945545502e+02    1.000540582712073023e+00    -3.674962467191488554e-03    3.386973881830431096e-04    2.787527488551994745e-21    2.982767619263986640e-05    1.920685892935062363e-05    5.910750479785023626e-07    3.389205931031958469e-02
2.900007822387194665e+02    1.002255033137640305e+00    7.078524472739889870e-03    3.113830328784330864e-04    8.484068657494021441e-23    2.796912083580228408e-05    1.942816600091407908e-05    7.364103296982834170e-07    1.156294121511930312e-01
2.899997461656473661e+02    9.978116463181353479e-01    -1.374809490691240518e-02    3.410713464534080369e-04    1.026502137372649870e-18    2.834683797429669882e-05    2.029893771089404195e-05    1.089132921256401287e-06    5.255728994799301404e-03
2.900003068351638831e+02    9.995141621005223520e-01    4.396179524693563830e-03    1.636225481470872498e-04    1.692139413014354483e-20    2.865016723552223942e-05    1.961404763625764557e-05    4.085409425060746640e-07    3.270687488973499785e-02
2.899999888573850626e+02    9.995831473710095061e-01    8.500200346881708544e-03    -4.659071845441210835e-04    1.407387004951555978e-18    2.834452553384923823e-05    1.923465514599479622e-05    4.143625140274478115e-07    1.027621861326266477e-02
2.900002332339665259e+02    9.969649544821491682e-01    6.220846681215576497e-03    -2.736708239871013700e-04    3.403492842468110288e-04    3.014226201522005426e-05    1.992075498460488242e-05    -7.346656006149644226e-07    5.964202097014049617e-12
2.900001257493703974e+02    9.983084550601160068e-01    -5.357449293907641085e-04    8.933874843541781199e-05    1.611673681330006329e-21    2.846772219485149853e-05    1.941937529191638059e-05    8.116463185686339726e-08    1.979333083496483126e-02
2.900005960562043015e+02    9.994293806656127099e-01    -4.528273153310930443e-04    -2.198420169339032409e-04    3.853239235794707560e-23    2.941519716056824888e-05    1.858590252843793982e-05    6.764740477762621648e-07    1.001361854668195439e-01
2.899999994112249624e+02    9.995614019522035543e-01    -5.392752624698496497e-04    2.181480754115069942e-04    1.503421136736056733e-03    3.021592423573905633e-05    1.956026348310386777e-05    -2.449178608292910661e-07    1.806763283322275189e-12
2.900001252844393207e+02    1.000278549936245875e+00    -3.511938869271465178e-03    -1.946910660357275961e-04    4.910679814023602907e-04    2.772266301871180501e-05    1.902018495947007681e-05    -1.090001554538640816e-06    6.328330197371753729e-02
2.900005854027043029e+02    1.000927578447235344e+00    2.074823568846381836e-03    -2.480849468483439302e-05    1.303302985123343569e-24    2.831769379759817572e-05    1.922825720662227887e-05    -1.105348401080752949e-07    6.631925147438931523e-02
2.899998937666223355e+02    9.992540606397575242e-01    8.333089368716984149e-03    2.594781837537900684e-04    4.311137005166560120e-05    2.825868285571182819e-05    1.863974885699829165e-05    8.587558181173375868e-08    2.008254138220764079e-09
2.899996873059309337e+02    9.978088185764949491e-01    4.153503012076242146e-03    -2.640502056762930485e-04    3.501785092498586217e-21    2.967858750792307831e-05    1.915962354219463755e-05    4.572519188005191562e-07    3.465660684327549988e-09
2.900002523129912220e+02    1.005618835014092882e+00    -9.360491235134779783e-04    1.084860667618710265e-05    1.295038240111739394e-03    2.872772279519248743e-05    1.877318653756189103e-05    -2.726789713824300851e-07    1.513530492734911463e-02
2.900005868138126175e+02    9.991322726486785433e-01    3.736965858979466085e-04    -4.955958435515019122e-04    1.259223086925923353e-22    2.885569457144638596e-05    1.910122720939027815e-05    4.632789795067926688e-08    1.142834475818936824e-01
2.899998139277267910e+02    1.002228531796186983e+00    8.702338667456632065e-03    3.552293063626681767e-06    2.807622189694622926e-04    2.769964974001703839e-05    1.878948645592242475e-05    6.962261248827451302e-07    1.327726544558085683e-02
2.900000869027615522e+02    1.000832767046384131e+00    -1.787988929274762773e-02    9.107420238925966437e-06    1.513275472362436498e-16    3.092542895342799376e-05    1.972565924281934941e-05    -5.107676038617654448e-07    1.395425757405424974e-02
2.900002952556745299e+02    1.001381665936168730e+00    2.601018234774659537e-04    1.372404346131746937e-04    2.052552349875054850e-15    2.902843388393822532e-05    1.919079150047002473e-05    4.873713085328652335e-07    3.600956371209365625e-02
2.900001380378392355e+02    9.986724318621523766e-01    -1.552114849889358467e-02    -1.131540332388383525e-05    2.139515485690230542e-20    2.899796826097190644e-05    1.849208659224404799e-05    1.607171383872411694e-07    1.876995297055744269e-09
2.900004665955278824e+02    1.000796585517454096e+00    -6.716049273471968138e-03    -3.211454286121485967e-04    1.054141657570349683e-27    2.901169260552518219e-05    1.931572923435039587e-05    -2.688434136261435463e-07    7.855253414038981807e-02
2.900006093806959484e+02    9.988936847982589073e-01    1.146158634302456986e-02    -2.446908996583880874e-04    4.480151692319287519e-23    3.005592125698921220e-05    1.953932015387536874e-05    3.739496743225430710e-07    1.290892782256609084e-01
2.899997976299625861e+02    1.001642093695937152e+00    9.317123665003134228e-03    2.842742980518714281e-04    1.234219411824524510e-03    2.847136110923589625e-05    1.813187003755156883e-05    8.322765619079166739e-07    2.473348370530423697e-12
2.900006586916670699e+02    9.994160805586539409e-01    1.094044623330771814e-02    1.991133937354965476e-04    3.701554059392087839e-04    3.058212275694414928e-05    1.986560302790639141e-05    -1.173293552042384854e-07    7.634360903363743289e-02
2.899999720528674061e+02    9.971269923917425171e-01    -3.809567311680517581e-03    -5.977681080067707769e-05    1.826090128189425919e-03    2.803926723890906217e-05    1.816309682031723809e-05    -8.406716535912006321e-08    5.845444764586683965e-12
2.900001071573041145e+02    1.000133116441844106e+00    -1.372219913606651832e-02    -6.699129461222056922e-04    4.001712040753882210e-28    2.882927711117609553e-05    1.910460538319227113e-05    -9.224932921315391091e-07    6.541019940969848963e-09
2.900000153917157490e+02    9.988091658677251683e-01    -2.498436326579034361e-03    -4.354139528373809909e-04    3.155050411729454739e-03    2.793230294327587565e-05    1.960115177312451545e-05    1.698900458561267979e-07    2.362505795729178662e-04
2.900003123219176473e+02    1.001748843073990258e+00    -5.801436361153979211e-03    -4.560649948406248671e-04    9.470775913336626390e-26    3.011557795905258413e-05    1.865213606350683969e-05    -2.525372727810288188e-07    1.277211062826393365e-02
2.899998501263331150e+02    1.000103143061781497e+00    8.365370437213144605e-03    5.962925549179166331e-04    3.560225465275109651e-04    2.820854274122918862e-05    1.900097546770026152e-05    -3.152801292874101834e-07    2.730188855445386329e-10
2.899999539314925983e+02    9.973737467344619967e-01    4.791251014753223660e-03    -9.347358903633198705e-04    7.334576648385459537e-24    3.050855347584386114e-05    1.976074065545168387e-05    1.924532618933615765e-07    2.709037170905152717e-09
2.900002656381891484e+02    9.981417846299800445e-01    -4.647367257349164019e-03    2.353534754706516148e-04    7.051256058436750551e-04    3.094462107236508680e-05    2.055575936320824459e-05    8.477644319895630708e-07    9.167860780558258205e-02
2.899997271736493190e+02    9.962708272249491959e-01    1.022947823020687111e-02    -1.487930169599123800e-04    4.629861636698024037e-04    2.654547496052351465e-05    1.850644954419282758e-05    1.347336922997725453e-07    1.348918257441953684e-02
2.899999041822094341e+02    9.977995531937431384e-01    5.370831381737803216e-03    -2.367840638667434926e-04    3.984300565872492960e-23    2.953158747859095369e-05    1.936921516751774852e-05    3.457564026870704757e-07    1.550220429390132247e-09
2.900001451457142707e+02    1.000603224351568343e+00    -9.510487057140203787e-03    1.878948532833575190e-04    4.498167633988382481e-04    2.756828402562813162e-05    1.846780274965929502e-05    -5.699700079086457930e-07    9.608619304875862070e-12
2.900002652505857554e+02    9.982024645626040860e-01    4.209165799819532608e-03    -5.062515131529194507e-04    2.775455888430562748e-23    2.902307761810974404e-05    1.857795946728555119e-05    7.549563262533257884e-07    5.332439059718590874e-10
2.900005393481774831e+02    9.998252919994338184e-01    -7.740070480305814155e-03    2.073718251250380963e-05    1.158334507935792353e-24    3.100065981918041417e-05    1.886837580379547156e-05    -8.765654252043336169e-07    2.511589657766876565e-02
2.900003768287544403e+02    1.000142929767801725e+00    -1.252638185994706978e-03    -4.465533413468211212e-04    1.177514681877651729e-18    2.838811702829577933e-05    1.941403938511590714e-05    5.797615831828884917e-08    6.050500119078675715e-02
2.900000420642793415e+02    1.001177111699712352e+00    1.324538028775191535e-02    -2.259193686189358207e-04    5.528943715620846759e-21    2.917427907907351606e-05    1.871374811165143250e-05    2.748405072006867329e-08    1.084511945739974735e-08
2.900000059857753740e+02    9.980233645167453371e-01    -9.093209690215414004e-03    -3.801465182774718178e-04    8.214679269889894604e-26    2.860148273968670469e-05    1.941941279616980320e-05    -1.136551127089921899e-07    3.069521423971723926e-10
2.899998882770215687e+02    9.988509675695301793e-01    3.237626249258375942e-04    1.105700720760846909e-04    1.595079220960827224e-03    2.680998300250859239e-05    1.910076941203175076e-05    1.793017858835480222e-07    2.284053977468532988e-11
2.900003829470255141e+02    9.999979548490320891e-01    9.100990488571887582e-03    2.865943538843723683e-04    5.203996432987760988e-20    3.058999194876483538e-05    1.988012019111533678e-05    1.646934015674421447e-07    7.840483288697906727e-02
2.900005158449847045e+02    1.001446890193925299e+00    6.529883259760787748e-03    9.847106276073770244e-07    1.598403894105341065e-04    2.946450833887373914e-05    2.014157545200647969e-05    3.012058386386718141e-07    1.241596942056180375e-01
2.900001092936736313e+02    9.967662923763774829e-01    -1.113888479590669812e-02    2.014752318474723777e-04    3.293121157863180409e-04    2.973111951761348162e-05    1.994482404264336027e-05    -5.194159741801129598e-10    6.283674487886729744e-13
2.900001993921162580e+02    1.001676773634400330e+00    6.375292756478708085e-03    3.208628664710368389e-04    1.101556842485618441e-03    3.098236633670337266e-05    1.906307416423881369e-05    1.730957135135585589e-07    6.173636396240213264e-02
