# f_r [MHz] A m phi D delta_r delta_ere delta_eim a
2.900002988012709011e+02    1.000906881354030942e+00    4.343288670375654997e-03    -5.226925067151483046e-04    7.281089240894454290e-24    2.777322898519224420e-05    1.712002322872979381e-05    -8.856019049034949597e-07    8.998706450185536554e-11
2.899997559844144348e+02    9.995283257596153659e-01    -1.864693533360070902e-03    1.423641566317446509e-04    1.094679497458918771e-03    2.894294792946130687e-05    1.857431899963059334e-05    2.121069118054094810e-06    3.124290513810332875e-02
2.900003703436303226e+02    9.986186713803507642e-01    6.985693861778235862e-03    -3.392694802115746137e-04    7.129200530421944682e-04    2.671976379651253786e-05    1.725820738874422888e-05    4.540028851744278524e-07    1.433722725662198993e-01
2.899999253918438740e+02    1.002704610124382389e+00    9.390819528752125320e-03    8.139400172119810569e-04    4.579138528375014435e-05    3.176329801551257747e-05    1.900961241763912332e-05    4.816186269440193839e-08    8.918928380867979800e-14
2.900003757612466870e+02    1.001810043808302408e+00    -3.215403942674124882e-03    -4.398547196935446079e-04    8.250322747223638471e-04    2.755530072728279385e-05    1.792460244441264423e-05    -1.650393451584691989e-06    6.876848653449834367e-11
2.899997604092752681e+02    1.000280132679976619e+00    3.277669650770612727e-03    -2.465614172380090757e-04    4.112299251905628225e-04    2.725947778093415106e-05    1.780849896791536903e-05    5.554885746755039796e-07    5.013209349182354815e-12
2.900003464305446528e+02    1.003143588443031975e+00    5.715682740551547092e-04    -2.404751002434816782e-04    1.756921739226015517e-03    2.901810883318487448e-05    1.853698098574748507e-05    -5.835892593947419293e-07    4.493468946128539000e-09
2.900012624332978248e+02    9.993269850128491116e-01    -5.248071902676273125e-03    -8.032249857337420878e-04    2.366207774165459071e-22    2.797344594683825189e-05    1.812369353573729534e-05    -8.132795370407483218e-07    1.504032404312561910e-01
2.900001995187605530e+02    9.990857458202146990e-01    -9.941106379925119044e-03    -2.137765022154368747e-04    1.109464867883065775e-20    2.774461061577483900e-05    1.784079184720924435e-05    -3.828144148022065299e-07    2.097138612184797275e-09
2.900010297672787374e+02    9.980244905477531070e-01    4.605316738392008051e-03    -4.679373648669917250e-05    1.932878112402757094e-03    2.940471609893128353e-05    1.853718908316141954e-05    -8.583066392252804278e-07    1.175409293544744799e-01
2.899998264308600824e+02    9.995912241607336490e-01    1.172028872097665873e-03    6.951819938258835512e-05    2.336037678928488170e-27    2.887541580501810974e-05    1.854422611388767826e-05    7.769476389999898793e-07    4.842536746977124190e-10
2.900000023101109150e+02    1.000564703890375773e+00    6.525817006673993552e-03    -1.576390139764161070e-04    1.497579336192969048e-03    3.215211818365811116e-05    1.925614359468077617e-05    -1.247399687830680701e-07    7.826987800561239356e-10
2.900000845297633987e+02    1.001042392501924949e+00    -6.250389443455987501e-03    4.446620765295601608e-04    1.110821446860714527e-21    2.666168299197967817e-05    1.750602441552060839e-05    -2.026978340308650729e-07    3.681066875432421892e-02
2.900005103899785581e+02    9.985776475314506184e-01    5.132324374431355453e-03    -5.236285547783039795e-05    3.663698450904432638e-23    2.563178903356282066e-05    1.733447922779148700e-05    1.011661554444490353e-06    1.522485804507846541e-01
2.899999346960741491e+02    1.000296187009706461e+00    -8.110641037641043091e-03    4.218968264258993401e-04    5.701533714529645924e-14    2.742744097792139827e-05    1.786058490962960291e-05    8.385710107962893029e-07    8.479010228170493282e-03
2.900002158090130706e+02    9.992697551714293525e-01    -7.069990528191002609e-04    1.952734385900148232e-04    6.614872653359151226e-04    2.733636671948407488e-05    1.777035646981849778e-05    -8.653892482143326551e-07    1.914070207291902748e-04
2.900000680709628682e+02    1.002381081448793454e+00    -9.398575278151298160e-03    -2.826889873632899928e-04    1.294962379162839911e-20    2.763554969293382607e-05    1.827547276272231482e-05    8.561331244242308736e-07    3.172088324663784042e-02
2.900000529071309643e+02    1.001877750157082803e+00    -4.560298728990420068e-03    5.210755627078351559e-04    7.137877549271964004e-04    2.929997757677133851e-05    1.814213320934753422e-05    5.073878618762162124e-07    2.661298534016452721e-02
2.899998115634228952e+02    9.970101593683176056e-01    -9.725564847382961453e-03    5.151437881702684824e-05    7.198564173820765577e-29    2.765134655053272310e-05    1.908225232200788660e-05    3.757350824796154150e-07    1.636901679848590008e-10
2.900002453353335454e+02    1.000717432894377756e+00    5.667209887656187578e-03    1.601011356086574726e-04    1.048349337729228002e-28    2.831027728341657641e-05    1.797855397546015629e-05    1.012013691382350900e-06    5.479266774795601980e-02
2.899999932453629299e+02    1.002538530910403569e+00    4.060995088095153971e-03    -2.803810326354135886e-04    2.162528044287605764e-21    3.019797079108815156e-05    1.939571347142683252e-05    5.691887009672858699e-07    5.139171117710260479e-04
2.900002465275013606e+02    9.991508855732847971e-01    6.813283968826605586e-03    3.940074048407329150e-05    1.867987359146694795e-03    2.740795397581451579e-05    1.857306122084276012e-05    -9.799335353462307516e-08    4.433052024704137173e-02
2.900002469201228905e+02    1.001541210674977478e+00    1.736954782708769948e-03    1.651977913463710925e-04    1.032885299643168230e-03    2.907636879195487460e-05    1.809632390775479558e-05    -1.145395566807609581e-06    6.493710490627858847e-10
2.899997503656188655e+02    1.001596703180944070e+00    -6.270948482610658181e-03    2.114827672966284483e-04    1.846872758970608691e-04    2.709772717140893159e-05    1.769437512838491542e-05    8.674199312270838510e-07    1.231204717138530781e-09
2.900001017935129539e+02    9.984339278262660544e-01    3.038930186259034038e-05    -7.115867243315466195e-05    2.843946816701876464e-15    2.768227064991149618e-05    1.795214340571540682e-05    -7.260173411589681011e-07    9.171445647774167931e-03
2.899999451616437227e+02    1.000440036259771626e+00    -6.585290598891312347e-04    2.347802271801409358e-04    1.093737772425254903e-22    2.839347668239350275e-05    1.897377231278490802e-05    -1.935939281813052681e-07    1.449123241194476117e-10
2.900004146129942910e+02    1.002020524881859220e+00    1.141700518240627849e-02    1.198576169497547262e-04    5.191351367487392812e-04    2.840039290302974123e-05    1.847937924201882142e-05    -1.235481607536951247e-08    7.421035067301831600e-02
2.900006031992294879e+02    1.001555293528357815e+00    8.790996379629488142e-03    -2.859429679048008512e-05    3.126605709327713603e-21    2.914947990920086120e-05    1.814514855641857031e-05    2.164937320039244758e-07    1.110920846654833150e-01
2.900006822983828556e+02    9.999997724193180337e-01    -8.189375940878726098e-03    2.329753160513405735e-04    5.491858502660134757e-21    2.795431731091192802e-05    1.824998903749000317e-05    -1.582755102137729767e-06    6.019526601879588573e-02
2.899995508765356931e+02    9.999442749178432122e-01    2.424568340778740505e-03    2.546392386702707477e-04    1.147644144282678868e-03    2.577699650175695415e-05    1.758391827918536493e-05    1.789842677301940473e-06    6.055242225832775822e-13
2.900008580113168364e+02    9.995349004782002611e-01    4.086426443197140219e-03    -4.396892183796901970e-05    8.424246442238770812e-04    2.888003092045355986e-05    1.768539934722554324e-05    -6.272232744558255319e-07    9.135904273439916790e-02
2.900014398760613403e+02    1.002940518681921578e+00    2.393714113771502113e-03    3.973234102757189335e-04    2.102802192526817646e-04    2.831122248971967205e-05    1.847224731404747475e-05    -7.438033588067715472e-07    1.664392966570043542e-01
2.900000976789982019e+02    9.990876372918794379e-01    -1.300302128727873555e-02    -6.763746451415648573e-05    8.233083228519402566e-24    2.811719216282784433e-05    1.741851690790241852e-05    -4.762762406599730196e-07    2.503932787552293858e-10
2.899999749913824871e+02    1.000452229162362539e+00    1.753908788522468357e-02    -4.703879122199790871e-04    2.262607590961462738e-03    2.626478402134308819e-05    1.781106474377108388e-05    7.076755512788156673e-07    2.291598392863439019e-12
2.900004173724607313e+02    9.963598629545515895e-01    7.135289434414261896e-03    -1.191577132170698058e-04    4.361746396659346974e-04    3.048179203626480581e-05    1.884571529334029224e-05    -1.145418099359271124e-06    4.435540838022242194e-02
2.900008539897290234e+02    9.963863477928630585e-01    4.754865146912330004e-03    -4.766471712402901959e-04    1.703519548127603329e-03    2.685239554382892190e-05    1.791699361274013300e-05    -2.499751466690166784e-07    1.425824922458635569e-01
2.900003536921233263e+02    1.001102777656520670e+00    -7.748351390167109885e-04    -1.208105107669731130e-04    1.646468558244261905e-03    2.989827278594507485e-05    1.903776628186290470e-05    -5.678752170122320169e-08    3.782329161009512913e-02
2.899997759176534373e+02    9.991920936082577809e-01    2.436993271534724972e-03    6.470627413869734119e-04    5.057999198916429207e-04    2.687435110192936381e-05    1.766858701392258566e-05    -2.776924900164009666e-07    1.890939221340075943e-15
2.900002192747475078e+02    9.998264513093277905e-01    -1.044072786826942415e-03    1.320198906949788024e-04    9.780148991257050601e-16    2.889062157143007463e-05    1.804127038629764685e-05    3.081053353265393962e-07    2.742874236977420332e-02
2.900002231424884940e+02    9.962159986007940171e-01    2.483958391119617682e-04    4.845059000878283641e-04    1.095864625503649306e-03    2.574175229546252406e-05    1.775411177857127558e-05    -5.754184719726919650e-08    3.741532757702404483e-02
2.900001922810692463e+02    1.001563274947029347e+00    6.586064804206787950e-03    4.999604186680279031e-04    1.544493183096251566e-03    2.725839379830368115e-05    1.714816666392518304e-05    -7.093385093985870918e-07    4.606090950142046822e-13
2.899999594267559360e+02    9.990599231121073398e-01    -7.294860033978288298e-03    3.364026346875268955e-04    1.317826301265561512e-04    2.742366808222256104e-05    1.878791312797274197e-05    1.066227546399763371e-06    7.365096919937278927e-03
2.899994835710296570e+02    9.985661622727203257e-01    -1.028013739555259064e-02    4.418827959453846838e-04    2.464556662971705064e-15    2.597025893787771142e-05    1.707011495475006894e-05    2.605863422367417893e-07    1.471256154881824593e-08
2.900000321455674452e+02    9.985535516212715734e-01    3.889955887089473555e-03    -1.385199057947391070e-04    1.767734110434316006e-34    2.745418088816692457e-05    1.707230703908807175e-05    5.000818646652388721e-07    5.328659440216334392e-02
2.900007241462686807e+02    1.000769144466061800e+00    -6.248840847641498088e-03    -2.121501561948143863e-04    1.209101888740120746e-03    2.791914955035962269e-05    1.856327033712049221e-05    -5.372271861607084578e-08    1.221025567992494176e-01
2.900005549137457024e+02    9.992490416504015149e-01    1.181720241968722135e-02    -6.726990945981582910e-05    4.778937122717266390e-04    2.738370114401934114e-05    1.742822882529761785e-05    -2.019160387314178718e-08    8.811553900023105790e-02
2.900005413147240461e+02    9.982613704862709492e-01    3.643620803112193694e-03    1.669955739135986343e-04    1.304163691779859946e-25    2.646422577378725532e-05    1.773878535364858754e-05    -1.233483399104809951e-07    7.770032593673244226e-02
2.900002178180212695e+02    9.972738469835890074e-01    -3.313579717440631300e-03    -5.988391429864629379e-04    5.278454831160037010e-25    2.965152453210521445e-05    1.872473064528016774e-05    1.210351216928986964e-08    9.605214556865076685e-10
2.899999621330649120e+02    9.979807113592388257e-01    -4.399673483056160822e-03    2.648887692256377924e-04    1.606310252533464308e-03    2.824976601881071673e-05    1.817984239070516151e-05    -7.149223117625524925e-07    1.649335962612169174e-11
2.900002143626087445e+02    9.984152710556969401e-01    5.195478943020943353e-03    -5.680889072617883876e-04    1.144930855354357388e-03    2.650526095190533556e-05    1.695943661861523333e-05    -1.084510367976641663e-06    1.258422633134727298e-09
2.899996695712201813e+02    9.987783916209224122e-01    1.734661191056208586e-03    3.531671028060515290e-04    9.711398668411749060e-32    2.887084421031249572e-05    1.903292403651541857e-05    1.419564922914878964e-06    5.127909959491267126e-12
2.900005585558088228e+02    9.992051842304607856e-01    4.869678761367557222e-03    -3.006589834175193814e-04    1.337513315165945677e-16    2.861932087887830654e-05    1.816919861385819725e-05    -5.477210597599141400e-07    5.388067093315736938e-02
2.900013219505951270e+02    1.002058268918814887e+00    1.435637753631334879e-03    2.591314064431233079e-04    9.585873603622347382e-04    2.950195294841309943e-05    1.831855880104471253e-05    -9.663651576342022593e-07    1.763605295428301023e-01
2.899996673972583494e+02    9.984238927118014306e-01    1.171778762455707307e-02    5.389339744139326916e-04    1.226144100352712281e-05    2.883978367461806073e-05    1.742250481929543605e-05    1.092557888830389861e-06    2.387236828315877218e-02
2.900003134973965757e+02    1.000364978681826722e+00    -1.035321309512647614e-02    -2.254411634269548289e-04    1.064024643760792119e-20    3.056399144868339067e-05    1.955243699066765245e-05    -1.141271271675143128e-06    3.671377992606198093e-10
2.899999517115870731e+02    1.000503493797911814e+00    -5.467638941556292494e-03    -4.624879317524150019e-04    2.829326086390891615e-05    2.691069791852265488e-05    1.820912134049086552e-05    -2.119782081949740481e-07    1.777157374226615785e-14
2.900000608247962646e+02    1.000119428171591940e+00    1.648106074175589375e-03    1.157661168160398896e-04    5.994265593002267006e-04    2.746609904999829330e-05    1.788619648516827899e-05    9.388537278335049705e-07    6.665503070110669059e-02
2.900002779000433293e+02    1.000274680191503007e+00    2.013191462715151463e-03    2.118689188832130477e-04    3.164630911447222040e-04    3.021059256255853774e-05    1.935473782118510066e-05    -2.722675638137352247e-07    1.232478759939703626e-09
2.899999216147033962e+02    1.000820430319255383e+00    -6.916038878437429788e-03    1.607405410913749218e-04    1.804650122181344126e-03    2.705549589591723294e-05    1.792841410673741447e-05    -3.332945754431332417e-07    1.027386761448311927e-10
2.899998975397803065e+02    1.001388473167235560e+00    6.778321006290050424e-03    1.608486697472017853e-05    1.083351474719968173e-29    2.911645880924058002e-05    1.838861491798500129e-05    4.992384020850415678e-07    1.437340773451649167e-10
2.900003741744549188e+02    1.002062768480849630e+00    -3.457315688405311355e-03    2.260258181066771076e-04    3.370717916935477784e-32    2.643586419045328834e-05    1.770691989568458526e-05    8.531497894547038184e-07    6.924333441004330847e-02
2.900003221161164220e+02    1.001755295720805794e+00    -7.390798548331451931e-03    -2.433085296449355168e-04    2.030245015749796036e-17    2.822933215913398574e-05    1.823325448170434509e-05    3.067713615046059557e-07    9.643827721612280301e-02
2.900001650245682185e+02    1.002186473919230325e+00    -6.761053132054057084e-04    -1.186072703897159185e-04    1.599607453370374514e-03    2.858007076485878680e-05    1.861545621599711617e-05    1.668202649547838619e-07    8.548357747983484777e-13
2.900005852243058371e+02    9.990877613435099613e-01    -3.936747469213763319e-03    -4.934079988743762931e-04    8.557941203917749176e-05    3.012502311523753481e-05    1.843611766108096617e-05    4.165923165559194069e-07    7.533388980930288970e-02
2.899999972932505443e+02    9.962498243360494721e-01    -7.404355301209990595e-03    -8.843443916421959842e-05    2.811276564302563009e-25    2.755180082917215240e-05    1.759482824993272045e-05    -1.905263495699494023e-07    5.021457194277084018e-11
2.900008332313477126e+02    1.002027333128743702e+00    -8.274790506784326927e-03    2.015464334181914577e-04    6.764190421211117637e-04    2.863870065932680128e-05    1.877201861217974905e-05    -4.756311312900651138e-07    1.125146075873457718e-01
2.900001616130800812e+02    9.991292515293616061e-01    -8.247093051271667946e-03    1.489602594154138839e-04    3.014281033781878429e-19    2.844444504061125015e-05    1.761939598541835674e-05    1.428555482317906127e-07    2.520816394418718548e-02
2.900008041840681585e+02    1.002348824174749353e+00    -2.698364895311982075e-03    -3.788808490086089178e-04    2.666586694915670355e-18    2.988420280434500045e-05    1.871643472521807852e-05    3.083949351095856077e-07    1.106994855794492388e-01
2.900000483144048644e+02    1.000447669500761583e+00    7.207610270240737485e-03    4.948239833928013559e-04    5.006161593723117683e-24    2.630729657311640419e-05    1.813659056136577094e-05    -2.651634196758408005e-07    3.099670053612938424e-03
2.899996215270770108e+02    9.975341093566491013e-01    4.573663979326482269e-03    2.649550597191886194e-04    7.036561366040758155e-28    2.709579244196481102e-05    1.729266574930539836e-05    3.503150076145898179e-07    1.563069843533213242e-11
2.900000696785759260e+02    1.001452938162086470e+00    1.869996444940505778e-02    2.587178297631295134e-04    4.177491576562445793e-25    2.791374092017783655e-05    1.823080744558321756e-05    4.849062873328298937e-07    4.809882149391291745e-02
2.900000782449109806e+02    1.003792694814205744e+00    7.726278046247091061e-04    4.584341496186733760e-04    5.841049489922039797e-24    2.810865168106448829e-05    1.799811755188643049e-05    6.655171712560167683e-08    2.575616617383892637e-02
2.900000965797599406e+02    9.992553412319923334e-01    -6.950922822806335655e-04    -4.298095802286201598e-04    9.185495570267577852e-04    2.650130446924915206e-05    1.742304526519864201e-05    -4.302490461548126998e-07    6.368373589924140578e-11
2.900000285739911874e+02    9.976000636448482117e-01    5.080775397852107210e-03    1.582420263329691105e-05    1.737341698166543127e-03    2.795035700365162845e-05    1.783072108279927241e-05    1.149935717066384580e-06    6.261709087745306879e-02
2.899996471789623342e+02    9.983238482658681745e-01    1.596759342500870009e-03    -2.828330174600350664e-04    2.120635991923929767e-03    2.704255467691099959e-05    1.821595921741201327e-05    3.412543609373927299e-07    2.285737342552255593e-14
2.900002218983673288e+02    9.988471956860357492e-01    -8.009077490771300198e-03    -4.271080440527256507e-04    6.724098850185383054e-05    2.984357405410488907e-05    1.888415474765809868e-05    -9.946563655229949712e-08    4.038367490414713351e-02
2.899998669023287903e+02    9.999926524694763286e-01    1.783890988691299185e-03    -2.805157657819654614e-04    2.279114191374254966e-18    2.997961457765632593e-05    1.879265890173321244e-05    -6.044455338272194552e-07    8.057183583078772763e-10
2.899998989846976656e+02    1.000758640682164913e+00    1.573058915366997226e-02    1.555334479642098242e-04    2.717054056968853954e-28    2.588170207706201945e-05    1.687752207580971893e-05    6.519065977040982114e-07    3.778575669087939209e-02
2.899993480943409168e+02    1.002214428199570628e+00    -7.494111180541541267e-03    2.277055556914138392e-04    5.801259954652264374e-04    3.079629071501316004e-05    1.928963418064984266e-05    1.154038302946619151e-06    3.296631203791097232e-03
2.899999582531779083e+02    9.984782868529209487e-01    -3.759740590052696070e-03    1.442299610743437020e-04    1.928826908594555951e-04    2.831094306480270073e-05    1.850542999160889127e-05    1.410739729762905332e-07    2.988274270742816499e-02
2.899997604056434852e+02    1.000738573400649534e+00    5.019548787851851011e-03    1.226142690075837617e-04    3.787166427458814511e-25    2.736940429945797514e-05    1.754822496287272737e-05    3.932857040450291486e-07    8.850356050160388679e-09
2.899997902831274814e+02    9.995828882972841445e-01    -1.163283595873583964e-03    1.477128261140636157e-04    2.330808684418620951e-22    3.027458861891461157e-05    1.863095019073699146e-05    4.299820695838588351e-07    1.725478733363730426e-09
2.900000196571368178e+02    1.001587393022466133e+00    2.558041855765577806e-03    1.979580341967620172e-04    1.643518479074832384e-03    3.043168983583825348e-05    1.934157342580506255e-05    -1.684258515055632259e-07    1.986647139249351005e-10
2.899999635384314729e+02    1.001240680339073430e+00    5.856527845374071353e-03    -1.542106611291272765e-04    4.206253415030777073e-04    2.848465074357752733e-05    1.847415272337139748e-05    1.183169212301119021e-06    6.197882490944302183e-13
2.900001617871513986e+02    1.000693455627136963e+00    5.355021125099951188e-04    -5.717776310369876219e-04    2.543826026530759802e-04    2.798176262198457686e-05    1.757452112692758898e-05    1.888858872049180505e-07    4.114515648330244191e-02
2.899998934065861818e+02    1.000838393833660911e+00    -1.649069442294685004e-03    5.832883837067932842e-04    4.672937935751000286e-04    2.734620851702723496e-05    1.774800954912726328e-05    4.801169723864288331e-07    1.105680259205039490e-09
2.899997833734531127e+02    1.001986890346570291e+00    4.147339325319974838e-03    -2.891505729843446581e-04    8.187494895606810643e-27    2.864433523225509099e-05    1.859068336519249697e-05    7.542881400563463150e-07    6.559643431155283955e-10
2.900013069664369141e+02    1.001515827601157538e+00    4.769078150808688833e-03    -3.069185271251745014e-04    1.851154844831779386e-17    2.988844147651284044e-05    1.869240703626754856e-05    -3.975416000181255311e-07    1.869660275391833437e-01
2.899999771500283146e+02    1.000787938225789375e+00    6.875463326830594767e-03    2.984126423385247790e-04    2.372395603424707404e-27    2.745163254725885697e-05    1.841971416110411224e-05    -1.558249007209758913e-08    9.057674756824216512e-04
2.900002064002860607e+02    1.000859247887344594e+00    -2.215831403125158392e-03    1.064411421709797207e-04    3.463531200643621209e-27    2.918674213691163188e-05    1.734842779272358871e-05    -2.122349942001798778e-07    4.509207946717125446e-11
2.900004865162210876e+02    1.001328864563640231e+00    8.898587290683143691e-03    7.721832827357682453e-05    5.627435965181905533e-15    2.726158407045431971e-05    1.801983820000241946e-05    8.113630081643514307e-07    1.091182077821861579e-01
2.900002968553487221e+02    9.960175912183144575e-01    3.072842793972694123e-03    7.363166200801924495e-05    3.314608173335614582e-22    2.907830446086663879e-05    1.931953934651738431e-05    -8.503081960482873525e-07    4.480303349672296849e-12
2.900007678394393906e+02    9.980024324649986456e-01    -3.985187824080356316e-03    -2.853946568394579721e-05    2.363255076276597321e-03    2.823168360360732958e-05    1.756970494809244798e-05    -1.075271849071248762e-06    6.258486162693149835e-02
2.900003034355420368e+02    9.966389804957497267e-01    -7.041354677768017160e-05    6.555219689946466754e-05    1.881419850773924894e-03    2.662816689165697117e-05    1.761109507083725135e-05    2.604322625121807688e-07    6.949888349749422378e-02
2.900000148705890979e+02    9.979229566006869723e-01    8.842367768793392077e-03    5.767687871950599688e-04    2.444818557679849101e-04    2.829857156876149679e-05    1.790336699447208523e-05    -2.092058091311303313e-07    8.425944855791230731e-03
2.900001384317413908e+02    9.989645092097694246e-01    -8.706762866467907674e-03    6.295676989838545326e-05    4.215944317921412293e-04    2.592753546524114155e-05    1.767327392396695270e-05    -5.906347623524764868e-08    2.593890974336713154e-12
2.899999994535297105e+02    9.980412192575034425e-01    6.848654712084138209e-03    -4.662600381682514080e-04    2.606850624382653077e-04    2.814049952767421774e-05    1.872899860525438652e-05    1.578571724125384474e-07    3.709994002634275319e-13
2.900003081930021267e+02    9.996620024436185803e-01    7.512821958153460475e-03    -2.246881261636613468e-04    4.343150140600967794e-24    2.830001524007659582e-05    1.814455639726143249e-05    -5.141509785413328627e-07    1.882739918175982904e-10
2.899997649408422831e+02    9.976752338528956932e-01    1.138695158625980522e-03    -3.433544496271515706e-04    5.941621406995111510e-21    2.631265144264778233e-05    1.734326363342323456e-05    7.112513711812670259e-07    4.391139756138004524e-10
2.900000962374330697e+02    1.002238915287339660e+00    -2.823089600628975356e-03    -1.554718432212138168e-04    1.199152481871910200e-03    2.900326326354788720e-05    1.819538338086125522e-05    6.419269987284217002e-07    2.455646524620560059e-02
2.900004137532736195e+02    9.996413249242653842e-01    2.389347068893347623e-03    4.326101579839839611e-04    4.576410025868308737e-04    3.070348287556949314e-05    1.940174271109262869e-05    -2.174216775413303848e-07    1.679181163637201782e-02
