# f_r [MHz] A m phi D delta_r delta_ere delta_eim a
2.900003417457430714e+02    1.001642734363304532e+00    -9.493675807223239671e-03    1.415082516360269174e-04    2.296439967564697446e-22    2.095568879620861953e-05    1.079313497409079608e-05    -2.064387983653718655e-07    1.001871629655391588e-01
2.900010360771957494e+02    9.975548200025438073e-01    5.712519456208760109e-03    -1.046910727530594271e-04    3.012452595696117867e-19    1.962884713490762470e-05    9.827351216855068948e-06    -5.436575489895789953e-07    1.332935466253929724e-01
2.900004053894075469e+02    1.001452217038530712e+00    -4.076073950138392812e-03    -5.699066939630250940e-05    2.683479580340577902e-04    2.007623008148425584e-05    9.113771131972784605e-06    -6.390959979929651136e-07    2.279377526826980097e-02
2.900005741403605271e+02    1.001706467767444320e+00    8.994307959674733774e-03    -1.678424836872285312e-04    1.455405803205716626e-20    1.961265081117454537e-05    9.258594630299672598e-06    -4.468150399018992718e-07    8.593719185228826385e-02
2.899998791934668816e+02    1.000414834804560504e+00    -5.848254991555536242e-03    -3.352158599210903708e-04    2.023457231541490994e-04    2.093697270513813330e-05    1.044712010429369975e-05    -1.540991286756195747e-07    3.385543906518044134e-10
2.900001097164519592e+02    9.980889707175896186e-01    6.053423353975173008e-04    -1.615163916147844679e-04    6.792660639607924553e-32    2.296384794350542647e-05    9.507811218922792930e-06    -8.287366784143937845e-07    5.897968455195142553e-09
2.900001409021710970e+02    1.000626197627676239e+00    4.428888054953436515e-03    1.560002133515155424e-04    9.317795523159929738e-05    2.001198457438831563e-05    1.013639114539224022e-05    1.183609493765044191e-06    1.039789084862108998e-01
2.900006869018134239e+02    9.991816336156505995e-01    -1.150580156667493394e-02    -3.126628586133540903e-04    9.366788259149669575e-05    1.874756662069963515e-05    9.844661887017826100e-06    -7.763293037270908355e-07    8.577840870956436603e-02
2.900009490357265918e+02    9.989413114863650023e-01    -6.845187922416501661e-03    2.375394384797920434e-04    3.487743106254633310e-04    2.085589045669763812e-05    1.011818202927206432e-05    -4.417790426027640457e-07    1.381929514428136552e-01
2.899998325067492715e+02    1.000092025955484853e+00    1.432799127539630232e-04    5.292768963023525069e-04    1.800887524428083383e-23    2.206105184498244367e-05    1.087759347060198978e-05    1.344203409638657877e-07    2.007589135666347404e-09
2.899999783712017916e+02    9.982896778179678465e-01    3.592164058378672026e-04    -1.958583141390045032e-04    7.724650826381798934e-04    2.271306125209390282e-05    1.103262224141294692e-05    -6.974536942108002902e-07    4.569655005396089332e-10
2.899999280648734725e+02    9.971366865101134458e-01    2.828056174927021885e-03    -1.651995442937304363e-04    1.166578299483226125e-03    1.992660249750923196e-05    9.972796761611351160e-06    4.517687851382728492e-07    4.003560346707505474e-11
2.900000914362784670e+02    9.997708261834687971e-01    -1.065585749522169126e-02    -5.794918146367063167e-05    9.299129290608241979e-27    1.953500856668023786e-05    9.308475876124558794e-06    -3.510936079868914384e-07    4.912168828520021647e-11
2.900000879898624930e+02    1.001324722671023348e+00    -8.949220605352312466e-03    -2.736757811558258131e-04    8.674208345019302716e-04    1.806965593326772266e-05    1.021525389734246579e-05    1.761088994032152212e-07    2.618245025383240840e-10
2.900001042032262717e+02    1.003515283512307121e+00    -7.339862151918087434e-03    4.616661299428498230e-05    3.636720133821222930e-16    2.183089338301507029e-05    1.068989095555214376e-05    -7.454005206253224683e-07    5.505239773399329659e-10
2.899999214454209095e+02    1.000449773918473895e+00    2.095005485668068306e-03    2.448430167335915227e-04    4.447906119882742829e-23    1.769660213453272318e-05    9.664245368153959228e-06    4.065929439273142784e-07    1.021098480727285034e-02
2.900003051227046171e+02    9.969895885602885199e-01    -3.748410754928293252e-04    -2.616035886498105996e-04    5.536671557741438188e-23    1.741172661086959309e-05    9.645516831821448299e-06    -7.659781991265502814e-07    1.380245107534344991e-10
2.900002425119299119e+02    1.000726966691877884e+00    5.861175130766543145e-03    -5.486801662017969658e-04    6.231708780551325104e-27    1.826019116561516882e-05    9.371157496748074229e-06    -9.816208744307752998e-07    1.459257803836430083e-11
2.900001046842749020e+02    1.000287982934482400e+00    8.484928104226206746e-04    -2.789820221897573556e-05    1.734498881994826032e-03    2.011267396740240487e-05    1.014303319788970833e-05    -5.066772594394682658e-07    1.669398199833995904e-13
2.900000096780826766e+02    9.986655694663768568e-01    -6.369619294733341007e-03    -4.764825346666491939e-04    8.205315774410903380e-22    2.166904076285678635e-05    9.985812713667794021e-06    2.426375795908914678e-07    3.164849027302304191e-12
2.900001236408344312e+02    1.001343948984126264e+00    -7.282557630784995684e-03    -2.078093438929972379e-04    6.644234653381208196e-34    1.835122518698343430e-05    9.635081445936852966e-06    -6.137087539023495296e-07    1.085953808869191755e-08
2.900003688782327345e+02    9.998136006485350835e-01    -3.266023569197521858e-03    7.316721478452286242e-05    1.215581041838086464e-03    1.970395458080511215e-05    9.704150149525353223e-06    5.961542646484384600e-07    8.539807954395337020e-02
2.900003599163363219e+02    1.000560647919997770e+00    8.290567276652541576e-03    -4.785794029404068841e-05    1.412564449371110035e-03    2.076164503218921474e-05    9.871354261372203263e-06    -7.367326566391764152e-08    7.028467152061657064e-02
2.900007301743945618e+02    1.001539119015268930e+00    1.066182495964923798e-03    -2.958245110330326349e-05    1.142191316812249283e-22    2.114521641138007970e-05    1.056558615454305111e-05    -5.355569975996225361e-07    2.994051071815094847e-02
2.900010067258147615e+02    1.000772194600457743e+00    1.772002671834704834e-02    -8.323321131091778661e-05    2.048019766230906668e-25    1.831913094425142912e-05    9.152773104417926596e-06    4.781955193634735686e-07    2.723440711280114002e-01
2.900001884286293148e+02    1.000376172757214910e+00    -7.604695504132660822e-03    -5.576508256874893304e-04    2.812155791165736731e-17    2.064795364807320304e-05    1.009546131957966798e-05    -5.274311885181180367e-08    3.971131920768367074e-02
2.899996576049372266e+02    1.002741461662219002e+00    -1.154073948826932206e-03    1.608219578270020768e-04    2.970109053402567149e-21    2.072481488659435643e-05    1.002326362086472491e-05    5.263020189201956919e-07    3.266410012057463643e-12
2.899998716785523243e+02    1.002159369769005659e+00    1.366424115214629918e-03    -2.029160839255463153e-04    9.582172354316119542e-04    2.225364021847632204e-05    9.519805399123202315e-06    1.326713029854454308e-07    4.150880073998608186e-11
2.900003805536641153e+02    9.986328850175760774e-01    3.392580381449499232e-03    1.439132657659626929e-04    4.383224300713014754e-27    2.047131062923265740e-05    9.699817558581377396e-06    6.215164349789353572e-07    1.684741409502834020e-01
2.900006927497283868e+02    1.001888575033808015e+00    -2.486823513045979383e-03    3.862825617371914836e-04    2.474748586890490937e-23    1.729583573348297351e-05    9.126816324546165087e-06    -4.142242146281500510e-07    1.734381806191054587e-01
2.900002150229211679e+02    9.970862865794071217e-01    -2.840247952454683002e-03    -7.693742857199054952e-04    4.347186200104794685e-19    1.803874874571097307e-05    9.600115424184797009e-06    -7.201113827610705294e-07    3.827423502838559072e-11
2.900001713319280157e+02    1.003851409492336977e+00    -4.770367218516205314e-03    1.571865137140677539e-04    2.097954434814981837e-19    2.021040128157590147e-05    1.041066582140578354e-05    -7.830272364438399408e-07    1.444799356012814351e-10
2.900005301037830918e+02    9.999175212423315751e-01    -4.317621543642031351e-03    -3.697840211505910532e-04    2.269406985321172411e-27    2.137412017099376378e-05    1.052550747229290342e-05    -1.780836257002801328e-07    8.120663311399867190e-02
2.899998725189878996e+02    9.986591065515153520e-01    1.897030877176359613e-03    5.269791649083386230e-04    1.243261038655398009e-04    2.140685188688159119e-05    9.456179862198669240e-06    1.166335799494835597e-07    2.975889088836993629e-02
2.900001497970740161e+02    9.966752767440338889e-01    5.275704852445269738e-03    1.021110922939134094e-05    2.276955505353314082e-17    1.954310737946406384e-05    9.871016166659249560e-06    -8.177168641340951613e-08    8.871215127211616255e-12
2.900002618348784154e+02    1.000193934650036587e+00    -3.767678295544496427e-03    3.974161550357841691e-04    1.397930235345709474e-04    2.094664591141440040e-05    1.075782268033924585e-05    -9.649458034988406689e-07    1.688090225995713057e-09
2.900000284476295747e+02    1.001562831728104008e+00    6.508512040228726751e-03    2.206182993936796149e-04    2.239024341914178729e-20    2.327301091143600944e-05    1.134168850991333859e-05    2.602163098494281858e-07    9.001256038985296082e-02
2.899999938803622967e+02    9.991201087193508634e-01    -3.232824917717813662e-03    -1.676032210433122088e-04    7.376920481620779301e-20    1.736769613573323388e-05    9.091023418389264054e-06    -2.776249438114688970e-07    4.631952683473453125e-03
2.899999195358886936e+02    9.987975777687061463e-01    -1.963967284966154463e-03    -5.289163771884340670e-04    1.729087934805863388e-03    1.769105225233760608e-05    9.638288364198035712e-06    -3.925993984003125305e-07    6.630939458037902285e-09
2.900001653201651948e+02    9.982694137473612228e-01    -3.066215201509979015e-03    2.434629098223098115e-04    2.593352470675853267e-04    1.762535121422965023e-05    9.292904374839761576e-06    -2.826142380467711296e-07    1.943601520749624921e-10
2.900003126315250483e+02    1.002614904113130478e+00    -6.163665685241765703e-03    8.801947203024895251e-05    3.126670598530306396e-29    2.064241406815124337e-05    9.668637267874283518e-06    -4.185536741547567698e-07    1.415248576937529146e-10
2.900007869679582768e+02    1.001362842478089155e+00    -4.660729776690350663e-03    -1.612247596790628338e-04    1.364836100708931126e-03    1.909191030418980930e-05    9.347332644168839606e-06    -2.385709963996094564e-07    1.809459694321663981e-01
2.900005084535023343e+02    1.001205615105490887e+00    -1.088390201743282730e-03    4.058734337996934408e-04    1.815140070605452338e-04    1.947075821767485184e-05    9.556262426096369646e-06    -6.284752288429879690e-07    1.046694452191557628e-01
2.900008347826097861e+02    9.999606873667530316e-01    -4.114793308531051672e-03    1.574793073353586068e-04    8.010190624526653631e-04    1.796365317868426015e-05    9.339605822171808414e-06    -1.574430948733141686e-06    8.176330092520502080e-02
2.899998443197072220e+02    9.989255878634042407e-01    9.675582071498722153e-03    -1.499528631974235773e-04    5.756618540369211178e-20    2.152439569053359470e-05    1.054633924842774084e-05    -1.802452409110679837e-07    5.628763719708480807e-09
2.900000107574306867e+02    9.978910437469771244e-01    -2.481714728797408155e-03    -3.002779570472747617e-04    9.687805453718184536e-26    2.074001539663243630e-05    1.089943169404406284e-05    -4.099358813469775746e-08    1.661566455494554030e-09
2.900006147067326197e+02    1.001099810733727669e+00    1.790001938560112490e-03    -7.068030248519019648e-05    6.297688886580511144e-33    2.016990094616428759e-05    1.069593999585288073e-05    -1.475579431924788490e-07    1.375250299647834129e-01
2.900002847354301139e+02    1.000238477416781624e+00    1.321585502440640950e-02    7.217898529542903386e-04    2.764269849643791709e-20    1.892322788034419084e-05    9.572051510419298122e-06    -7.645530745319882351e-07    1.473960204795511159e-10
2.900004821002390258e+02    9.963662794145401458e-01    -1.199917834118691996e-02    -2.201808022667782884e-04    8.346057425266369384e-15    2.175234497102109012e-05    1.110050083689300897e-05    -1.163466540763254742e-06    3.456302059894151429e-02
2.899999957684959782e+02    9.997625149973702330e-01    -3.914334717208371034e-03    4.591321229512374696e-05    5.911019812537386955e-23    1.835526661984760509e-05    9.601130093009412303e-06    5.237727330260087276e-07    4.119412377886212673e-02
2.900004390618820480e+02    1.005016729399982323e+00    -1.097511415636935779e-02    9.828914973224441910e-05    1.185369667112107856e-18    1.945945976082992662e-05    1.015935994729916373e-05    -1.124288197640728453e-07    8.507451230416196442e-02
2.900001005268491667e+02    1.000204703369514503e+00    -2.828295190889564556e-04    7.983834236325769511e-06    2.154781087524028377e-17    1.871708448411996353e-05    9.706752737009889895e-06    9.913989144672257044e-08    4.463843680368877187e-02
2.900003211254371536e+02    1.002129145622272288e+00    -6.623286578872695368e-03    3.621925662342405437e-04    9.648735806099655697e-26    1.879721064986607698e-05    9.908172389106508423e-06    -9.514018716009991187e-07    5.035713526377738614e-02
2.900003486526786673e+02    1.003481835855246640e+00    -1.988759875415415518e-02    -9.529314373801798588e-05    4.643214479923667838e-28    1.989438492782137093e-05    9.941899717100848781e-06    -6.054292044444537649e-07    3.871806858001220625e-02
2.900003876608840869e+02    1.000019425296859721e+00    6.985056565955761760e-04    -3.947516791264942329e-04    1.090799218005366895e-04    2.015062777449210411e-05    1.014802184453960161e-05    -6.695663993615965584e-07    8.152143286729122973e-02
2.899999126937566416e+02    9.991970062761299509e-01    4.084877726197376317e-03    -3.505028823267100527e-04    4.527328200625524391e-04    2.048352352860923465e-05    1.101589432980315826e-05    -8.758589095176804072e-08    5.821501417378954592e-16
2.899994569588896525e+02    9.963480552218911823e-01    3.502722291766595798e-04    -1.626670293197299592e-04    1.001225987632170609e-03    2.161434222396107349e-05    1.010887924818359270e-05    1.787924067099779020e-06    3.366810499560238147e-12
2.900007049972534787e+02    1.001716087833073532e+00    7.102019333757543572e-05    -1.585665692410225230e-05    8.624497915376771410e-04    2.116302702535238832e-05    1.093117173656851286e-05    9.632814904970651243e-07    2.471322268553300394e-01
2.900000511821452278e+02    9.988590191792747763e-01    1.422034488260061043e-03    -5.407991493733010652e-04    1.313973905666759192e-28    2.014661369189309646e-05    1.041349909352633559e-05    3.010844406785015076e-07    5.279385419466924717e-02
2.900004685503384962e+02    1.003085267351250698e+00    3.475413100781435800e-05    4.755201089865766952e-05    4.001847380284330067e-04    2.090287421492206235e-05    9.749189956311399979e-06    5.833402729933655668e-08    5.332862604905717202e-02
2.900001460686288510e+02    9.969889213489985247e-01    -5.609510948216441840e-03    -3.257869593752756748e-04    8.418138228971326461e-26    2.184551850080338373e-05    1.065079555922044820e-05    -8.647146827388863040e-08    3.920369224423510057e-10
2.900001187001263929e+02    9.974468304003135666e-01    1.298412009211362015e-03    -2.983185693750258589e-04    8.388002091802718928e-22    2.002299867271784499e-05    9.981686506644227470e-06    -3.323738374613502589e-07    7.498144832170212937e-02
2.900000668115160920e+02    1.000464557033464930e+00    -2.702779156542844865e-03    2.541500669539727118e-05    8.049192717625286602e-23    2.004650840348425671e-05    9.917239811276681822e-06    -4.741979569079547809e-08    7.403096939310550566e-10
2.900008359622915464e+02    1.001339937293407090e+00    -3.066646811766157027e-03    -4.195442598434944250e-04    5.763546105074924923e-04    2.096037783872602112e-05    1.118485169113443222e-05    2.935676064966695730e-07    1.848518306411046641e-01
2.899999817262706756e+02    9.996130533529985485e-01    -4.135673976065570683e-03    2.429078672900271190e-04    1.494538917660629893e-03    2.008649223739267218e-05    9.840967282716913436e-06    1.237349776217119459e-06    2.275392262579477204e-10
2.900002956633190365e+02    1.000664484287315803e+00    3.846141002492210401e-03    -1.879360193022195291e-04    1.684644588282037132e-03    2.003323507145740939e-05    1.004220259267611297e-05    -5.169161437717293729e-07    4.225411395490544057e-11
2.900010969053903409e+02    1.000622104866267126e+00    1.351484315126155050e-02    -2.773995581325709270e-04    1.499885783843617681e-04    1.921642510714452760e-05    9.978390135180764816e-06    -3.041346497036523324e-07    2.483534662406872984e-01
2.899998422579259341e+02    1.001844486936499967e+00    1.105122503410504737e-03    -1.972907859699976119e-04    9.533009873224487146e-24    2.436255985732184358e-05    1.086192959507909850e-05    -4.255546256559062005e-07    2.469793296270299100e-09
2.900011982279872882e+02    1.002585689112047929e+00    -1.193716555450327274e-03    -4.938449057407701560e-04    1.406843742130449611e-03    1.989648193779188011e-05    9.999991840717621576e-06    -1.015529119755482366e-06    2.047500082582212055e-01
2.900003806669004121e+02    9.992445788587398514e-01    -3.541286323089910988e-03    -3.581091228109033837e-04    6.843849307279372610e-29    2.005014357110907866e-05    9.797844451719502838e-06    -1.850646248496947308e-07    8.094447360649525969e-02
2.900002632411578247e+02    1.000298426920025463e+00    1.448901307991763872e-02    -2.413666169011739087e-04    1.046996905240820714e-20    1.933127498876558247e-05    9.916319199494970596e-06    4.322063561150207150e-07    3.596797170563501705e-02
2.900000030438984027e+02    9.990222642500069528e-01    5.870139021630770004e-03    -3.482320780515329246e-04    2.077379555942029249e-03    1.890587188419512059e-05    9.765864398416301221e-06    2.274263530178692431e-07    2.448993842613426952e-02
2.900002654424384332e+02    9.988309336075854583e-01    -1.019921977157952665e-03    -5.418843518847832113e-04    3.678057527679305420e-12    2.096544790219523555e-05    9.536212536874433629e-06    -1.190842383567971037e-08    2.200064084929801746e-03
2.899997676681591656e+02    9.991189337735698617e-01    7.272448357474850869e-03    -3.039610600578918388e-05    1.264131259117986986e-21    2.112281636641593710e-05    9.914357781528721728e-06    5.618452407019668652e-07    3.832907832389047947e-02
2.900002765348975231e+02    9.996840771649468937e-01    -3.111664145469704521e-03    -3.684154818470012391e-04    3.806261020966909760e-04    2.033663596192853502e-05    9.822580068767071233e-06    -5.239627790475478343e-07    1.101424104711781833e-12
2.900002159947161431e+02    9.984031794153090944e-01    -1.938013075446595951e-03    -4.414903621384724244e-04    3.530184649145610596e-05    2.096074846722145133e-05    1.008420011802654575e-05    6.051865231135905807e-07    6.970422090830549755e-02
2.900001054488838577e+02    1.001212132960532353e+00    -3.990557274963909759e-03    -7.141020029544688377e-06    4.053229656939745469e-26    2.068697651288561680e-05    1.049180093771629974e-05    -2.545895373464567711e-07    2.532566626503168979e-12
2.900000720010342548e+02    1.000207101988042746e+00    -6.118843772175952198e-03    6.046650956397402665e-04    6.440646813682985531e-04    2.066241804098617924e-05    1.000173394829011154e-05    5.509180287496568279e-07    1.077962925776054202e-12
2.900001012132690903e+02    9.978604238479131805e-01    -1.288385469786490142e-02    3.634571066302648662e-04    1.900081766103786929e-23    1.998182425239717136e-05    1.037719548964367091e-05    -6.572491972821836377e-08    2.257207281852133684e-11
2.900006359445436033e+02    1.000263822810997016e+00    1.280425103253024152e-03    -3.196713151592228252e-04    1.909537077127172844e-31    1.923096431086726571e-05    9.700667850651119507e-06    -2.308358289820384066e-07    1.175672711182992880e-01
2.900000560723935337e+02    9.976591501066164325e-01    -1.117782313611313837e-04    9.875219251821979632e-05    7.252885310470821225e-36    2.056213590575061957e-05    1.029269597759985588e-05    1.911349646600061128e-07    1.183032144100436159e-06
2.899999229238295584e+02    1.004556343576504807e+00    -1.814123770465242284e-04    -1.508360537227673411e-04    3.197536168175010873e-04    1.908993352757805100e-05    9.568356466375286414e-06    6.570083959487547017e-07    6.123421343160509456e-02
2.900003804521182360e+02    1.002179627789978378e+00    4.473567043821600336e-03    -3.569336944903373963e-04    7.731849118349618344e-21    2.153375765563760892e-05    1.078937220080038382e-05    -4.053066505300251412e-07    2.601734494974747557e-12
2.899999030633168218e+02    9.980587901664254025e-01    -9.595579884237551149e-03    2.995358534750305825e-04    4.584554028278953584e-21    2.113084475289779977e-05    9.846755022909441492e-06    4.336360417931968525e-07    2.059883744071163217e-02
2.900004496823121372e+02    9.997485583176718427e-01    -9.890286306954775702e-03    -3.919294185429746460e-04    9.742781671866340828e-04    1.853048667300583364e-05    9.211752211234420620e-06    3.258845783433329871e-07    1.525945073528285623e-01
2.899998326210653090e+02    1.000006492874986774e+00    -4.015765442645139426e-03    1.373420212108171067e-04    5.347222508493923183e-04    1.830659352119770161e-05    9.381150825080474787e-06    6.488574661698921719e-07    2.237217660991016319e-09
2.900005394028231649e+02    9.985156262746198719e-01    -8.314087185134309962e-04    3.450326060645308226e-05    8.697649021695710121e-04    1.821829413284662300e-05    9.329225239574363878e-06    -5.225768705996562733e-07    1.732451562611862065e-08
2.900000653464775269e+02    1.001273584371628944e+00    1.400286004147800745e-02    -2.432327160207155563e-04    1.798849891924037708e-04    1.664478372255478149e-05    9.547236461185938831e-06    -1.294014313426558334e-07    2.667382143926715424e-02
2.900000137349538818e+02    1.002545966659843080e+00    1.868631268652846435e-03    4.669619614117505074e-04    9.172791084587156870e-26    2.359438651161661847e-05    1.079339480927207883e-05    -1.461176714050754376e-07    2.035810545306230874e-07
2.900003258151229488e+02    9.995929177120951303e-01    7.199024082072486008e-03    -2.572694408582790475e-04    2.506684241022522062e-25    1.831387994421839410e-05    9.175528640464383474e-06    -6.818915718049910042e-07    1.863844821418630481e-12
2.900005386096241864e+02    9.980837814012265552e-01    -1.000543871650520604e-02    -2.028652239180720894e-04    8.589306721488638476e-04    1.825325723583175267e-05    9.500270104472499001e-06    -3.765380855151903702e-07    9.954313083854547661e-02
2.899997890863105567e+02    1.002145039619577904e+00    -1.066920371949845771e-02    2.005660937064985378e-04    1.741424116061072308e-03    1.992117093305603744e-05    1.011446971948579399e-05    1.491666457966509513e-06    2.562568122006879621e-09
2.900000230636075003e+02    1.000511059480791776e+00    -7.789949239892267514e-03    7.764073602650788455e-05    4.474018292284923982e-04    1.945965093015443432e-05    9.788609213652471212e-06    -3.065087907676494573e-07    3.796453685388670820e-08
2.900012734214232069e+02    1.001574050935889693e+00    -2.398390503896858945e-03    -5.223630706556246610e-04    8.734579086312317881e-04    2.078997137425158374e-05    1.056155264119930544e-05    -8.389002283992669868e-07    1.685260099315427640e-01
2.899996253151145424e+02    1.001278675810876706e+00    -6.814835032220289794e-03    -1.711590018776279010e-04    2.040656441663528737e-20    1.915575918796913859e-05    9.898434602660048637e-06    5.031326270019196742e-07    7.594033235866123541e-03
2.900006130540713229e+02    9.970065948980555426e-01    -2.222771513286753067e-03    3.093848632355295576e-04    4.613382356348460470e-04    2.095761494672720965e-05    9.797199553559636734e-06    -3.162291676966357517e-07    9.369713446209704255e-02
2.900005631436256408e+02    9.992917130673857340e-01    -4.562775911489189498e-03    -2.931571540040306639e-04    8.142162576187004965e-26    2.295831283933210610e-05    1.114654347709901390e-05    -2.052904240324676035e-07    8.926834761839172461e-02
2.900003907790293169e+02    1.000754993979010354e+00    6.936730889953602458e-03    1.065685579900901413e-04    1.130188661400122890e-03    2.109969492585436136e-05    9.953905085977305157e-06    -1.331479550746630338e-06    6.188126425198552702e-08
2.900002005104000204e+02    9.997794841885851991e-01    -7.929071149381261910e-03    1.025298887384997739e-03    2.488597886835365505e-03    1.931583177396095692e-05    1.039160651991640939e-05    -2.938787648270100924e-07    2.547935792526277683e-09
2.900004033464203417e+02    9.972713078179975543e-01    2.016685320883798965e-03    -2.560242395461622441e-04    1.151612047679792425e-04    2.056984048510384643e-05    9.883811237624295603e-06    -3.338444402738216539e-07    1.048770930886241265e-01
2.900003906157639904e+02    1.002573206618998736e+00    -3.296576555123650887e-03    2.201749331883512829e-04    1.297555692251626397e-03    2.253431011214582669e-05    1.009409900482677090e-05    -3.379922686734880652e-07    3.721495676414683459e-10
