# f_r [MHz] A m phi D delta_r delta_ere delta_eim a
2.899998560200588713e+02    9.978706568031265878e-01    -3.476993470218806438e-03    -5.823298313797072934e-04    5.148662175026749417e-04    1.792198201459096205e-05    1.049341458995560019e-05    4.386700566393273276e-07    1.003475771069964675e-02
2.899999537300382144e+02    9.989061106591397010e-01    2.583271343786555912e-03    1.244945413582674632e-04    1.649545290620549801e-23    2.450657733248473542e-05    1.282027891693919104e-05    -1.489540926809013192e-07    6.487763880490363686e-11
2.899998125036834153e+02    9.994825151008189801e-01    2.029068562106860381e-03    2.470640152513652933e-04    8.509043203748651808e-22    2.300400469949030386e-05    1.285345239563860022e-05    8.509132890772049425e-07    7.393720524125065159e-11
2.900008611109258254e+02    9.988766378219943176e-01    1.234587171568343397e-02    -4.797699110738641722e-05    6.510473625199213925e-04    2.363193260441118871e-05    1.236912339697104835e-05    -1.674436626350187131e-07    9.527530139442265400e-02
2.900004096210000171e+02    1.001231809719566490e+00    -9.257448150890263544e-03    -8.532858989948148565e-04    4.047284797854227823e-18    2.260007676964772075e-05    1.203099195598014187e-05    -2.582036546780575400e-07    5.342587514412550781e-02
2.900000264365591534e+02    9.989974141663154894e-01    -3.850187410396470420e-03    1.160605034294581787e-04    1.517679473879395436e-03    1.982121942051727348e-05    1.065647783830594219e-05    -6.375621709916468125e-07    1.165484749637478662e-03
2.900005519133484313e+02    9.994513240004536669e-01    -8.275834059901656476e-04    5.532968347042319449e-04    1.416092287096904281e-03    2.279272069433263683e-05    1.246194115698823489e-05    1.666775963412911959e-07    1.040561413887111375e-01
2.899997270035401584e+02    1.000045705333370671e+00    5.791882635279905003e-03    -2.747782689051313882e-04    1.208518024596457038e-03    2.321206366824055142e-05    1.221244556675635687e-05    7.694231408015560382e-07    2.925010949577817673e-09
2.900008002057307976e+02    1.000262234263064931e+00    -9.077164117919735153e-03    5.229257663769304447e-06    2.794558637704028019e-25    2.246024649009557877e-05    1.178677558499546352e-05    8.998646504269144181e-08    1.470000597156311262e-01
2.900001567963783486e+02    9.962068743444830732e-01    7.433801567612056613e-03    1.654789804082686382e-04    3.374174972072884826e-04    2.009882528467628083e-05    1.194742827274012322e-05    -4.992265039132206555e-07    2.404036700667618802e-12
2.900001874138376934e+02    1.001402503158365986e+00    9.372426993033458956e-03    2.124681107403764764e-04    1.309384426030190318e-03    1.906064048562233998e-05    1.098470962970823488e-05    7.338948103270566731e-07    1.078208062712186360e-01
2.899997691959435429e+02    1.000214695842796431e+00    -1.993005665449489299e-03    4.437761785548306309e-05    4.646374310555957351e-04    2.015125384372217271e-05    1.079953746119737980e-05    3.803309606205750955e-08    2.178905872285291875e-15
2.900003329586954237e+02    1.001650213832093517e+00    -3.654808987721163815e-03    3.752196174131214020e-05    4.675297249965742253e-35    1.844663544557175090e-05    1.081238951425934698e-05    -1.864141250007331808e-07    3.523324268092434958e-02
2.900000798424623554e+02    9.999539595289578253e-01    -1.155947850029879218e-03    3.744421857929750301e-04    7.752414674020383784e-04    2.244277758672585333e-05    1.171512811678529166e-05    2.319836133947961477e-07    2.155952389750616718e-02
2.900005808300396666e+02    1.000297431904842993e+00    9.318226716762594355e-04    -8.977631029775912878e-05    1.519536367825063589e-23    2.003582856332283141e-05    1.106637908942384713e-05    -2.264221041602073427e-08    1.354928349785153030e-01
2.900001455452486425e+02    1.001742712248713474e+00    -8.581686212068019223e-03    4.508162719305393263e-04    3.235309456217333080e-18    2.264205555121874016e-05    1.121274879524692651e-05    -6.086656792931023106e-07    1.285116276814537322e-08
2.900002465019398983e+02    1.000940525745348308e+00    -6.307817757251933319e-03    4.815954777723921508e-04    2.734289136833755187e-27    2.011511302331864642e-05    1.118501188873875459e-05    -6.993897464949010187e-07    4.947570784582518838e-02
2.900005948311084012e+02    1.000493791110915964e+00    1.039714682314243910e-02    -3.210314975333167340e-04    2.213988192059682082e-04    2.181010816056750079e-05    1.210547478743715084e-05    -3.145319349511524862e-07    1.368643052412026606e-01
2.900000543106156101e+02    9.992641524286147714e-01    5.338940558162372577e-03    3.428665120645175719e-04    1.921959232385461779e-03    2.477446218706230084e-05    1.268366485254535643e-05    -2.078512867174572398e-07    7.975851061635990458e-14
2.899995486534335782e+02    9.997112675722792385e-01    1.445606885951948584e-02    5.624944464039036852e-06    1.015210249790752216e-03    2.185828076309915050e-05    1.170664198542161320e-05    7.650467709519770680e-07    8.466265894233354926e-09
2.900000088679772716e+02    1.001845957836793533e+00    7.949281234429549439e-04    -1.845498705396611208e-05    1.385807326836971886e-22    2.485753663080124374e-05    1.283563795501318250e-05    6.238782974245831679e-08    1.787729615892233101e-02
2.900000103606789139e+02    9.994117669055930797e-01    4.962155693639319805e-03    -3.163364685538532840e-04    4.332790890323614991e-26    1.961087206873991085e-05    1.075081264765650927e-05    6.692072412333697454e-07    6.812163332994490561e-02
2.899997786188388886e+02    1.001434122702381302e+00    -3.883585289221546072e-04    3.611739941909316806e-04    6.796492890763145543e-19    2.340499899498304178e-05    1.261603419589618675e-05    -7.692543622894058036e-08    6.789229303512345388e-03
2.900006913247613625e+02    1.000391678752439617e+00    2.472649412686428374e-03    1.003509678423740746e-04    1.650977815624261956e-04    2.152113839714372363e-05    1.155834564398345991e-05    -4.855489972630285238e-07    6.978984714263453126e-02
2.899999764899253591e+02    9.999278821215383806e-01    -6.597969478166950882e-03    -1.532014174947895796e-04    4.987330369571165226e-04    2.445632300199582430e-05    1.290532378957354351e-05    4.854259220547761948e-07    4.799493181191066826e-02
2.899994565985675763e+02    1.000078051938124268e+00    -5.251966944856109425e-03    4.012390034540264105e-04    2.657167480894644953e-04    2.315792273446302835e-05    1.238770382945061667e-05    8.349866771699720938e-07    1.178283730818840625e-14
2.899995031095127160e+02    9.997941956762411708e-01    -6.095155317875010055e-04    6.071537234066304214e-04    2.609459414089460808e-04    2.318714590566443580e-05    1.218083996724084296e-05    1.523258512805401858e-06    1.178737806332347607e-02
2.900003685307183332e+02    9.983868991275606231e-01    -3.816328211581222069e-03    1.696337602072521089e-04    6.276661481361524269e-22    2.241499249626816682e-05    1.191651014093929188e-05    -3.138112310497590506e-07    4.142775862590435121e-02
2.900008734681707665e+02    9.969808851971408981e-01    1.031535918538219881e-02    2.669272665693680612e-04    8.758029244246303143e-17    1.978543369436188123e-05    1.130956738192529990e-05    -7.261256201456549365e-07    1.632995441664375769e-01
2.900001741875214520e+02    9.999091932223450607e-01    -5.812966373429833203e-03    1.367566771443422561e-04    4.908017575546157370e-05    2.176758715083004818e-05    1.154296255373260246e-05    3.664186181752027145e-07    2.081908812171362935e-09
2.900000713934047099e+02    1.002290366801500188e+00    4.195321371523799692e-03    -4.750656021089046246e-05    1.114954857769721169e-03    2.293357107654253626e-05    1.222908068683189475e-05    6.985803134023438493e-07    7.284037041317022550e-13
2.900005854017404090e+02    1.002608773291334909e+00    -8.893405725300347620e-03    9.844075819829753438e-05    1.079814725099766869e-18    2.088041551513483205e-05    1.152881534446201605e-05    1.600325260570046445e-07    1.276595499215332497e-01
2.900005474405739392e+02    1.000271662314933030e+00    -1.654879467757417052e-04    -9.766706177742247731e-05    8.650409784425283589e-04    2.307214414401123989e-05    1.232094320179127824e-05    -1.301433410033323344e-06    7.113970182792170305e-02
2.900006656154753841e+02    9.972949482627992968e-01    1.557712779361335610e-03    4.413517314487566353e-04    2.941932509994129695e-20    2.234044737243646921e-05    1.209223253010766560e-05    6.175488669763794412e-08    1.056379011719260075e-01
2.900003426045749393e+02    1.001813488183421530e+00    -3.841769242935135203e-03    8.610577602187574988e-05    4.746919351029999676e-22    2.386509635032446031e-05    1.272619981116360830e-05    -7.792226601784733621e-07    9.999066791535305799e-10
2.899998670643873311e+02    1.001399180289872293e+00    -5.814711936015498801e-03    -2.843044463683930202e-04    2.669505123990909517e-26    2.307891462382288448e-05    1.188394381470020969e-05    7.461367518649547380e-07    6.496961984115451338e-02
2.900000256854031022e+02    1.001761224197157185e+00    1.310513603994001471e-02    -1.472492137837260861e-04    4.807563209548059005e-20    2.461129527119869831e-05    1.227360470489501294e-05    4.234808909791421648e-07    2.755722763307934600e-02
2.899998242089550899e+02    9.988709295742309591e-01    1.111944320049423202e-02    -1.345340304492543204e-04    3.816704336093563977e-04    2.157789556641691715e-05    1.201786176173248471e-05    2.239822834045020607e-07    6.002449287965384705e-11
2.900002446720598073e+02    1.001334601450794448e+00    3.092765596038502766e-03    3.922986227610338939e-04    3.675404703083589566e-04    2.078880744964342755e-05    1.124001920197119913e-05    7.606325805371774865e-07    1.195542304829728536e-01
2.900006571939618425e+02    1.002649902580673658e+00    6.385728117028706408e-03    -4.092749135256410365e-04    6.414703237194047097e-19    2.159598087538480344e-05    1.198321530302413623e-05    -9.957699787366844613e-07    7.244346327932754681e-02
2.900000723821541442e+02    1.000744089823213612e+00    3.893071432805292591e-03    6.630743591694035705e-04    1.221241015483023797e-03    2.177549167882988373e-05    1.136547855655306042e-05    5.659064056364093097e-07    3.648074803819965212e-02
2.900001190337048911e+02    1.000931042022432660e+00    1.457730468515535012e-02    1.635685119008932663e-05    1.025607898787073841e-04    2.047384514588650398e-05    1.146380138654479464e-05    -1.700591263805396711e-07    5.474255735020713223e-13
2.900000883745743181e+02    1.000471590980675618e+00    -3.378885952072975887e-03    -6.174936166936663667e-05    1.909732030133040507e-26    2.052120955454485125e-05    1.131992545658612376e-05    6.133249501004659675e-08    5.980150068031677563e-02
2.900002008569364875e+02    9.981206704936353979e-01    -1.983713158958461207e-03    -1.638109639392074449e-04    3.059660060675381456e-04    2.202259418968478363e-05    1.153781327521092039e-05    2.845516567245761388e-07    1.266891976568870004e-15
2.900000719899685464e+02    1.002807607374884169e+00    -5.160338053809966456e-03    3.321057492385300021e-05    3.419019857301548141e-04    1.914958570142840990e-05    1.150792715249187097e-05    -3.958104420753296151e-07    1.567858051775431806e-08
2.900003704369036654e+02    9.984430203227583345e-01    -7.318048901166774624e-03    -2.276695766291338171e-05    7.799038181846145454e-05    2.354145259854231373e-05    1.274257241187787231e-05    -5.472758173835735574e-07    8.286939644668640438e-12
2.900003183563822517e+02    1.001307042839494788e+00    1.195648465411451936e-02    2.926251096528936693e-04    1.328297460589760028e-22    2.185824574858099317e-05    1.175768740207349274e-05    2.050074596978143836e-07    8.476691684907340651e-02
2.900003556502010724e+02    1.003857248440170880e+00    -6.013018652911729638e-04    2.611153999988062363e-04    4.611126264707519181e-06    2.228224774911616567e-05    1.229301316176976710e-05    -7.497535942061769393e-07    1.211895985145746458e-13
2.900000025762890914e+02    1.000140565731381770e+00    -1.132499317486794803e-03    -8.504616193285659449e-05    4.426868838853160594e-27    2.099469323336367385e-05    1.188456698933365909e-05    -5.186566631958417782e-07    2.817705075715184353e-10
2.899999187299820278e+02    9.979006863071019362e-01    7.376344114478899407e-03    3.792499192696385064e-05    7.908854372995990532e-04    2.190357284112249523e-05    1.179287165382537153e-05    6.198203198835852709e-07    4.523080040331042882e-09
2.900006255963933768e+02    1.001809924866952084e+00    -2.374817498916103947e-04    -1.295490534080424633e-04    5.422695047993729379e-04    2.120902582145179138e-05    1.132226034641304708e-05    4.579903163389134680e-07    1.199427418250490346e-01
2.900001632023626712e+02    1.000010591805346349e+00    -1.826538460236406440e-03    1.599682894320174939e-04    1.575923914972843492e-03    1.770571920260037498e-05    1.050300251586849759e-05    -4.264543398371123126e-07    1.978933156978879976e-02
2.900002382123578855e+02    9.994580836899391585e-01    2.365428031072041356e-03    -2.180758091357629775e-04    8.383271500162082527e-27    2.045542223510573527e-05    1.190785377672733362e-05    -5.682691272291029854e-07    2.967131603925364861e-02
2.899996780221179620e+02    1.000195832651389116e+00    3.647141829470876544e-03    2.880630447235291570e-04    1.029218044942057077e-24    2.327744410646568750e-05    1.230058838806459837e-05    1.254023747565407239e-06    8.121977595662547111e-12
2.900000756540462135e+02    1.001548347323597765e+00    1.042042458946746027e-02    1.590125515451468359e-04    1.360812738143899392e-03    2.330190270795927859e-05    1.306035449315595520e-05    2.417722766327796405e-07    3.517452780033547617e-14
2.899998665720119106e+02    1.000175813313533446e+00    2.207786381556808183e-05    2.567584564080389637e-04    6.924883847563628804e-20    2.341039521627337136e-05    1.224544263553007181e-05    -6.058460821427996340e-08    9.477612053842042334e-10
2.900000812438472622e+02    1.004863660687564719e+00    7.237294806422776665e-03    -1.502147793880846379e-04    1.810051444466652157e-24    2.060238639382437690e-05    1.118310686633874864e-05    1.732038112594214653e-07    6.053375580612787438e-02
2.899997757879258984e+02    1.002161052292380949e+00    -6.332230762084256268e-03    4.244355220694061227e-04    1.557457597068022783e-03    2.542999696940083373e-05    1.278660658486017028e-05    -1.901727384233924834e-07    1.940586272111803970e-02
2.899999536898808401e+02    9.995184025925871740e-01    6.497849133701864887e-04    1.524527917893546186e-04    3.229201024990547945e-03    1.789038028217595765e-05    1.030375982793641567e-05    6.919522997192276138e-07    3.818195721429928913e-02
2.900000800681173700e+02    9.991404152410438000e-01    4.669691800492759871e-03    -4.631757088018981797e-05    9.501188439835670891e-34    2.012221484381028185e-05    1.060876659797895137e-05    -7.932948496049431411e-07    6.230951193199618157e-11
2.900003300418276240e+02    1.000691652265488507e+00    -3.394496368968169704e-03    -4.953997427516099910e-04    1.976751212161060900e-27    2.332997408527807514e-05    1.224294073540349535e-05    8.838224262877080232e-07    3.991309664395081835e-02
2.900007887059967402e+02    9.996092985335922609e-01    -5.569894116019257282e-03    1.426118413146334996e-05    9.574728981262862430e-04    2.049116840750584708e-05    1.114390379210359756e-05    2.607915526689691117e-07    2.033818350681431131e-01
2.900004586191092812e+02    9.995236539573181256e-01    4.315150719141914656e-03    -3.201839494959028351e-04    2.331073288954411899e-24    2.168140340000683397e-05    1.201534278929082968e-05    -6.189384076330526260e-07    7.666797400107331682e-09
2.900001750076316966e+02    9.999416693362278563e-01    1.934883058113357531e-03    4.534621070223143366e-06    1.233864921069296886e-03    2.207293694764754093e-05    1.183286015352142037e-05    8.555170987592424905e-08    3.368078425845928009e-02
2.899999563490369496e+02    9.987682863937369371e-01    5.290506157042806218e-03    4.160572111620535591e-04    7.486474423759498613e-16    2.368160205744512315e-05    1.216445357038322151e-05    1.220819968226160377e-06    5.717638350825357541e-02
2.900003883612218374e+02    9.986910144851361970e-01    -1.707991788064973024e-02    -2.384527257827586132e-05    3.686353580484830642e-23    2.370384840119540339e-05    1.236846928836418501e-05    6.739922499364522776e-07    1.293890972472518386e-01
2.900003972701139787e+02    1.000436793790764556e+00    -8.352027055775883627e-03    1.031839908411266807e-04    2.466420523083804987e-03    1.953932274373710107e-05    1.063020184996329470e-05    2.828938619081553648e-07    1.276141630796534532e-01
2.900001663338557591e+02    1.001212325829303085e+00    2.159022119135021317e-03    -3.474990250076630152e-04    6.141021790465430196e-23    2.450050194510892002e-05    1.225089524804424012e-05    -4.890410018589681396e-07    3.435547527976198084e-02
2.900001615627245997e+02    1.001420305790336585e+00    -2.531914243758512633e-03    2.091327490150496121e-04    1.782052012703237633e-25    2.111351239000063676e-05    1.152092295940710442e-05    8.796225295061642311e-07    5.699713672906768502e-02
2.900000666602001047e+02    1.002841164628363035e+00    9.348934049096450580e-03    2.807203081310854619e-04    7.613231291510775840e-04    2.267297110445657597e-05    1.227995429623480470e-05    3.809663968960505375e-07    3.650787358152240980e-02
2.899998456266343965e+02    9.982594887474052214e-01    -1.170941769867694764e-03    -1.908702887236748177e-04    1.006649626584094273e-19    2.097173437262322488e-05    1.104268700728303791e-05    2.294614571093223430e-07    2.239400369210185412e-02
2.899997991280625342e+02    1.002279252806066889e+00    2.614464513520188115e-03    -9.148737396612170074e-05    3.487726274516230217e-22    1.973794960292449971e-05    1.157939567390061320e-05    9.663318611610902337e-07    3.657072570607042272e-02
2.900002936420940500e+02    1.001004846550507255e+00    7.767627465300860814e-04    -3.476564145723520945e-04    1.290675673468403466e-03    2.194903751322367373e-05    1.186508589730426281e-05    -1.759527634101165725e-07    5.550371905244402342e-10
2.900003896043716622e+02    1.002389948348143989e+00    -3.040698514766892839e-03    8.729130377895480571e-05    7.221389147233367520e-18    2.202464009026473544e-05    1.209825397021379658e-05    -2.610539608374009022e-07    8.948831335771147144e-02
2.900000745682972934e+02    1.000265148297958984e+00    1.183081880675139648e-02    2.208692268469518698e-04    1.026019636066768893e-25    2.105773667408244833e-05    1.135771061840357127e-05    -5.519950766558889496e-07    1.179512708165380888e-09
2.900001314133234587e+02    1.000868713947397959e+00    3.855696079927951447e-03    -4.211327233300031047e-04    9.223545413905716002e-04    2.247569807460410413e-05    1.196737456951794407e-05    -3.440213119073588162e-07    1.132803598585651399e-10
2.900002046649991598e+02    9.990821781321161943e-01    -9.955658548302848479e-03    1.366047193171933969e-04    4.626973441100460048e-24    2.391938522221849641e-05    1.221161070663667462e-05    1.691280186409168398e-07    6.847721136093289782e-12
2.900003188978977846e+02    9.998242166525135310e-01    -1.409755935374086078e-03    -4.634912656836162863e-04    2.691512261107904358e-04    1.959959941317221093e-05    1.139976623341772225e-05    2.557939608647679192e-07    1.325905840364328403e-01
2.900002151018673544e+02    9.996350174832741020e-01    -1.024368965156227836e-02    -3.606019530042577559e-04    7.631028494670830326e-04    2.223738805728454218e-05    1.189066350524987599e-05    -3.095701929191418616e-07    1.866949922681998900e-02
2.900001279549849187e+02    1.000845194667952853e+00    3.338089522400769591e-03    5.855506265627814788e-04    8.098160531331947201e-20    2.095069984558458167e-05    1.190414730038953366e-05    8.092388215532569571e-07    6.296366112480421273e-02
2.900003690872977700e+02    1.001613234605222669e+00    2.396673839242700280e-03    1.921479214768256861e-04    4.364140522735448134e-35    2.101167671525589316e-05    1.214347742207116635e-05    -7.502184733805940816e-08    7.458899446376444919e-02
2.900005508081231369e+02    1.005006509334339215e+00    -1.616619737551737782e-02    1.079731714893105901e-04    2.880400375727546272e-04    2.370580210091106831e-05    1.233879899066596639e-05    -1.607586641938744171e-06    1.095045239432465366e-07
2.900005359801662621e+02    9.978486640339546687e-01    -5.251197859360055321e-03    5.897395396309281987e-04    6.825313778199105586e-04    2.520302022647359161e-05    1.250424915877256719e-05    1.525047188088817735e-07    1.231897741365217264e-01
2.899999307395724486e+02    1.000262343865657488e+00    -6.806723351189676932e-03    -2.825212189213870823e-04    6.849011706163734810e-04    2.100287020448762419e-05    1.179325958124669246e-05    -5.544157419646437298e-08    3.925228311896811397e-11
2.899999028525068070e+02    9.994960885965840092e-01    -3.787787351198799134e-03    -3.139119315316767707e-04    2.008821701474955740e-23    2.145746633438154263e-05    1.146979665473282983e-05    3.716338612729579320e-07    4.873560486679601178e-02
2.900007575257127428e+02    1.000872192635607894e+00    -1.858559746015339340e-02    3.382431744122002927e-04    1.114500658795778169e-03    2.160950343956006563e-05    1.230943140023391389e-05    -7.353519049647807990e-07    7.379988201980665352e-02
2.900006348563391043e+02    9.997231181335507477e-01    1.673152495681362942e-03    -3.565472657642422918e-04    2.427749206081642386e-34    2.428524685564722321e-05    1.270599850488910556e-05    1.528361527458142587e-07    9.568092417244024317e-02
2.899998611708331282e+02    9.996755773297185677e-01    -1.096323226023954503e-03    -5.037926948846501232e-04    1.611198521498749016e-04    2.542515113300124999e-05    1.299971844225767505e-05    -2.935227005521673822e-07    3.077289090498122901e-11
2.899998181253642429e+02    9.974183512570276022e-01    7.115236539511788369e-04    4.793753405861268709e-05    7.132299310254485432e-36    2.115067594059770982e-05    1.160608400309913444e-05    1.818708901043911321e-08    1.145072372313833751e-07
2.899997350845320057e+02    9.968535159934394096e-01    -4.868216670858688776e-03    -1.050001505899876954e-04    1.665954358132382779e-25    2.116837188613111343e-05    1.135092553394071670e-05    1.064337798875586871e-06    1.084089873084494638e-09
2.900004896352382389e+02    1.001793674512411636e+00    -1.056332700807374562e-02    -3.831175106429801419e-04    3.595271799622468752e-04    2.217063657693599986e-05    1.167257348298579812e-05    -6.345183433425349006e-07    2.023948012399492399e-09
2.900004846954890922e+02    1.004320064877878727e+00    5.819978289583401269e-04    6.746976159661297815e-05    3.455762437247361391e-04    1.863122889667743855e-05    1.114185221682066257e-05    4.540394866986732699e-07    1.019796560028584237e-01
2.900000995803080741e+02    9.967696934091830885e-01    -6.782508882873589801e-03    1.641272331613086697e-04    1.345271295357381011e-03    1.979765581470858987e-05    1.166957015831948262e-05    -3.343195359931093899e-07    4.039699989814745225e-12
2.900006078125052795e+02    9.977939061590632708e-01    3.596151838095872771e-03    -1.779092645253132414e-04    1.034754381941946420e-04    2.215981346416548284e-05    1.232583988952007396e-05    -3.480570287844448094e-07    1.160972783506775824e-01
2.900001727606025952e+02    9.997664522293427947e-01    -1.521790555897974432e-03    -3.789306364638974603e-04    7.784753330191201356e-25    2.226925959172298839e-05    1.178275839109531029e-05    1.371226343525166409e-06    1.904016563891778868e-01
2.899999353505343151e+02    9.972216065691974496e-01    3.497604513724749450e-03    3.562103977119836191e-05    1.247087797928996649e-29    2.276410125753226035e-05    1.221592392748095916e-05    2.436996223773316816e-07    1.239523393288825739e-11
2.899996710663774593e+02    1.001442010715303699e+00    2.052893185615484433e-03    1.165557161043253041e-04    1.726202912472021007e-31    2.168893419098090960e-05    1.181759611238352426e-05    5.170384396307281337e-07    4.281028772471120146e-03
2.900000634241393982e+02    1.000470403645410400e+00    6.422135037405185543e-03    5.935841363808970006e-04    1.465879467186055171e-27    2.531859358717973856e-05    1.301083328694527845e-05    -5.394490836404783898e-07    1.350864089417714322e-10
2.900002810643536009e+02    1.001708266866345731e+00    1.301912871510604907e-03    -3.925916772152151894e-04    4.904401340920500443e-32    2.165981324905028645e-05    1.150892117885333106e-05    -1.770685432352033069e-07    2.252626540009735473e-02
2.899998983397916845e+02    1.002150916540959891e+00    9.028192223016285115e-03    -3.206509394508684041e-04    1.418313227143780172e-17    2.028727427120984657e-05    1.101610829775997511e-05    2.037879703212922182e-07    1.203600855667705943e-08
2.899998230866194149e+02    9.973084008590793470e-01    4.692667215170441553e-03    3.371037461540494638e-04    5.733102387138210202e-22    1.956153395988318672e-05    1.160924944745621456e-05    1.694481577788556195e-07    2.714217761646562846e-08
