# f_r [MHz] A m phi D delta_r delta_ere delta_eim a
2.900000437302350065e+02    9.963945825411497648e-01    -3.597236705693320370e-03    -1.424677670453900846e-04    5.146456072882022456e-04    2.951898556838379565e-05    1.971937623779698232e-05    -1.682124927057499253e-07    1.004462751554502029e-09
2.900003852486218534e+02    1.000010075655110686e+00    -6.919461061150818798e-03    2.167473030235028458e-04    1.148143695269288741e-36    3.167785689002682519e-05    2.022900617396381851e-05    -5.978348115485880703e-07    1.617283132475133781e-09
2.899999745426665640e+02    1.001727019447299583e+00    1.264470899349705128e-03    -1.018885315510533336e-04    1.165039312712583336e-28    2.970356756426349433e-05    1.995063443870912564e-05    2.068232663071631681e-07    5.536362940830383403e-04
2.899997665498337369e+02    1.000302751760193898e+00    -2.132230452537603460e-03    -2.655736944175416032e-04    7.976752583536483388e-04    2.877323694988807271e-05    1.944366756531035610e-05    3.615576799215738196e-07    1.397714541187700284e-02
2.899999829835627452e+02    9.982768193617085339e-01    -7.722662382724542092e-03    5.720645133006464029e-04    8.633405487863000244e-04    2.967996872200803776e-05    1.913344450666662079e-05    -8.282754875181453964e-07    2.046690479779160312e-10
2.900007064030619404e+02    9.985251152776423167e-01    9.082863952796282675e-04    -2.359079789978285407e-04    3.561074608582809765e-21    3.050812622006341990e-05    2.006153931292007048e-05    -6.706937201844344101e-07    7.271095012635822585e-02
2.899997297167354873e+02    9.974307003907439961e-01    -1.349931592095469403e-03    7.331274757698758374e-04    1.958797240546012540e-26    3.154210773639679348e-05    1.999796067093881707e-05    5.397020624092912543e-07    2.256471631925182492e-02
2.900008432397299885e+02    1.001691935948555878e+00    3.142289970010752644e-03    2.272127903849666694e-04    2.689236930035659720e-21    2.967072395325165467e-05    1.986912377518670344e-05    1.416642636576167472e-06    1.656534137355562264e-01
2.899996288934765403e+02    1.002368922193043632e+00    1.067839960687523571e-02    -6.764695540145735200e-05    7.540249967099955193e-04    3.180882888413089923e-05    2.062733882203463884e-05    1.411629579561948342e-06    1.819599606076095390e-12
2.899999569898546952e+02    9.983021135272188706e-01    -4.018881049956469706e-03    -4.249508994916727169e-04    3.124171744372569032e-04    2.901423529565205591e-05    1.956444843491385747e-05    -1.300098529934534745e-07    1.452539937045737442e-11
2.900002840034343876e+02    1.004477054765738453e+00    -9.050923105390089665e-03    -2.283359601976009835e-04    5.619678395188892835e-05    2.989422756267787437e-05    2.014192261162444389e-05    -3.721101475700114228e-07    3.249408783385094169e-11
2.900008397418412756e+02    1.001726740957938233e+00    -1.016936710562013450e-02    1.681307944821524615e-04    1.277410270839186021e-03    3.175545778841079326e-05    2.049607443837499755e-05    -3.763548576744630023e-07    6.446162560325199853e-02
2.900004369540316702e+02    1.001354407488812326e+00    1.375219259199253810e-04    -5.473901238107845707e-04    3.401788254562876411e-04    2.665691516627122573e-05    1.920935722890806051e-05    -6.734604252389413272e-07    3.875900333684758475e-02
2.900000831025749903e+02    1.003145077212622915e+00    -5.262737030984877828e-03    6.226523316873380646e-05    1.871138362182413860e-28    2.886271884418542565e-05    2.035823112809738805e-05    -6.099318305798161056e-07    2.437634819006010925e-12
2.900003797648442401e+02    9.983396896929795927e-01    1.399909537384617887e-03    -3.038128866065019579e-04    3.789468920008506070e-36    3.206553282251770032e-05    1.980246322342730592e-05    -1.681186068978814928e-06    3.618308745223747994e-11
2.900003208699713468e+02    1.000801796829586143e+00    -7.007163866781919090e-03    1.457059970457116668e-05    5.002262060506528158e-21    3.101745388184539543e-05    2.018316012852664225e-05    7.608842893044929544e-07    6.025301188758216270e-02
2.899998185631728802e+02    9.991836230033143140e-01    4.762120870272960145e-04    -5.230172216274453154e-04    1.518625092322051035e-05    2.811635340307973578e-05    1.799823438148784354e-05    9.062806330641258531e-07    4.868462915285541318e-14
2.900005195992889071e+02    1.001209177346930712e+00    3.603393569837141323e-03    -2.662373534181483223e-04    2.551661684263438110e-04    3.235340805016240532e-05    2.091868577123272345e-05    -5.885924302467549172e-08    4.681158891859235616e-02
2.900014414882876395e+02    1.000807552008158074e+00    1.802485053965379195e-03    9.847557824015806165e-05    9.649008175866283769e-17    2.857897951507383142e-05    1.961904699797940792e-05    -1.810139473010460409e-06    1.616876572679989132e-01
2.899997048828133757e+02    1.002883535047998764e+00    4.776359985543322285e-03    3.682301893214808859e-05    1.091651723648376240e-22    2.870535179243566387e-05    2.002490145116613088e-05    3.674049123979502120e-07    5.886033825244286463e-10
2.900002670568720760e+02    9.981932101908773669e-01    9.918847413610612507e-04    -5.496679176177818836e-04    1.059765919862541012e-03    3.061231054756529475e-05    1.991973053923997203e-05    -6.742191231230038547e-07    6.746828334763361083e-12
2.899998134940793193e+02    9.981893354331041746e-01    9.262675450047126030e-03    -2.712276228424120557e-04    2.660362023560780948e-24    2.635921930446952531e-05    1.851175631766731393e-05    2.586889223241702584e-07    3.182874324837719907e-11
2.900000255606084352e+02    1.001369374355631336e+00    1.076882615979912923e-02    1.666698764245468545e-04    2.081621645266433114e-24    3.004410171682682775e-05    1.949866066877540977e-05    7.321533056105883847e-08    3.018011016158458903e-02
2.900003583948630990e+02    1.001777728544547275e+00    -5.645285049697721736e-04    1.075196128472956960e-04    1.092971667192655832e-20    2.873476481512851575e-05    1.933173001382878050e-05    -1.124965049925062662e-06    1.758573137074927618e-03
2.899999062722868644e+02    1.001312388270870102e+00    1.032933082903913190e-02    2.175840902017602617e-05    1.540645102228958147e-03    2.892513254633779542e-05    1.985382058455471732e-05    -2.664376947193635308e-07    7.064395342169143069e-11
2.900009606555128130e+02    9.978035349032524648e-01    4.685106516120335352e-03    -2.769591783972908251e-04    1.860939897857849740e-03    2.958192838787655481e-05    1.941070649045536657e-05    1.509988661092706562e-08    1.145488293365706789e-01
2.899999807994035450e+02    1.001346591980411649e+00    6.100818274052532009e-04    3.762974763024512211e-05    8.013818932722844373e-22    3.250565381991017396e-05    2.026968911734572867e-05    5.593914315345532265e-08    2.899334065849266717e-10
2.899996302078776580e+02    1.004756057166242167e+00    -5.372101352368594158e-03    2.471314780803808824e-04    3.589898145506972794e-04    2.898163633619709625e-05    1.935132168655780827e-05    3.427331182731368717e-07    4.918136442955835206e-10
2.900001358820153996e+02    9.967108972510361209e-01    -4.838513637525410083e-03    3.917081651717403776e-04    2.697958068265853774e-03    2.619779316388666477e-05    1.920611714258582529e-05    -4.637972307886050590e-07    8.277966700509661427e-15
2.899998244293562948e+02    1.003896582820343664e+00    -1.115722768396170024e-02    2.276920157379161663e-04    1.516203861160082259e-27    2.799004601605305025e-05    1.946247281873245382e-05    2.666258303085847040e-07    1.650905868593512013e-08
2.900001547896218312e+02    9.994282475703911706e-01    4.079981473479006755e-03    -1.208047094488018337e-04    3.213390838087389957e-04    2.800950393975481994e-05    1.801000964406397490e-05    -9.126083383670205642e-07    3.195406747107292766e-09
2.900000808645659731e+02    1.001117536839686517e+00    -1.110685624507202346e-02    -2.882143934077424134e-06    1.305628461329453943e-04    2.895048252809606813e-05    1.992481600733986556e-05    1.346695093473063980e-07    5.236836144088585776e-02
2.900005905331582881e+02    1.000024521127703903e+00    -2.050967716814510421e-03    -3.060198606861136189e-04    2.757652863810124444e-18    2.850298807794385172e-05    1.976492272203464313e-05    -6.307732087832602269e-07    7.451962416770027686e-02
2.900009053182340040e+02    1.000752472344103694e+00    -1.921616160011092823e-03    2.353933050050867803e-04    3.186019504968764007e-22    3.055985023462852126e-05    1.933678234983002994e-05    -3.663795925611586176e-07    1.004034608994315708e-01
2.900002863737691428e+02    9.988467637155074019e-01    -4.012379044317964175e-03    -3.695233201262979397e-04    6.244947704891804826e-21    3.111152769986543388e-05    1.990497584219605873e-05    -4.402185645712187300e-07    1.231774296523084622e-02
2.899999953385262188e+02    1.002660333829322958e+00    1.008863329231694632e-02    -3.528730383634970250e-04    1.641816548530722249e-27    2.819370741207433915e-05    1.976657417808151836e-05    -6.399813924793259502e-08    1.772204961868509094e-12
2.899999326257586745e+02    9.998674599839856292e-01    -3.909181565423267522e-03    -5.014377264799070241e-04    1.391556834764742312e-03    3.077612138837130374e-05    1.965194947455762672e-05    -1.423969900329584933e-07    1.655943899364631378e-09
2.899999638808957911e+02    1.002481113836854787e+00    1.104749479289906296e-03    2.490031230809769706e-04    7.183747682323951067e-27    2.819220156036320157e-05    1.910294626394328161e-05    9.386981111075658106e-07    1.410624222725405452e-10
2.900004589962026671e+02    9.968253665382706963e-01    8.434612789110989411e-03    -1.540238890287022036e-04    4.732616007605784970e-17    2.818248899485836418e-05    1.910924775049530647e-05    2.779370315318474240e-07    3.851792436215883270e-02
2.900001473926868130e+02    9.997964435433730479e-01    1.316416604587530848e-02    3.300988440298568256e-05    1.008791205336679475e-04    2.845476239002667817e-05    1.928796066920209631e-05    -1.779626781662758102e-07    7.474468332331469386e-16
2.900005343126558159e+02    1.000722706471111279e+00    -4.387890364004616572e-03    8.594776741728375486e-05    1.979252755076711201e-04    2.800601227793426336e-05    1.884334291037404518e-05    -3.403424606266749890e-08    7.104087866164289500e-02
2.899999623622152285e+02    9.985402966672438652e-01    -8.589149971501314207e-03    3.097362224290016669e-04    2.510949667080397201e-25    3.060966289854054855e-05    1.985894200929650723e-05    -2.286640476473053845e-07    6.795885779046360439e-09
2.899998253857677355e+02    1.001766141141881450e+00    3.108349215096685957e-03    1.517201887107390832e-04    1.681309384457367606e-03    3.127761152494146956e-05    2.053062457813324633e-05    3.751403567136185650e-07    1.074449119070276242e-14
2.899999672645720921e+02    1.001387966905822990e+00    -9.933691045575650594e-03    3.517231989657904241e-04    2.022481597025133180e-04    2.879386429314806443e-05    1.926862305141474409e-05    7.622269700741848234e-07    3.023335303012188516e-02
2.899998074819797012e+02    9.989551519569703775e-01    6.400527288652582344e-03    2.975417011823753080e-04    1.452049442904506651e-03    3.086473895336812182e-05    2.033537583295152605e-05    3.406476216375112173e-07    2.412153149429444273e-13
2.900006874024654735e+02    9.990312687378669620e-01    8.953048437226192281e-05    3.162067157353117989e-05    8.689983569133226306e-04    2.573923673398142926e-05    1.818268255861689583e-05    -2.737206618464009093e-07    8.027137688153930528e-02
2.900000572914589725e+02    1.002428644074654596e+00    6.409177161370010513e-03    4.386323946716772274e-04    2.104307776861645736e-04    3.172164573892692613e-05    2.008676764713899785e-05    -1.229246630299659534e-07    3.672165449565589768e-02
2.899999414267745124e+02    1.001625001553094307e+00    -5.035374810574972174e-03    1.975357801022249629e-04    7.766216071104720196e-05    2.815598711235298840e-05    1.939283809462287962e-05    3.615753797434650163e-07    1.220454028696588990e-12
2.899999757049465643e+02    9.978939911445686706e-01    9.957618800259830844e-05    8.411456591758562171e-05    3.165238497581444161e-04    3.056664021884811515e-05    1.955120557030992997e-05    -5.233624828590829435e-07    7.549873855778761611e-11
2.900000977746688591e+02    9.969694292973780847e-01    -1.503610203370148255e-03    3.536155925643606388e-04    4.070358215122256321e-04    2.939958836440484220e-05    1.985630865967674387e-05    -8.464665425547283737e-07    9.567651829422088236e-03
2.899998435478994452e+02    9.978960325597577841e-01    -4.786054300118062002e-03    -6.562823850690342514e-05    3.779798038094464878e-04    3.120094015641093307e-05    2.038232999205109221e-05    2.578808978555351481e-07    5.230753741253387976e-10
2.899999638758468450e+02    1.003131530886631539e+00    -7.527857610011320748e-04    1.083114969560487138e-04    2.347979065385370523e-20    2.924040651901444620e-05    1.902399869938852208e-05    -1.172239210576042874e-06    2.960958570538155143e-09
2.900003434301385710e+02    1.001425581199436587e+00    1.275036253412211752e-02    1.247295139942750303e-04    9.387616600066703623e-05    3.090229405262831270e-05    1.970769804595972539e-05    -2.921475955527571741e-07    6.690409479090890510e-02
2.900004739178794466e+02    1.000900954803189968e+00    2.662302343216514742e-03    -4.849389111613341789e-04    1.337979810772218884e-27    3.040613222876220741e-05    1.976874446703707694e-05    -5.451134373668546439e-07    2.516784311249795764e-02
2.899999488791992235e+02    9.960166317436085492e-01    -1.024327398826246731e-02    -2.588806258608783830e-04    1.084004056809063299e-26    2.745562249316755787e-05    1.919315771317134346e-05    6.797127358351917026e-07    6.737797500696284726e-09
2.900004467075741559e+02    1.002096121416522045e+00    -4.463652614363089292e-03    5.437605088589306983e-04    2.503972090073431866e-16    3.126404913910109048e-05    2.021509774286108551e-05    -2.288685596015619500e-07    4.720747375236371453e-03
2.900000324447266848e+02    1.002901504121831433e+00    1.981321420171365012e-03    6.755292458545361818e-04    2.267582358055390350e-23    2.951149153926201373e-05    1.903894219139406704e-05    -2.522598831249969790e-07    1.070650906459003104e-09
2.900003487872648407e+02    9.975710982816777816e-01    -1.030234552733711589e-02    2.482904370435229770e-04    2.330352350824207137e-20    2.852655384594552672e-05    1.975770961804818146e-05    -9.824997356859303592e-07    2.576200214558697910e-02
2.900004158067650906e+02    9.982803954641796818e-01    -2.038643191469030440e-03    -2.321802005650647628e-04    4.919622559327663843e-04    2.839126164962366578e-05    1.905632476964763921e-05    -1.100525902302651257e-06    9.297893749989876954e-13
2.900003951878396151e+02    9.950834791768288223e-01    -3.445725423137061157e-03    3.934983163035277686e-05    4.274743632754532766e-32    2.874746164104457566e-05    1.916120476203300436e-05    -5.020040276984589397e-07    9.904386240800434546e-03
2.900003625067123494e+02    9.976362632668008823e-01    4.733007443436024891e-03    5.317549466702495200e-04    1.053770099370551598e-03    2.842608393972457137e-05    1.961848473793430898e-05    -1.003712676019096409e-06    1.358360792336893441e-09
2.900004143316867840e+02    9.989029061509744345e-01    -5.961431915080546602e-03    2.126968126955300787e-04    1.656738032557140408e-03    2.875509491426711794e-05    1.898624712385034183e-05    -7.002646951319114414e-07    3.694367607068045622e-02
2.899999871349422165e+02    9.990972507310170725e-01    2.563520314520117103e-03    -6.967223364781466571e-04    5.387328804240088330e-23    3.145974910065836008e-05    1.949881785755337791e-05    2.097508607722982559e-07    1.897169224422947525e-02
2.900003248465279171e+02    1.000327366367319337e+00    1.079074881187879788e-02    1.373467606219711380e-04    6.292275918379968134e-18    3.043931700215172281e-05    2.025010972110110555e-05    6.896434480242911982e-07    5.871934608056991051e-02
2.900002608288123724e+02    9.963394918713731618e-01    -4.098044862296484556e-03    -4.215908911045825459e-04    9.042271903884167934e-21    2.878062374514293707e-05    1.908823311664869330e-05    -7.411908081804335831e-07    1.240634254949526884e-08
2.900002014503225496e+02    9.998276356841927504e-01    1.219720790663889921e-03    -1.683163758322967407e-04    2.017361522253907179e-21    2.850413883905914613e-05    1.864777597870065072e-05    -6.343126871138801649e-07    4.090495459767677471e-03
2.899999888343066345e+02    1.002371017964068356e+00    -1.981688468717321579e-03    -4.585740756974595353e-04    1.162230456429991054e-24    3.275131733396325034e-05    2.037788730220428069e-05    1.371697922242175256e-07    3.538700565004261351e-09
2.900000415389235968e+02    9.998462964806930087e-01    8.835041746202950200e-03    3.823730681037971579e-04    1.305340747402225611e-19    2.797449278812405145e-05    1.822421100454134430e-05    1.625180255704790569e-07    3.093049332453661196e-09
2.899998365696411611e+02    9.964114061474433903e-01    -8.781487445381258930e-03    -7.840624122773895031e-05    1.762236605683866484e-04    2.916873323303937485e-05    1.959024460230487583e-05    -1.882652294583440420e-07    2.607183807275183663e-08
2.900001319191649145e+02    9.991007176438658766e-01    2.397222221738028614e-03    -3.580326835387379980e-05    9.993399014002215993e-22    2.884339113535165799e-05    1.866922374268254747e-05    -6.955276508572872146e-07    6.595150633626915705e-10
2.900003541777248302e+02    9.981786490292260394e-01    5.606124682276718285e-03    -1.625355228468930067e-04    1.696706681096655936e-04    3.099978018319119637e-05    1.923928385188724641e-05    -4.786231039763827268e-07    3.282808353961285536e-02
2.900002902860941276e+02    9.982479037783043019e-01    -3.869935391637142116e-03    2.671234667378943970e-04    1.722553611167391860e-29    2.664901398925183641e-05    1.840199688559338362e-05    8.631995006992988999e-07    1.741303950642437981e-02
2.900013562434413643e+02    1.003225895854495509e+00    -1.307215843599969854e-02    1.818590711210892779e-04    2.149671167062423854e-19    2.851001912706544369e-05    1.894212896158002762e-05    -1.150086382490671100e-06    1.614600700209553319e-01
2.900000328482216787e+02    1.001648438884419567e+00    1.272688442368287258e-02    -2.155076699441148681e-04    7.202976929570584393e-04    2.874434623960679062e-05    1.913276577294695821e-05    -2.090949025182765599e-07    8.880008786630594353e-15
2.899999910121007360e+02    9.973275527784649652e-01    -1.695535243907140416e-02    2.665027242660061683e-05    3.049729245434241029e-23    2.908870080731700708e-05    1.970102686621710616e-05    -2.501599236849347665e-07    4.041858223187138347e-10
2.900001577459460691e+02    1.002677697285278002e+00    -1.300809542339346862e-02    3.219584830460891405e-04    4.860214475420376835e-31    2.946006976030943956e-05    1.914542311690431366e-05    -1.330582462823788382e-06    4.880856842240179658e-10
2.900003518824626667e+02    9.988077464143011452e-01    4.434930342410698875e-03    -1.380624242937365321e-04    2.881763876096797182e-04    2.871880023530458406e-05    1.936685637702248837e-05    -2.435749899977394799e-07    3.583358414987736912e-02
2.899998283001388018e+02    1.000769427081444674e+00    1.334227055525131871e-02    -1.196760138975977103e-05    2.221952835383687918e-04    2.754392680129825042e-05    1.882689279979293966e-05    4.154627216863580099e-07    1.068295988409474211e-09
2.900000645693592105e+02    1.000510654775333075e+00    -5.724221843127950092e-03    4.152839323436073897e-04    4.433414793322683185e-20    3.038378783540133138e-05    1.881476507945431873e-05    -6.949431168663184334e-07    2.493640957781115531e-09
2.900007742129449184e+02    1.000287262263383159e+00    3.427020746944875332e-04    -1.949272074336691853e-04    3.545845441863415700e-04    3.041049055983979145e-05    1.957571138877795471e-05    3.261775613846701330e-07    1.009542896712925519e-01
2.899996799506200773e+02    1.000843079632308452e+00    2.659918981991681811e-03    3.236677725631429922e-04    5.489889983376477270e-22    3.073883635804098571e-05    1.956198000053334821e-05    1.065890311341089726e-06    3.284815358567585235e-10
2.900001233707442907e+02    1.000932450601367263e+00    2.814120593164494660e-04    -8.262087124544195314e-05    9.926521493051252404e-16    2.827401766789563027e-05    1.853157295989010331e-05    -3.599453794989598683e-08    2.440731994895081400e-02
2.899998180357529236e+02    1.002021457983335972e+00    -2.384601506837226350e-03    -6.864963170867107649e-05    2.401171507735043129e-21    3.025670510028716090e-05    2.093241400154560608e-05    -3.848345562227066095e-08    4.351017737316550404e-10
2.900006193957156597e+02    1.001150503581180295e+00    -1.640558792527600047e-03    3.873996353981529385e-05    9.435210216632665592e-24    2.904925092465308794e-05    1.901855859212910819e-05    -2.531628484258213426e-08    6.859687673546428777e-02
2.899997756269681872e+02    1.001125103663237592e+00    6.094359509424517854e-05    6.821933469728232950e-04    1.621474944802521315e-26    3.138733554531539254e-05    2.034005268174962676e-05    1.282253587924055426e-06    2.784752624167787579e-09
2.900001733085700266e+02    9.970808359409861765e-01    4.798902315501854532e-03    -2.648088757457763077e-05    1.951074011292711899e-03    2.992096186068008492e-05    1.967970332295470163e-05    -2.118085585088316957e-07    9.252531571146404771e-11
2.900002974347912073e+02    1.003981727568207916e+00    -6.107210029025002089e-03    5.035003990804357314e-04    1.652407467773050589e-23    3.057049090699670753e-05    2.000575512641285150e-05    7.431365198190240506e-07    5.543298655718392753e-02
2.899999802486843805e+02    1.000635580421036730e+00    -5.527470456165422749e-03    -5.440359621540140453e-05    2.887802881995055845e-21    3.274284185641637126e-05    2.038489269675534675e-05    -6.413710518860199475e-08    6.450360369226522682e-09
2.900002530057738568e+02    9.982025097545325076e-01    7.052398478850131075e-03    -2.682738358582908099e-04    4.102905937764788052e-21    2.819566133065838791e-05    1.873517913652717501e-05    -4.381126518457224598e-07    5.973536802804442492e-02
2.900001479027249616e+02    1.000483842718983940e+00    3.752142870808133912e-03    -2.719419216679689862e-04    3.633663778788318119e-22    2.749771858978083367e-05    1.833939366748225748e-05    1.665429190136867903e-07    1.288604148850249922e-10
2.899997671051525003e+02    9.992995708261391830e-01    3.795339960055872913e-03    3.606282192971473261e-04    3.475177395810985835e-22    2.886498401991330261e-05    1.952857559096393987e-05    5.267325945957807855e-07    7.965457038165315017e-09
2.900002011458973925e+02    1.000358144375829150e+00    -1.155431667718473908e-02    -2.657738122614603879e-05    1.499992090205846170e-03    3.018459729229248020e-05    1.927760336228104808e-05    -6.697384493338589352e-07    1.202363809034499680e-12
2.899999042333859052e+02    9.995420467144994214e-01    5.790400649433499400e-03    1.432498193747008439e-04    3.648195965422076413e-19    3.003720845594725052e-05    1.962596364535015066e-05    5.090595499670246260e-07    8.008490571089576547e-09
2.900009584727627612e+02    1.001913218805753125e+00    6.650786882042594023e-03    -1.342481375868908612e-04    3.499218912578957181e-25    2.807689856745223687e-05    1.848074426075278187e-05    -2.419765650156954482e-07    1.414399772128180910e-01
2.900004074026015815e+02    1.001512452282104393e+00    1.329395912673050776e-03    8.445869174187649060e-05    1.058244991475156781e-18    3.218499028802587314e-05    2.010840750768777535e-05    -6.759569776934562042e-07    6.015797067326994485e-03
2.900001453082036846e+02    9.996132815819736006e-01    -7.873431642599321156e-03    3.442063134042503097e-04    1.450371528974664847e-03    2.873397784854226858e-05    1.869036649685211200e-05    -1.210421009885768362e-06    8.768803592748548523e-03
2.899998207008708277e+02    1.002362420107302921e+00    2.928126620285754263e-03    4.253278090257146143e-04    6.277246136805300809e-04    2.810338717258432885e-05    1.843983109255926511e-05    4.863209537134125395e-07    8.268326478061633094e-12
2.899998659170141764e+02    9.991078182193473545e-01    2.827862478675974289e-03    1.790687973013030507e-04    2.443653344603523568e-21    3.065466799807013595e-05    2.049823938374026013e-05    1.178235156530991030e-06    8.890059739653016641e-10
2.900005026878534409e+02    9.993708787686619299e-01    -6.356379113434770800e-03    2.572374248174321649e-05    9.740646481182072880e-22    2.927477765338686006e-05    1.891541238650257177e-05    3.322154856271775781e-07    2.521781005791143976e-02
2.900000040222954567e+02    1.000137790308442964e+00    -4.885379720041701200e-03    -8.087205108580799550e-05    2.146405707497909033e-28    2.703360198293573553e-05    1.864812402478750191e-05    -6.465742056831346188e-07    1.011184979423866710e-12
2.899996680956664363e+02    1.000138393510818124e+00    -2.572251731638636185e-03    8.779373219240856898e-05    3.675421445775139680e-04    3.035012374141533392e-05    2.027519393072696441e-05    1.139667220040221744e-06    1.632339541284514906e-12
