# f_r [MHz] A m phi D delta_r delta_ere delta_eim a
2.899997331664025069e+02    9.981972926926716561e-01    6.988128347242046449e-03    -3.649917111018105760e-04    5.278182384817198622e-25    2.080287090826937537e-05    1.122250008805995725e-05    9.944020385727977108e-07    7.232873331101829196e-09
2.900007204892579011e+02    1.000866026373809170e+00    2.841871455089598972e-03    -2.565443087002175580e-04    1.215834586255568669e-03    2.282531342481842972e-05    1.119175642395298675e-05    -9.198137831029281488e-08    1.623194213368045202e-01
2.900008016576282444e+02    9.991835980873454703e-01    3.705116763161958159e-03    6.091628335717122722e-05    1.083775578169515232e-03    2.037814821113221702e-05    1.050121897523223891e-05    -6.068362043574498036e-07    1.003359074689785801e-01
2.900005475890428670e+02    9.982457483527462649e-01    -1.344138279819583450e-03    -8.622830739994102075e-05    6.818566203996913625e-04    2.383699261471713314e-05    1.210357916730281170e-05    1.777257678087483960e-07    1.196160170623381119e-01
2.900001727793144255e+02    1.002020032078997369e+00    -1.500814761923803618e-03    -8.845573536338491001e-05    1.870756932690100774e-04    1.889454985918723390e-05    1.038294093769302785e-05    7.743120808762332214e-08    3.725183908689060075e-02
2.899999707584406110e+02    1.001539125587641355e+00    -2.476822506528928553e-04    -4.093997920862506626e-04    1.400378624221820150e-03    2.168261476119290351e-05    1.178652600034112814e-05    1.152028956166529799e-06    2.111335982879120979e-12
2.899999470821755381e+02    9.995584655346088088e-01    -1.201621413051419396e-02    -1.166080844228846366e-04    5.929647864796245595e-04    2.151124861113404743e-05    1.192561653028408579e-05    3.984271642947309216e-07    1.990311809674979152e-12
2.899995661827890103e+02    1.001993873130768709e+00    7.361239439632565919e-03    1.173552781044464986e-04    1.010951276306832616e-03    2.067455861922267579e-05    1.154662492761135875e-05    1.093430810610130052e-06    4.692199503851351273e-08
2.900003061144062144e+02    9.988648783748755866e-01    4.818734850175286481e-04    1.915498854996554854e-04    5.068865367849462568e-04    2.066306407450784740e-05    1.091360260851209000e-05    -1.043892790245916889e-09    5.406940152301305258e-02
2.900002295954085980e+02    9.989476333186234625e-01    7.829545786381618064e-03    7.217950630463969438e-05    3.371402773571807332e-21    2.288588421487141504e-05    1.216613467290968868e-05    -6.693310081273998193e-07    5.100591214907674448e-02
2.899999077364211644e+02    9.972495620347273659e-01    -1.224420867110676816e-03    -6.341622441969105945e-05    8.153351610281386245e-19    2.356355658188424729e-05    1.188451382267225431e-05    2.965999426720760656e-07    1.070732807626622770e-09
2.900002977578258765e+02    9.985943950161469962e-01    -8.184516418798184687e-03    -2.856819913007331547e-04    1.553984398647551415e-28    2.089386727666692691e-05    1.120671936445925209e-05    -1.183743303754925421e-07    1.187047414881827441e-10
2.900007538832934983e+02    9.987728385663485753e-01    -8.361469236748938008e-03    -3.439889409290641293e-05    5.758395569828593563e-25    2.109225358581822126e-05    1.066008788872304248e-05    -5.438933005944685160e-07    1.399919312469065091e-01
2.900000090474211447e+02    1.000148748874724713e+00    -3.278509996774761018e-03    -2.207453832036157591e-04    1.329054736125533138e-19    2.320402169225493956e-05    1.119866643178343085e-05    -6.327722010947529811e-07    1.406816724144318236e-08
2.899997902724151686e+02    1.001271045862626830e+00    -1.157957583744160732e-02    -2.838342147985982536e-05    1.229125125908347082e-03    2.166298335353977769e-05    1.129102029022797097e-05    8.771339343263116575e-08    1.599443699787431075e-11
2.899998092544715860e+02    9.972690511542188219e-01    1.426792878201287723e-02    -4.433075671629797105e-04    6.744140017482384014e-20    2.039710125812389300e-05    1.128555978114115180e-05    -1.102754582916592983e-07    1.578012594829383341e-10
2.900000520901036225e+02    9.997033726287775091e-01    3.323840570533558979e-03    -2.458043169231344575e-05    8.177633887386370131e-20    2.398697086784664452e-05    1.260828184250475206e-05    9.750285035001155018e-07    1.277661242737000713e-01
2.900001394268384729e+02    9.986488038639643738e-01    -1.379790579534897598e-04    -5.602977290387906734e-04    8.975859749314047103e-04    2.283615546839306207e-05    1.119611698241323204e-05    -2.583319054501058300e-07    8.469767546844388938e-10
2.899996359569740321e+02    9.993166338811829696e-01    -2.840641216166711787e-03    -2.577605381555687718e-04    7.326619380932865193e-32    2.130726471944079990e-05    1.120144220786857080e-05    1.078958147679871918e-06    4.411820009647396495e-11
2.900001215600133264e+02    9.989331103105221210e-01    -9.107291960682953325e-03    -3.982984353844488176e-04    2.329494362814882400e-04    2.110373708802725914e-05    1.140954274095424214e-05    -1.467890226658164158e-06    1.616975073445891840e-12
2.900004493156621379e+02    1.001871532267472720e+00    -1.846366659095860572e-04    -6.252312029801726729e-04    8.405863312130925887e-04    2.082386766326172801e-05    1.160496352264769760e-05    -6.366727989585918266e-07    4.805390340595416115e-02
2.900006697406376475e+02    1.004367211152068506e+00    -1.163410356037513195e-03    -2.599304589931729099e-04    6.475788472958454636e-04    2.158865187206548622e-05    1.132822427264514876e-05    -1.253807730692699309e-07    6.776315400142284007e-02
2.900001276653694049e+02    1.001425694737744454e+00    1.156378773923932108e-03    4.855605174122357842e-04    5.265129375784841732e-04    2.154830835913920515e-05    1.109584762483644217e-05    -8.900236046289489714e-09    6.729975823542676781e-03
2.900004116809228094e+02    1.002211575008491673e+00    -2.835639268620401029e-04    -1.926156877347314801e-04    6.163748792726441057e-04    2.161566884316200283e-05    1.111133512779366042e-05    -8.597952581296468233e-07    4.922456126028858236e-02
2.899998910154138798e+02    1.001006255869251627e+00    -1.441229197201367336e-02    -1.269186149407991351e-04    1.286502183090201768e-03    2.336049463690098791e-05    1.081720278526722767e-05    -6.615009768627904939e-07    2.989996974540615714e-03
2.900001770840173663e+02    1.000181604747862885e+00    1.372723910024306604e-02    3.090113341761489786e-04    5.075722707443550748e-04    2.063957459277086846e-05    1.079698907387043963e-05    2.350508313364599632e-07    1.778817999450817144e-02
2.900015259278947042e+02    1.000542188350715289e+00    -6.464368872218101414e-03    -3.307676100164144836e-04    3.877153924036833538e-12    2.200348330526189265e-05    1.182891076950545669e-05    5.126686451456707732e-07    3.066051001421513655e-01
2.900004196143772219e+02    9.983304393544276678e-01    -8.387269677185855282e-03    3.158833855660815419e-04    3.955283248726632271e-17    1.944194210250262066e-05    1.120729357573540706e-05    -1.097771358002138671e-07    9.984887290942362492e-02
2.900004544274171963e+02    9.984684186887206048e-01    1.484448346095111745e-03    -2.915913079597995416e-04    3.927804868256189511e-04    2.345438899705990478e-05    1.212284309561119478e-05    -1.760366392160815102e-07    3.386052357216113445e-02
2.900000478973651070e+02    1.002799867007575729e+00    -1.972717104580438974e-02    1.671135073853916605e-04    5.097747663132491322e-04    2.328047907356334883e-05    1.245649648742614031e-05    7.502625265422241449e-08    1.246334954864295255e-10
2.900004497614808088e+02    9.984928457023239945e-01    3.197962963156140721e-03    4.064556380139628900e-06    9.839896393146307495e-04    2.038950726886027957e-05    1.088919100255047828e-05    -1.097715331864233979e-06    3.738610050288074119e-12
2.900012815281398844e+02    9.968987422523130082e-01    -1.105076910025917618e-02    7.613021817426476477e-05    5.695319310672746954e-29    2.054089019770507704e-05    1.032181761115752573e-05    9.375195253689477434e-08    2.473838919519522894e-01
2.900004046963898645e+02    9.996667873947071570e-01    1.344117512358500820e-03    -1.545883824627945259e-04    4.442330949735655248e-19    2.196219404222973711e-05    1.157010468587018271e-05    -4.101244091290654029e-07    1.028063017391615884e-09
2.899998696281159596e+02    9.981588233177780545e-01    4.112366523193501655e-03    1.446775180140349787e-06    1.849351558773342422e-25    2.329851275243453922e-05    1.159522794911710487e-05    3.861345699137305793e-07    5.370125491459029052e-10
2.900001805368880810e+02    1.002640130341648117e+00    4.714001747189268572e-03    -1.180331821017304874e-05    1.217905370085623634e-03    2.005968220788047711e-05    1.059629369280320076e-05    5.751468063164518989e-07    5.395042212627126910e-02
2.900003501048558405e+02    9.973860782650021406e-01    8.410347155087738100e-03    -1.132776474987342289e-04    2.281377033011411177e-18    2.107542385973290298e-05    1.115061126168708994e-05    -1.802206748264390004e-07    8.052052718377895346e-11
2.899998749645378098e+02    1.001111187279544623e+00    -2.810405353552801813e-03    3.652841322368309768e-04    4.285339461157413638e-31    2.090635444365997533e-05    1.123790311529986235e-05    4.517547580659610562e-07    2.096797053174055304e-09
2.900004889262552297e+02    9.984810895006228648e-01    -7.167065290794494628e-03    5.263443285151717587e-04    4.276973713150943892e-04    2.246354316063377125e-05    1.213083972263076072e-05    3.655226351037457431e-07    1.251547965102860482e-01
2.900011193381694170e+02    9.995991081840641668e-01    -6.777514419162626591e-03    -2.916058297528100916e-04    9.356589124715402944e-04    2.233117155878073157e-05    1.162656543735985398e-05    -8.744429247049228476e-07    1.614329824632960986e-01
2.899999355233283040e+02    1.001180867764307481e+00    -8.448454893734629045e-03    -1.432866710568437023e-04    1.196756723890307064e-03    2.111258792323678088e-05    1.096942580890682075e-05    -5.745258149923657015e-07    1.928601105720536765e-10
2.900003623935186852e+02    1.001358538645169993e+00    -3.711258448575194182e-03    3.662639953412893696e-05    1.446639421749783749e-03    2.016185690099410325e-05    1.151095614257656339e-05    9.672867377093916783e-07    9.117252573097715806e-02
2.899999495829144394e+02    1.000228919013740114e+00    -4.804670072111899386e-03    4.174973048401611612e-04    4.505550321133230623e-33    2.075194943712158901e-05    1.105262004082471926e-05    8.123768633852753466e-07    2.285310743714995263e-02
2.900006233159053295e+02    1.002498993305900310e+00    4.157716409772032815e-04    -1.778860262786327028e-05    1.339699667695390048e-03    2.063050625164225511e-05    1.082522783675407182e-05    2.317612245490476284e-07    6.420045490263112664e-02
2.900003155588829600e+02    1.001666001501120062e+00    1.462647719787742075e-03    -1.161581607248140678e-04    4.943018929654837718e-24    2.095317231559161612e-05    1.106900594719887645e-05    -5.524268427315992542e-07    2.377148655764307970e-10
2.900005795119036520e+02    9.965166858783328641e-01    -1.530174313290321884e-03    2.489041104375149687e-04    6.584571591186573654e-04    2.127987933686403265e-05    1.146588776235012113e-05    -1.043468410480423550e-06    9.048680735715014523e-02
2.900003084532440312e+02    9.989128586453184244e-01    1.005151507256971458e-02    -4.929195772994122418e-04    1.864185726946543157e-24    1.954548933852718438e-05    1.061349692655499565e-05    1.112058235364550589e-07    6.324188145943240857e-02
2.900002757828909239e+02    1.003519022167923991e+00    7.435931800114187369e-03    -2.433654317068718008e-04    4.639700599531198825e-21    2.074545417363011664e-05    1.088265641109455552e-05    2.907009836688561735e-07    9.355735392512745663e-02
2.900004032383855588e+02    1.000047436322368366e+00    -3.656807325626471299e-03    -6.293013365655035192e-04    1.598178751269102779e-22    2.158813323378146391e-05    1.065056590637891164e-05    -7.029915076526222473e-07    6.115669952053670588e-02
2.900004325452459284e+02    1.001711284520761192e+00    -3.474607156790781529e-03    -1.748338247838883473e-04    1.010975177278115042e-03    1.818729054282072592e-05    1.008910935723272109e-05    -4.738003725017569007e-07    6.576200543333813344e-14
2.900009476061962914e+02    9.991560828319647758e-01    -9.454321457640049893e-04    1.769870972631370294e-04    1.810973684472984644e-26    2.163476650933788092e-05    1.153630302524255577e-05    -4.750820824267141008e-07    1.852070181314045549e-01
2.899999919520760159e+02    9.987501686496630393e-01    -1.473762533142228097e-02    1.101576246777504815e-04    2.942473745466017178e-04    2.305195360132219465e-05    1.201145711597433573e-05    -6.879275356923576884e-07    1.301350399355406668e-09
2.900007976395901892e+02    1.003664614183056525e+00    -9.317362735651511753e-04    5.135125232019644451e-05    1.280106840095344081e-19    2.266862671440266784e-05    1.139705659435381116e-05    -1.111142208723370847e-06    9.072229144109206223e-02
2.900001679362442815e+02    9.977097320815448978e-01    -7.386279842276663281e-03    4.015032694243899649e-04    4.886004810543554799e-04    2.305191830885701293e-05    1.191153373674539470e-05    -9.815181775075914502e-08    1.024504431352400198e-10
2.900001216257360284e+02    1.003346630498253900e+00    -1.305156716350453806e-03    -1.119572158890278857e-04    1.137667329322956738e-04    2.480912146245204403e-05    1.231317051137889687e-05    3.054857916433883294e-07    9.223839995269187676e-13
2.900002376432578330e+02    1.000950460398682740e+00    1.487630131287772869e-02    -2.062253875128671843e-04    6.593248435574616865e-22    2.220992985741859600e-05    1.075908596104066037e-05    -6.039702105891353189e-09    1.326207525887073608e-10
2.900002155811504281e+02    1.001548315554841251e+00    -1.464822135040431267e-02    -3.644116175645006547e-04    3.474452925454066189e-04    2.001978103533476783e-05    1.048476495006808121e-05    2.443719925827149762e-07    5.582985314740870897e-02
2.900000134500818945e+02    1.000615565748247837e+00    6.931086907291631079e-03    1.682897141508954441e-04    1.584649717779340345e-03    2.049165815345533692e-05    1.170069458411434214e-05    6.554609582562161923e-07    8.285258864106802290e-02
2.900004426642011026e+02    9.968847270695284646e-01    -1.560406848065046433e-03    -1.054164320292807399e-04    6.849885152441008386e-04    2.163341120273278094e-05    1.195657570531725732e-05    -6.936934962307534164e-07    6.092183848000808782e-02
2.900003142350254279e+02    9.977368833437018081e-01    1.176227829246437318e-03    2.427917307048778307e-04    7.300380483464174617e-22    2.173894496756087694e-05    1.109179817855692438e-05    -5.674077443662262278e-07    8.222640270188420384e-09
2.900005191357507215e+02    1.002186743622669240e+00    6.125144941135614654e-03    2.780991301766041644e-04    2.264892336875218201e-20    2.188468021012159230e-05    1.194166101872529758e-05    8.021783144714478702e-07    1.085021247411489254e-01
2.899995454995190585e+02    1.000168608976709672e+00    1.278665298537101517e-03    -4.835186187854057421e-05    1.881929072178337105e-04    2.150993796897092948e-05    1.087042510388059688e-05    1.223200130990170547e-06    6.876987976069690142e-13
2.899997894053022947e+02    9.952169150097035510e-01    -4.979383807047658506e-04    4.263225202703970515e-04    1.549882021597496400e-03    2.027880400763362083e-05    1.139559072931527873e-05    3.917067047163305885e-07    8.755433258070241680e-15
2.899998253727006841e+02    1.003724252569629938e+00    -6.539634584543168108e-03    -4.762731267588251553e-04    6.985248683012553789e-25    2.131146862796004559e-05    1.163332061219821999e-05    4.668599475434531155e-07    2.484370040666293101e-09
2.899999477966671861e+02    9.988354580351304079e-01    -6.660063435643310409e-03    5.675181165673181182e-04    7.339608974965590115e-35    2.135862859400235148e-05    1.162348398223053219e-05    6.769468214403635810e-07    4.745145890229206936e-02
2.900004078593695453e+02    9.973248384794355381e-01    -1.439700054386823524e-02    1.011831204615417935e-04    7.021563734916758505e-04    2.223360713783772489e-05    1.122306441062959835e-05    -4.512403901570815665e-07    5.584651246774431255e-10
2.900003403134603559e+02    9.976763427366684978e-01    2.724762085422310215e-03    -2.813693621194349247e-04    5.497632891536703963e-04    2.081804016534623435e-05    1.175006690661262121e-05    -1.266653023372586325e-06    5.547404097998958857e-09
2.899998072910995006e+02    9.997101492842809245e-01    5.788625588421775214e-03    -6.053410242147687841e-05    2.001494558581994198e-18    2.230918451312931974e-05    1.243150248502550408e-05    8.489583911314253010e-07    3.835826305425270468e-11
2.900010771692761296e+02    9.976333209223551268e-01    -5.975604170070859117e-03    -3.542304019212768880e-04    2.366655504240140371e-05    2.221813629707977588e-05    1.176132051476129207e-05    -4.809402579307511392e-08    1.888641893335590571e-01
2.900002827965186043e+02    1.002462336913062302e+00    -5.496396367214442628e-03    -1.089542599099804879e-04    7.496446391558202652e-20    2.142189997794425376e-05    1.104493022033185211e-05    4.358056003383188390e-07    8.293091406648718522e-02
2.900001477777842638e+02    9.986949474020827555e-01    -7.053058230882341094e-03    -4.276949003259608671e-04    1.018189528840616148e-27    2.020452982682436618e-05    1.080532541018018865e-05    7.464322062638591302e-08    1.967456635386141713e-09
2.899999525359880863e+02    9.990546906208976896e-01    -3.030285885737385530e-03    -3.021083611421282889e-04    4.794166963682442426e-04    2.011620349702863064e-05    1.103764833297808968e-05    -9.081397660194514525e-07    8.508482283163181046e-11
2.900001726014103269e+02    9.970488475330899769e-01    -6.483825218873960974e-03    2.580521289533659317e-04    1.534235754777193567e-16    2.148469102192876129e-05    1.139060534749433421e-05    -3.241426338760049796e-07    1.217664943297525190e-08
2.900002163976586758e+02    1.003922598150497558e+00    -4.681137271292546732e-03    5.906741145279159220e-04    3.374956870070660838e-04    2.238982486416632244e-05    1.076472155683182054e-05    5.574265097034275884e-07    9.409369156412575319e-02
2.900000475584765809e+02    9.975854443366292124e-01    -1.511512756868508851e-03    1.808506622530159673e-04    7.768132417937172142e-04    2.057853220185165840e-05    1.148120998888860331e-05    2.644301835971134623e-07    3.459273857588518063e-08
2.900001574551827161e+02    1.000630978184543940e+00    1.586276757341148957e-03    -5.078476997245688325e-04    2.304632406164597401e-21    1.988862228284238504e-05    1.117765069998296874e-05    -4.487390209603276526e-07    4.938100099177267726e-09
2.899999601556501148e+02    1.001418724621600420e+00    8.591196748626184210e-03    6.170878289235468776e-04    7.205503489886613424e-23    2.089634331614923296e-05    1.087727618981811773e-05    -2.976998514970064428e-07    2.365701096770083200e-12
2.900002713455949106e+02    1.000605996781525953e+00    -9.299144770109568636e-03    -2.400421220363578698e-04    2.402188378096061113e-04    2.268601483201384449e-05    1.140235685271540239e-05    -1.421888238688372661e-07    1.419438931225264386e-09
2.899997374919645381e+02    9.983600275779853650e-01    -5.228758084942948525e-03    1.317225824141198550e-05    1.329091240912222806e-04    2.008296631399000525e-05    1.052333612085559757e-05    9.719224566486263841e-07    7.144730733564256887e-14
2.900000992844304619e+02    9.997211097188730689e-01    -7.528883826413358855e-03    3.232694245854795655e-04    5.548884740853340311e-18    2.117475631510371594e-05    1.164948415045883046e-05    -1.516593157794052274e-07    1.966162127606075220e-08
2.899995664386577232e+02    1.000895631730792878e+00    -6.438628199371417872e-03    1.808865512013880291e-04    2.053877402811149058e-20    2.217002319945679672e-05    1.114761687064674544e-05    5.588821846345785755e-07    6.380646023117504781e-08
2.900000437911814970e+02    9.998185424221712747e-01    -2.877005068915336299e-03    -4.878170997633879619e-04    8.818255224822444025e-23    2.164920932765390671e-05    1.170832072547957131e-05    -6.435509961994445768e-07    2.741247089205070211e-09
2.900001567131643583e+02    1.003323656526110552e+00    -4.483166595924311000e-03    -3.421812508919240938e-04    4.172828381044699870e-04    2.202823949212464171e-05    1.148290208980134574e-05    -6.604580108044615018e-07    7.462897286200722296e-13
2.899997965144245882e+02    1.000400516207757384e+00    -2.311191511880017740e-03    1.901459855202210301e-04    1.122702255811852115e-03    2.393704258598254922e-05    1.243039582087274474e-05    7.722095675503451207e-07    3.608148554412255986e-09
2.900000114212999733e+02    1.003095544191413779e+00    3.281888283692844122e-03    -3.703505306733602116e-04    2.023600152597912192e-16    2.169733514710736513e-05    1.154807094964583720e-05    4.779185000248083168e-07    6.590368027937177788e-10
2.899998069354825816e+02    9.979582835842061295e-01    2.456661126465364397e-03    1.063167034415384477e-04    1.911349720368354281e-03    2.206751899478454068e-05    1.210439937552342364e-05    6.806564692551930914e-07    9.507025074843028912e-10
2.900000906061865749e+02    9.943152216193120729e-01    -3.705903054260485403e-03    -3.105287307137550397e-04    4.089324160527116852e-19    2.032925370054260050e-05    1.045673531114244051e-05    -7.096699573373465720e-07    1.729607427870917871e-11
2.900001333230930527e+02    1.001166108175087333e+00    -6.013908404098623588e-03    -1.606253135154201014e-04    1.132289958151940098e-35    1.922363878217867093e-05    1.057949825197427741e-05    -2.888794700484685088e-07    1.698208876104050914e-09
2.899998654238886502e+02    1.000685458861333865e+00    1.088851072858701592e-02    3.993094650940921808e-04    4.450235755585285666e-23    2.126772608744826167e-05    1.146337780357215071e-05    5.424274200524903460e-07    5.884584150480355404e-10
2.900000790209811043e+02    9.983565194181044378e-01    -5.512173861479801977e-03    -9.215247743581997223e-05    1.366066490281181087e-03    1.792760480330016714e-05    1.017746362959404078e-05    -2.678077798417643534e-07    1.248337060343845318e-11
2.900004973392877332e+02    1.001230927943435045e+00    3.860088205824669175e-03    3.185031132224438815e-04    2.650668235347176560e-20    2.166100995859666920e-05    1.161546065307795361e-05    -4.389542521188982418e-07    1.040280453107609165e-01
2.900004824220765727e+02    1.000522402812034084e+00    -1.102610986730528193e-03    -3.766911419243218115e-04    9.803823987976737532e-22    2.254162673231150513e-05    1.166649614330836585e-05    -5.553148883344645222e-07    3.529178570153662653e-02
2.900003080742278598e+02    1.002266790572638566e+00    -5.641042093808342796e-03    1.315592480702183168e-04    1.113394498593055125e-21    1.863151196249552806e-05    1.076437073746588576e-05    9.507094632536559592e-07    1.702367062826757038e-01
2.900000402373686939e+02    1.000115618460254430e+00    -3.988029845306942421e-04    1.706049245827691871e-04    2.087910612930114505e-19    2.313859432755032675e-05    1.198208434483797814e-05    7.485900243495687399e-09    2.355726748200173573e-10
2.899998381927160835e+02    1.000504816335419989e+00    1.973830274409800641e-03    -4.404652287315967245e-04    4.208921565005540841e-19    1.961091266011004685e-05    1.119357743162452824e-05    1.481379671358149424e-06    1.296438798411444045e-09
2.900000852925645063e+02    1.000127289176252710e+00    5.901166716402879951e-03    2.943834737933458687e-04    1.083215599326710601e-23    2.185369832893451658e-05    1.175159551235366769e-05    4.596600615647348497e-07    7.920624639725519018e-12
2.900001769284205011e+02    1.002371940125574179e+00    -9.546840959245420088e-03    -3.620324048352737355e-04    2.611204414110725382e-27    2.050080212206070447e-05    1.190946643179995312e-05    6.239587505343817858e-08    5.774403817283471342e-09
2.900002249780766306e+02    1.001323417656166725e+00    -6.898697148451688951e-03    7.981523431063516504e-05    1.081772150152018365e-03    2.101900439333804238e-05    1.094703918758944126e-05    8.838066519873577180e-08    7.220399067669555637e-02
2.900016807804199743e+02    9.976785117297195526e-01    5.049104345531857038e-03    -5.513211120289539463e-04    2.429719071414822133e-04    2.124387485018954484e-05    1.113680472026182128e-05    -2.022576652743014259e-06    2.463916450005932679e-01
2.900005108265210083e+02    1.003404051541979536e+00    1.222321452454070041e-03    -1.577254312173938765e-04    5.613874270164496494e-04    2.098804379084016211e-05    1.110364900514466695e-05    -3.565221845306173314e-07    3.335276768112932499e-02
2.900001302954059952e+02    9.988281995597120266e-01    -3.389144512585852962e-04    -3.584094824342301685e-04    1.480011352851961668e-03    2.186967449076084101e-05    1.070437906450683892e-05    -6.429563877161323742e-07    2.665755936147765100e-16
2.899998761028469403e+02    1.001156238079009775e+00    -9.426289430778996697e-04    -5.419014451714073474e-04    7.492858681449898219e-05    2.228482956845185075e-05    1.116072533820770428e-05    1.197324660295538736e-06    3.625091899834883713e-10
