# f_r [MHz] A m phi D delta_r delta_ere delta_eim a
2.900000746322611462e+02    9.997632272077191518e-01    2.337717702812238101e-03    5.913722393442745993e-04    1.397429660940521443e-03    2.334066591483264505e-05    1.552753902515112888e-05    7.861616628033102054e-07    1.806725373805106657e-02
2.900006354927142525e+02    9.982045149064875389e-01    -2.088207976843613775e-04    -2.047451981258735282e-04    1.079683822528516331e-29    2.890891919479976539e-05    1.764589358600665019e-05    3.227391467711929681e-07    1.182008041408639520e-01
2.900001588015616676e+02    9.986673823056066990e-01    6.643456004427361963e-03    -2.529242936578632371e-04    1.801304887197088564e-22    2.708306044306554565e-05    1.625279560391292352e-05    -6.906362464223604690e-07    6.045193432945178706e-09
2.900000219921574853e+02    9.994621103934951956e-01    3.825423709293032399e-03    -3.025307553188179266e-04    1.379432217196443708e-04    2.433455887633241069e-05    1.711386027346455940e-05    6.090179594390158444e-07    6.545581085028383261e-02
2.900001339226942036e+02    1.000805746364509030e+00    5.912177259060004582e-04    -4.943124039680589076e-05    6.836929535810824636e-05    2.543467059199163875e-05    1.680829575752477612e-05    1.407053821537766852e-07    5.115285151050940132e-11
2.900002923383439111e+02    1.002809611147411406e+00    -8.581130107520582029e-03    4.362345658224409551e-04    3.280932400498902889e-04    2.580262503198256578e-05    1.748440662926811309e-05    -8.175260926511499085e-07    3.905072936940646999e-02
2.899996070795280048e+02    9.995345788454562674e-01    8.233737363401360740e-03    6.792925732013617966e-05    6.757652312009490065e-31    2.791786121561538680e-05    1.772998415929870225e-05    3.435243030449508078e-07    8.681532094194875570e-09
2.900005351924303909e+02    9.979138367103892460e-01    1.684073937664792072e-03    -3.789202950689250608e-04    5.720049981713719268e-04    2.494646744466537063e-05    1.696073942653014073e-05    -3.451820405624231666e-07    1.038425057683284025e-01
2.899998131635239815e+02    9.972061791581897650e-01    -1.289731049347237792e-02    9.082025887128172205e-06    1.371303765629493763e-27    2.810950783540800785e-05    1.720672513816506074e-05    7.594790126374319823e-07    2.373365617986574120e-11
2.899998634838115663e+02    1.002089613408396307e+00    -2.762374570363054695e-03    3.198099392862808349e-05    6.689446275419129611e-22    2.672808912175853895e-05    1.715744518341703873e-05    3.747477469915091536e-07    2.762682017747438837e-10
2.900004234735061459e+02    1.000559517815861721e+00    -1.350018871792470600e-03    -2.199631813871675960e-04    5.538835332931743910e-20    2.497147970134766686e-05    1.623040738000749682e-05    8.759342525556275685e-07    1.135310440961858763e-01
2.900000951746956162e+02    1.000712247393031662e+00    1.218174038374563936e-02    -1.729845619569201414e-06    8.219181590747722758e-04    2.745675138598695474e-05    1.671132795232824068e-05    1.231323599012360139e-07    5.863847933157102987e-15
2.900001532528054327e+02    9.983435932482155328e-01    -3.895883120052274703e-03    -1.876116307036486397e-04    6.219050765825431129e-21    2.478354350184943186e-05    1.632691970334047200e-05    8.062050594215213545e-08    7.078392165032859618e-02
2.900004404445003274e+02    1.000036040750618138e+00    -8.018132450021048935e-03    -3.149036227566632444e-04    3.079765753873400007e-22    2.653816566613349668e-05    1.648667349629747675e-05    -7.048826733845084404e-07    4.026337871961497422e-02
2.899999839725202833e+02    9.986872667604597131e-01    9.333570235417290931e-03    1.318339194281744741e-04    2.780659506246549687e-24    2.720588281623127576e-05    1.779686636507717961e-05    4.686148229049822636e-07    1.299230585423787179e-08
2.900001493951651241e+02    9.990504463607677854e-01    5.119798396532574195e-03    1.948491058113420871e-04    1.604444908556927605e-27    2.973793638007911347e-05    1.870795098648744982e-05    8.768434293574038116e-08    5.084401365631002860e-11
2.900006052888037971e+02    1.002022775563316426e+00    1.576157111534031048e-03    -5.534640132547431540e-04    3.353047997741694444e-04    2.729181510300779482e-05    1.706648153900807227e-05    -3.967134580877464266e-07    5.400291918911209743e-02
2.900005500816214408e+02    1.001212165041599267e+00    8.251521785466900231e-04    -2.012981152651186943e-04    4.178670130421331885e-21    2.698989063459533228e-05    1.732287588779480667e-05    -2.904319814586748262e-07    2.839767175757415205e-02
2.900000808280650517e+02    9.996937929367719633e-01    -1.395888194749220906e-02    5.634982080630322483e-04    1.706908286206504062e-03    2.651450837622082731e-05    1.758936785982408437e-05    -1.016872822781125941e-07    5.427215704624036068e-12
2.899998548446196764e+02    1.002658888615565846e+00    8.447180137923697082e-03    -1.893306125982443806e-04    1.925665825146855483e-16    2.546891095357912789e-05    1.722676840843496892e-05    -5.412472718390833507e-08    7.028110498727762091e-10
2.900004182751176813e+02    9.962729184436793783e-01    -9.312328615795457953e-03    4.283906179679967984e-05    2.325428486897565131e-25    2.789268133545032204e-05    1.705496304174385105e-05    -3.684592776528770375e-07    7.396223673909738117e-02
2.899997691388632006e+02    1.000554138726995168e+00    -7.319986352087018075e-03    2.403389457763295556e-04    1.064609337858830781e-24    2.877346609796353305e-05    1.752777198508712289e-05    1.835249457968423107e-07    3.650328345055370988e-03
2.900002337842625479e+02    9.994432295500716990e-01    2.281873103859339766e-03    -1.234488867307095448e-04    5.909302709402433332e-20    2.714978541109170761e-05    1.728770338702449047e-05    -1.345289195404484427e-06    8.041859852422066863e-09
2.899998295141896278e+02    1.002832151235472535e+00    1.024375671936347820e-02    -1.209261998401137502e-04    9.963954519665988753e-04    2.577544416903480054e-05    1.611954876468137349e-05    3.857629626032951197e-07    1.995768219582530586e-10
2.900000156568783041e+02    9.970713799852235493e-01    -2.595901155629781916e-03    5.526341967014861080e-05    1.257118205038508769e-17    2.637282556840573952e-05    1.703368109312567935e-05    -5.953204129712519953e-07    3.850701631291617269e-09
2.899998775866671963e+02    1.004299098589312544e+00    6.609280990755149075e-04    1.702302940888831845e-05    3.163827438549793611e-34    2.522919551512709023e-05    1.715530740218732753e-05    -3.977011707554759682e-07    4.586076105221293341e-08
2.899998798548537593e+02    1.002450881227709090e+00    -9.844855993431033195e-03    1.185357014986370680e-04    1.050573569199360780e-03    2.462677779325178951e-05    1.624905240824648758e-05    -3.124605280740589390e-07    7.521987390189709480e-11
2.900001611787819797e+02    9.997614552478367722e-01    3.767511886788376101e-03    1.317268995233334566e-04    3.094990159059553443e-03    2.558044481456468389e-05    1.668249766972245627e-05    -1.039754515701030933e-07    2.016783229466245843e-10
2.900004156006823450e+02    9.975869042301104272e-01    -1.202899011084262310e-02    -5.696816264432681860e-04    4.089565459853756960e-20    2.752736428165300522e-05    1.759951885610985299e-05    -5.092958872589707385e-07    3.414760879024029971e-02
2.900001940157118838e+02    9.989093444134194977e-01    3.124900733400303929e-03    1.688586514931874705e-04    1.424951335345606439e-22    2.614614592733651910e-05    1.702730218851925185e-05    1.567212093764979315e-06    7.081946663235404171e-02
2.899998850353903208e+02    1.000818158682451386e+00    7.879086683671708211e-03    1.108912904361322121e-05    1.801872317243491262e-21    2.807135233364295990e-05    1.724558407841006617e-05    -5.371187594585417951e-07    6.243155881319138452e-09
2.900000879346652596e+02    9.963286970679900989e-01    1.668099640013278630e-03    9.529323884114503313e-05    7.244002064368531971e-05    2.710419158483642514e-05    1.728447065113691505e-05    -4.608875309641061684e-07    3.954228234889006009e-12
2.900002326326509774e+02    1.002575733837004046e+00    -2.058595177086475214e-02    -2.148827655519074098e-04    2.857657200977033077e-04    2.742437977115337136e-05    1.643595498724737019e-05    -5.466463602371549505e-07    3.123526246872500647e-02
2.900000233064424151e+02    1.002575140611045246e+00    2.011352159759182984e-03    9.098242748818241663e-05    3.594192568593764042e-18    2.652991672368783531e-05    1.718146446122401850e-05    4.426608288984328724e-07    3.349663262951144138e-02
2.900003139833650607e+02    1.000436835703830907e+00    4.722116665816122882e-03    7.784597399618945824e-05    5.895564449009657636e-04    2.614925341318175545e-05    1.715665966357020765e-05    1.492245718956262944e-07    8.976527287238636466e-02
2.900000437818481487e+02    1.002589606881929107e+00    2.551418077872612614e-03    -3.567607473916897896e-04    6.457840677434196191e-22    2.671149828285046204e-05    1.605744802473152341e-05    2.482094455498230842e-07    3.868124625099740588e-02
2.899996631387962225e+02    9.999370996214905771e-01    5.999413589445849217e-03    2.046929358730133067e-04    1.212263343461042502e-04    2.840028276320500405e-05    1.813119752062009550e-05    2.074773406350019752e-06    2.006092870332932144e-09
2.899998535621891165e+02    9.984656789819902345e-01    1.695867249081662795e-02    -3.320425570188421602e-05    1.240699983056006825e-04    2.377005100777544120e-05    1.616403793780929639e-05    6.125037652324002820e-07    9.099582394721647885e-03
2.900001660533214363e+02    9.979216582575876071e-01    6.345170121437792785e-04    1.538898713404948909e-04    1.292946352259909289e-03    2.755620110181741409e-05    1.717118868298354951e-05    -3.295522275722861787e-07    1.031339976205858799e-12
2.900004034444967260e+02    1.001642178299009700e+00    -1.848918987617242287e-03    -1.643620632247835996e-04    1.197753203709789987e-18    2.710171553755957622e-05    1.793155685549084147e-05    -4.164357454003357351e-07    3.263592800188851433e-03
2.899999597431358325e+02    1.000946439506456231e+00    4.974119600836714519e-03    -1.698692497975022456e-04    1.251259148777568832e-03    2.685754251434813625e-05    1.781478491100755055e-05    2.740668087516257633e-08    5.025995286390584289e-12
2.899999382647805533e+02    1.000816107031520907e+00    1.173557258220246299e-02    2.385344042530825368e-05    4.693622740331831020e-16    2.760802936030801885e-05    1.764213392205185880e-05    1.602004604977339275e-06    3.367588151786721912e-02
2.900005877528118958e+02    1.001599761381108733e+00    3.258795046385399414e-04    2.845228380559113404e-04    6.894896156710123795e-04    2.598054602424262050e-05    1.671862732674529045e-05    8.336428010612555055e-07    1.570331694987878723e-01
2.900000334314140673e+02    1.000045285322468835e+00    4.547391431091512767e-03    5.926709189960145978e-04    4.136917410677474712e-04    2.555120431294735872e-05    1.658214829697918691e-05    -3.393602987306142625e-07    3.530341915454930646e-02
2.900002228475553920e+02    1.002057468490342274e+00    7.934282504836033187e-03    -3.860504718118803959e-04    1.935206854961721915e-27    2.641192092594212161e-05    1.674376752374294501e-05    -1.129853279877744303e-07    4.847452214180305446e-02
2.900004655653766577e+02    9.974555088038992157e-01    -1.764540063002344172e-02    -5.074813932798143698e-04    1.214935506875896394e-03    2.605556026381797505e-05    1.745911837412262433e-05    8.837391935497645988e-07    1.006268873131279384e-01
2.900005962926186953e+02    9.973230790100505727e-01    -6.526072447925925467e-03    -6.121522687807410754e-04    1.297469935782420271e-26    2.891271039509730786e-05    1.877718058339513743e-05    -1.585319249795237451e-06    1.337337796035311874e-02
2.899998215737667238e+02    1.000229919270258394e+00    -1.216544020479898118e-03    -1.293563661564988245e-04    8.072302957577073140e-04    2.758936930668806425e-05    1.786929565037789894e-05    -3.689514012661257132e-07    5.104046471012547818e-13
2.900000667553796916e+02    1.003008614966038881e+00    -1.776040194286101093e-03    -6.364470444948920917e-05    2.178009668300320747e-03    2.506745741574613134e-05    1.643567611758640822e-05    7.743937332248335436e-07    3.413715116213080630e-02
2.899995821366686073e+02    9.983637984764650586e-01    9.145592823360087706e-03    2.237696606082656729e-04    2.095384377801639979e-30    2.669856192106958534e-05    1.773671020830203048e-05    1.159755828596679188e-06    1.020492219571642476e-12
2.900005435563535912e+02    9.994845304323110025e-01    -6.490466099263830085e-03    2.340655460891715050e-05    1.758994122663137295e-03    2.745504224502671496e-05    1.697194074407109706e-05    -7.350807448154069480e-07    6.523390963619103700e-02
2.899993401116963696e+02    9.990346864028388785e-01    1.974383586745840843e-03    -3.833473064970335036e-06    1.475840543118951036e-26    3.006389883392092784e-05    1.723035474732404482e-05    1.290756215470881160e-06    1.898383577041168335e-03
2.900008757829033357e+02    9.979545845479150801e-01    -4.188908134318883141e-03    -3.211139268715467311e-04    1.297235114089349862e-20    2.818351062642010868e-05    1.788819878400608332e-05    -6.758531918176290339e-07    8.610653223227036912e-02
2.900008182587069996e+02    1.002379674884391392e+00    1.366140664443970393e-03    -5.846762191564797585e-04    1.596115020784565205e-03    2.935021442075154186e-05    1.893242068066566778e-05    -2.088681101893513466e-07    1.094397104433700307e-01
2.900000085318790184e+02    1.000194812009832734e+00    1.130849541444621173e-02    -2.607129144829056539e-04    7.349246564515493413e-04    2.982281357907072425e-05    1.750228176954079110e-05    2.706458514948454250e-07    2.710977705328464004e-11
2.900002267672753078e+02    1.001877633380300114e+00    7.241821078920664123e-03    -6.536442586567278365e-05    1.092125560868129931e-03    2.791538847563760343e-05    1.690900398744811810e-05    -2.173488209554811217e-07    4.558766292061876974e-02
2.900005232977490550e+02    1.001992487279727673e+00    3.107901719696751133e-03    -1.977004065853945106e-04    7.952560689150556812e-21    2.611945038336219179e-05    1.738562245005538320e-05    -7.232832646720781169e-08    9.542468565444930939e-02
2.900007589938832098e+02    1.000547056576131633e+00    -9.236098322764825161e-03    1.632224919563448056e-04    2.094046011845925297e-03    2.630160974587976820e-05    1.679549033607048760e-05    1.712984254608156318e-07    1.515208395816859954e-01
2.900014123310730270e+02    1.001393263831184210e+00    8.398559706267223410e-03    -6.308408421037832144e-04    8.779261710935139327e-04    3.141787426805345431e-05    1.849143838827333459e-05    -1.646451354019919638e-06    1.127164293802038475e-01
2.899997788474383356e+02    9.941057071381701471e-01    -8.356584399824017878e-03    -8.690162333573293798e-05    1.271067255570671904e-03    2.831225899105956501e-05    1.763185887231499165e-05    8.321615874388228301e-07    3.887677834048409699e-10
2.900000041818974523e+02    9.975994187987943240e-01    -2.302363633675492266e-03    5.119082195213069944e-04    8.675339462668056384e-05    2.566926051552480980e-05    1.616206866888122859e-05    9.308413499204503873e-07    8.824458092031341183e-02
2.899999682062993998e+02    9.994055492697822007e-01    9.139118931995092541e-04    -2.921196002378694716e-04    1.148043704113824170e-03    2.603059359125239761e-05    1.652439231287134341e-05    3.610364231020485743e-07    8.381142493614577443e-14
2.900002522782298229e+02    9.965543355564715489e-01    -5.510928905801103402e-03    -4.585254730214932770e-05    2.465816301114964740e-20    2.873296835441386220e-05    1.778273306529749406e-05    -4.159647793279254159e-07    2.812125624665677212e-02
2.899997574940203435e+02    1.001444131599546594e+00    -1.191432478804083442e-02    1.539899696900430168e-04    2.694047484732218092e-25    2.627957744036758968e-05    1.720258393722048598e-05    4.354450016738779420e-07    4.232663118998603967e-12
2.900002376545571110e+02    9.991920723988069186e-01    -4.813527020901945709e-03    2.877431742397091674e-04    1.240889344894745804e-03    2.562957302206926610e-05    1.654461849391531992e-05    -6.188487503948234753e-07    2.607329381326133539e-14
2.900002014346260921e+02    1.001105169251506055e+00    6.458300868833424628e-03    1.002706481049843939e-04    3.774745655999225489e-21    2.655994811352910078e-05    1.740906360029182402e-05    3.930261719025697211e-07    7.438530687231177663e-02
2.900002967208893097e+02    1.004117298327784180e+00    -3.154242034723420563e-03    -3.531921748604102793e-04    2.526743423312879781e-04    2.647021142182869901e-05    1.754489980006079881e-05    -2.486706477269353555e-07    1.344826976557160492e-02
2.900004528644942638e+02    9.979746388752591679e-01    3.036343548270562464e-04    -5.774575724445748940e-04    7.490471036110930934e-04    2.588069243767138946e-05    1.705530791008617978e-05    6.354364349597202113e-07    1.034849541190464850e-01
2.900004491258563348e+02    9.974675609007641608e-01    -2.442678335222989768e-03    3.120371753209358096e-04    1.405315671402132972e-03    2.702765344537144175e-05    1.688869295153877577e-05    -1.049333766473298019e-06    3.846991132442615997e-11
2.899996855386377206e+02    1.001219854612396709e+00    -1.858921850286093629e-03    -4.109294432309794614e-04    5.557097862401080010e-04    2.589544279276484161e-05    1.713630636017631577e-05    4.342808060476821916e-07    1.023472077000469954e-10
2.900006787925544245e+02    9.994949957954988307e-01    -6.600204104299957700e-03    2.941553670308649478e-04    2.311613962712327785e-04    2.506008275637853957e-05    1.672374172834169926e-05    -4.708451832845005865e-07    5.366716751221461273e-02
2.900005158978712529e+02    1.000158079487444729e+00    -3.870465851912959681e-04    8.190880657171523572e-05    4.170457187045215024e-17    2.800489304979309372e-05    1.757952504874690710e-05    -1.769211388954879409e-07    7.380828375049829082e-02
2.900001743302020145e+02    1.001029876073784575e+00    -1.143678860681461920e-02    -5.049242025310156189e-05    6.845207407564117075e-04    2.597319196667073962e-05    1.683612964090392772e-05    -9.650408808581006308e-07    8.677783490034392338e-14
2.899996764227620361e+02    1.001434395525186982e+00    6.379790348629748968e-03    -2.068573699046195099e-04    2.492801536554758741e-04    2.681799897161489627e-05    1.798017495685066039e-05    8.677299735218465795e-07    4.726582218320464766e-11
2.900006586838587737e+02    9.975626357912692477e-01    7.597951800658621357e-03    3.181975553495702240e-06    1.974925632745850278e-03    2.688426234103910234e-05    1.687703533350856758e-05    6.712567370890599150e-07    1.367957660296741651e-01
2.900001067650522373e+02    1.002390169775984274e+00    -5.689746387714134535e-04    2.659918081333865255e-04    1.574035923226212008e-27    2.513164339632980874e-05    1.631178430021396015e-05    -6.658650284644400593e-07    4.040802395738530387e-10
2.900003663764591693e+02    1.001069547300469598e+00    9.977747858744409268e-03    8.070327640352629073e-05    1.055057455484313981e-03    2.835842719792860785e-05    1.820771224078812064e-05    -6.200543506305782309e-07    8.671750589023322076e-02
2.900002073689589679e+02    1.002306321894606445e+00    3.627187188932173758e-03    3.084231639700693996e-04    1.468650870413493375e-26    2.940520980701848291e-05    1.827259160427323060e-05    -1.283255336102798605e-07    1.431855411417811642e-10
2.899996711327772232e+02    1.001737656234532592e+00    -5.965099984166069569e-03    1.318989434744007407e-04    3.600106788178666849e-23    2.806499896677165344e-05    1.747637931272722734e-05    1.356069883434399780e-07    9.034645198396117205e-11
2.899999807164896310e+02    1.000769661854875814e+00    9.524819562286161766e-04    4.653360729888956940e-04    6.414077439747489525e-23    2.829971755407721321e-05    1.689779299921254760e-05    3.925965323354231161e-07    2.405814885776564119e-02
2.900001841448341224e+02    1.000170749532010461e+00    6.281450435789539925e-03    -5.635022752140815452e-05    9.172851424780117913e-32    2.641796355052356744e-05    1.726369711409688013e-05    -8.022929323302468314e-07    1.400193428958721766e-02
2.900007092713557881e+02    9.983214499921916341e-01    4.850435799790516964e-03    -2.592159467336345533e-04    3.511330470027981387e-04    2.641889342914902549e-05    1.731855509769484626e-05    -5.647616182567508029e-07    9.638874268415521807e-02
2.899999653846844012e+02    1.000168034145985985e+00    -2.313870317351615895e-03    -1.339794880865724770e-05    5.756995134663578026e-04    2.978171623490163359e-05    1.848556767967753049e-05    4.881900864565739993e-08    1.110047023278818495e-14
2.900002548401435547e+02    9.970849974539820471e-01    7.920481189745362267e-04    2.740391784405811146e-04    1.677407626299604743e-03    2.679515481686698831e-05    1.690405963113978104e-05    1.726454470090694220e-07    2.869754760235608201e-02
2.900011987833142939e+02    1.001563791444059826e+00    -1.009825792403649860e-03    4.206387104937138504e-05    3.379380768605493674e-04    2.740700785679251117e-05    1.746467314169710105e-05    4.542378300230638696e-09    1.993431346726070308e-01
2.900003246405984783e+02    1.000338310178195966e+00    -1.226601038150711316e-02    -3.945451366891034473e-04    1.124186481945154250e-03    2.653088734864735151e-05    1.700962626653722805e-05    -1.031036417443529294e-07    2.235014911767454690e-02
2.899999216916914975e+02    1.004307361990374847e+00    -1.059500961132851110e-02    -3.799597656183446273e-04    1.756482425517303650e-03    2.718598621104866914e-05    1.724183133960673997e-05    -3.213035068796530970e-07    5.809315085720264085e-12
2.900002382691632192e+02    1.000353053155527361e+00    -1.016854153421561935e-02    3.316564585028160066e-04    6.769825161981528063e-28    2.694345633370731182e-05    1.746307573804761046e-05    -1.291516433444430185e-06    1.097486540579756741e-08
2.900002218669512217e+02    1.002757490796400974e+00    -1.441001358482377377e-02    -1.800001417333910668e-04    4.636753536800538534e-25    2.799844548516661734e-05    1.766401319100221741e-05    -1.505788125917999340e-06    6.078868300225791568e-03
2.899999502150506601e+02    9.983077444810378731e-01    7.698750293630107940e-03    -4.602314670512719710e-04    4.076346376179486547e-04    2.654133393191445407e-05    1.637100568750089508e-05    -6.936489791308883183e-07    1.843308692663092260e-02
2.899997392975590742e+02    9.970738361184451337e-01    8.477636354297544627e-03    -1.403214617365777484e-05    7.728538304563580615e-23    2.796688347876229180e-05    1.684109317278430063e-05    7.441443277215238051e-07    1.691180049604316873e-09
2.899999083275395719e+02    9.982029069280480282e-01    -7.528044880995616965e-03    3.262043298718711611e-04    7.381459143020430076e-19    2.572032973633581502e-05    1.663546037810303336e-05    5.602818965889113369e-07    1.190137731060471816e-09
2.900001979343741141e+02    9.994639335056711982e-01    -3.484290944862359057e-03    3.385701441026033910e-04    6.130323261128715244e-04    2.877855422954146659e-05    1.799221171505838398e-05    -5.049429977188232209e-07    5.251807946177555059e-02
2.900001559538101787e+02    1.001597119577274153e+00    4.412597992267216183e-03    7.031255293298434945e-04    1.788839087273520602e-23    2.997564079224045015e-05    1.832361728718862314e-05    -1.301611720802862838e-06    3.295142083226720746e-10
2.899999725961267245e+02    9.991228175251058996e-01    6.815850227302779063e-03    2.170916414976210135e-04    1.114723723238850725e-03    2.645178692810252292e-05    1.723571246680535396e-05    5.959170327596153739e-07    6.769151244674857792e-03
2.899997786162067541e+02    1.001279517086965276e+00    -8.796028310794807431e-03    -5.181765735813302935e-04    1.679785456195623207e-03    2.906542983605430987e-05    1.802218841580736133e-05    1.810117307435057281e-07    1.608107145959335063e-15
2.899999178421809347e+02    9.948998279340640627e-01    5.915857751086707646e-03    -6.624843552310526575e-04    5.402793283531632986e-04    2.648213792004934519e-05    1.727530959052863820e-05    5.179342203125950622e-07    7.202840746982941064e-03
2.900004316236785940e+02    1.000281750446623263e+00    3.089539356604044558e-03    4.181294471822614837e-04    1.548998655873303637e-25    2.885501610423820329e-05    1.787612920856603983e-05    1.561109815332218231e-07    4.586249701435370779e-02
2.900006116982899584e+02    1.000707448881093420e+00    -2.245198093729011430e-03    1.491307342423316418e-05    1.186884090501161797e-04    2.756605328002566187e-05    1.764370855075122764e-05    -4.473383029638914810e-07    6.397724184760901489e-02
2.899999327240716980e+02    9.994825215942276797e-01    -9.854231649066113978e-04    4.454727983009141223e-04    8.905941434751333359e-04    2.845720754966284585e-05    1.832234110256040390e-05    3.571174978725519163e-07    2.090825846132078614e-02
2.900005698663531462e+02    9.991593669462970340e-01    1.022432756448618876e-02    -1.690197227149312651e-04    4.437514559366247048e-04    2.628674051280708161e-05    1.655687786989441842e-05    -1.083790627252912064e-06    5.819215354027618137e-02
