# f_r [MHz] A m phi D delta_r delta_ere delta_eim a
2.900009063156281286e+02    9.998246677903467328e-01    -5.525234550203425533e-05    -3.603528619691349390e-04    2.152123501461074197e-04    2.201953872334358770e-05    1.212649107882115937e-05    1.158666866600918894e-07    1.671713365767462656e-01
2.899997714445534029e+02    9.995908439741064688e-01    2.763977264131915051e-03    -7.974347434591923169e-05    2.157629387284093134e-03    1.985475274571754114e-05    1.101307420025923789e-05    4.951813817641117548e-07    4.293182121944808109e-12
2.899999193254153056e+02    1.002350808697574092e+00    2.693418497837848143e-03    -8.343254613227113058e-05    6.548327154697265893e-25    2.235647709054875947e-05    1.151285782085161816e-05    2.684478673123295722e-07    8.930148078569964313e-11
2.900000228861317169e+02    9.969212963590012855e-01    4.038722388364208646e-03    -2.596575226653178160e-04    1.430626400121404899e-19    1.853991707123047166e-05    1.048367246873381743e-05    -3.895155110554248382e-07    8.033398352252269642e-03
2.900000908304941731e+02    1.000489328126264787e+00    4.822829203844536568e-03    2.575440458548726463e-04    6.921282759516603645e-05    2.239441218027329346e-05    1.213873797840584720e-05    9.067189722215673404e-07    1.047805760870034325e-01
2.900004648219633623e+02    1.001081383260544966e+00    6.997942929712395663e-03    -2.127604148325386703e-04    9.151440593442578689e-23    2.205333179045400855e-05    1.175681362169382925e-05    -9.820375346338708319e-07    3.577934270295649727e-02
2.900003238016373643e+02    1.000523756155655697e+00    -9.884574253883875866e-05    6.107224335818561400e-04    4.370881383186572010e-21    2.165820374302898391e-05    1.156832153088666458e-05    -9.276051428645025114e-07    3.256538005975267150e-10
2.899996991876488437e+02    1.000441063489790894e+00    -2.562959462924433666e-03    -4.043517744935789756e-04    3.779093813047271308e-28    2.258499076388682849e-05    1.205883702814584946e-05    -7.114132368672941093e-07    5.781007831470612282e-11
2.899999184431526942e+02    1.001567369637005323e+00    -3.596681222623846017e-03    1.514211559437646281e-04    1.047757750115727851e-03    2.125736845981273659e-05    1.167836769686273312e-05    -4.872748527830353662e-09    6.135338370126575125e-02
2.899998254635353874e+02    9.972661779548828154e-01    -2.803811569046219237e-03    -7.817743804365736822e-04    2.409219602475534509e-03    1.976685726056764757e-05    1.155207620512306868e-05    6.787184062099577825e-07    1.771537489697658095e-09
2.900000869604751301e+02    9.991893448330659844e-01    2.914823169217115127e-03    -4.747589805256153292e-04    4.949551668194611517e-05    2.022853423776987752e-05    1.112465772299475478e-05    -7.556295814128263481e-07    4.251763723398484240e-02
2.899999556023934133e+02    1.002364375619658299e+00    -5.556138379869529458e-03    5.259800475303072747e-04    1.059557280237053214e-03    2.265278049294079457e-05    1.218712887789578244e-05    4.209465685925617889e-08    7.351571735824602759e-15
2.900004452342098489e+02    1.000798511651834533e+00    -2.576954540102405298e-03    9.645167806609046058e-05    5.158089049000903552e-27    2.371776153382163579e-05    1.248041572941548974e-05    -5.657176133169423477e-07    1.482991878364321725e-02
2.900001185487865882e+02    9.989830977085585317e-01    -1.144143119751222376e-02    -5.509968146592347056e-04    8.042386853013156747e-04    2.182954195270261181e-05    1.230714319664732701e-05    -2.861124819867780434e-07    1.221179477498137101e-11
2.899999921795995874e+02    1.002517245909163135e+00    -1.667686323701675528e-03    1.072385764687347866e-04    4.266105595698852252e-22    1.705902155518164114e-05    9.285923441112503882e-06    1.411046765673000542e-06    1.188133673253268796e-01
2.899999283460119841e+02    1.000690407036920693e+00    -1.367415226314115662e-02    -2.739991484595439512e-04    4.341174577937195766e-04    2.338697026619869721e-05    1.262313754018821381e-05    -6.355051451349411581e-07    1.007398095949052387e-11
2.899999423819334083e+02    1.001744867067120959e+00    -1.269368730151997342e-03    -2.671019951818791815e-04    3.647221229269970473e-22    2.159993030430211748e-05    1.183945809344498391e-05    -2.033713088915558269e-09    1.651717802960552082e-10
2.900000901176939578e+02    1.003047455109953523e+00    1.004515200054835813e-02    1.617184638020712243e-04    7.732498838737322053e-23    2.113280428788368609e-05    1.184115409279511421e-05    2.643976506569189008e-07    8.549099972328474961e-02
2.899998871023876177e+02    1.003191265158241086e+00    8.134917394671937682e-03    2.867467114118345326e-06    7.626987638201959733e-22    2.151542137966429874e-05    1.215012876667698377e-05    6.294355182299548844e-07    5.922604871692259106e-10
2.900000989814423065e+02    9.997953108317655380e-01    3.767047537310969085e-03    -3.215786615063286942e-05    1.990072469938823798e-22    2.155324748706240065e-05    1.135544693522459698e-05    2.480299379037082009e-07    4.743662946091334320e-02
2.900002610782784700e+02    9.999980549245360839e-01    -5.272743707523569121e-03    -3.678360778804412113e-04    2.303296571090264738e-03    2.225078091996853430e-05    1.178012568647496471e-05    -3.249906466039232297e-07    3.126699356177320054e-11
2.899998562389212111e+02    1.000279045534196110e+00    -1.160600889815515020e-03    -4.878142113376577574e-04    9.442064620957102251e-20    2.094051901881412893e-05    1.131973506786697852e-05    1.236233788470927954e-06    4.640024051769286312e-02
2.900008050874021137e+02    9.996077098472078148e-01    -1.592788586518956813e-03    2.891163046560150029e-04    2.225722923718801844e-14    2.427855417016463560e-05    1.254562511353731677e-05    -1.904484128922135769e-07    1.524185197133029190e-01
2.900001219798560896e+02    9.991406353328605716e-01    5.261428863242975651e-03    2.369273551546265501e-04    1.101488398788431824e-03    2.050325883396207942e-05    1.114653884460427479e-05    -6.142393937412546471e-08    1.116822691907197319e-13
2.900000550392948071e+02    9.974069167530350555e-01    5.202245783747725012e-03    -6.159625096535753736e-04    1.367677338739756696e-17    2.294872029459492238e-05    1.247816809193367404e-05    1.732549991906090632e-07    1.873752869612471086e-09
2.900004366190627820e+02    9.971372652528295299e-01    -1.342361631467476127e-02    -3.627425911227667743e-04    1.684017825719497939e-23    2.096826465439214106e-05    1.171715273213079404e-05    2.342003344014218640e-08    1.056755598627355658e-01
2.899999864499217210e+02    1.002347305750781903e+00    5.210701248101419492e-03    -1.053559355417575444e-04    1.991523236458916826e-04    2.170930049487828012e-05    1.176334771444190107e-05    2.481111190677986865e-07    1.891684658525417603e-02
2.900006117974512563e+02    9.956787373111453121e-01    -7.767952969083916255e-03    -5.681730401006176469e-04    7.166951197254525828e-04    2.116104751618185577e-05    1.136533953211980359e-05    -2.970210240509935582e-07    8.990168862415832962e-02
2.899997716050031045e+02    9.994220289629837106e-01    1.008478362778732901e-02    2.794134447079688033e-04    1.602756349691175847e-18    2.143483063912004577e-05    1.204411958347778419e-05    2.941744588119528310e-07    7.484288388820841293e-09
2.899997776106730498e+02    9.990314239104857164e-01    -2.096482179755682334e-03    8.891004265709308220e-05    9.456597459472982700e-26    2.100450803088547801e-05    1.147887912620510415e-05    3.983944996982630689e-07    3.312128229670533126e-11
2.899996432273816254e+02    9.980096617040705720e-01    -5.172574622078152974e-03    2.185159430253890507e-04    5.240557178178213714e-19    2.173580208891268421e-05    1.205777097615801204e-05    9.750867407597402312e-07    1.766248832444955117e-08
2.900002907740382625e+02    1.000669791856467317e+00    8.610911504250398987e-03    -2.679326209514142995e-05    3.257085983093300343e-27    2.206302014993313264e-05    1.124666051176056850e-05    -4.174443805583545543e-07    6.186474512051638361e-08
2.899997455364671168e+02    9.987240001827819569e-01    6.123053815505834566e-03    2.054920042836520908e-04    2.147852531192466431e-04    2.561062760535978586e-05    1.266725978803495035e-05    7.032503049535822193e-07    5.249261678847187088e-12
2.900002060667924297e+02    1.000449392154242112e+00    -1.146453724488407343e-02    -6.863196566557090966e-04    5.185614312494824787e-04    1.987169340539089930e-05    1.045410887412878310e-05    -6.898926299345321917e-07    1.343708720866689851e-09
2.900002758450714850e+02    9.972155280313010906e-01    1.482187156364417986e-03    -2.710435425052975752e-04    9.264816749131799987e-05    2.485395773192638940e-05    1.243878719824894019e-05    -1.464045901683958820e-06    1.734404299509782012e-11
2.900002835906428231e+02    1.000540062440828049e+00    -6.273068413608938465e-03    3.252666626011768334e-04    1.806108063705608776e-03    2.460960357300538540e-05    1.223870342837555786e-05    -1.043789793445953101e-06    9.471531691811869801e-11
2.900001743673258829e+02    1.002057879896492976e+00    -1.035886850175000463e-02    -3.970202858759565778e-04    1.174645560663813475e-20    2.047386150644089472e-05    1.092262346843518037e-05    -5.302815444781749772e-07    9.966088124565644239e-09
2.900003989955634438e+02    1.002915221811364388e+00    -4.549112073520329702e-03    -4.350238249267023857e-05    3.684092486558742430e-19    2.198903744639047665e-05    1.209654752387302908e-05    4.424696166778660690e-07    1.174795099719891933e-01
2.899997264879379486e+02    9.988589736463423518e-01    3.469705114230011312e-03    -5.520153468135333965e-04    8.657941094790525850e-04    2.178292829557784682e-05    1.119176377877034072e-05    6.275208930994629567e-07    1.388878802897624068e-02
2.900007316654371721e+02    9.983286402606924570e-01    -3.783002401363735803e-03    -8.180764080617944703e-04    5.754046953956332532e-16    2.218887734495081422e-05    1.303306910868913918e-05    3.262970143397506968e-08    1.115959519606990191e-01
2.900004535902983207e+02    9.986862822481502588e-01    -2.837261712420312190e-03    -2.482820895388807101e-04    1.187098838130678053e-30    2.070656811408327122e-05    1.140174030306739652e-05    -3.635804566795493777e-07    2.809370449439516429e-02
2.900001324458780800e+02    9.979982451210616112e-01    3.776562604540146043e-03    -2.582493464703797302e-04    1.146114513123377119e-04    2.157885405759373947e-05    1.166726508774723316e-05    4.535058446943171961e-07    3.470590969073458765e-02
2.899999420967887431e+02    1.003593906212021158e+00    -9.136868488540914350e-04    4.434845829560221165e-04    5.939964176537729407e-35    1.933298192154961446e-05    1.129131409513776460e-05    1.869855563059027544e-07    1.332253840848423128e-06
2.900005390536709911e+02    1.001508566237675701e+00    1.335257351538008883e-02    -7.661056376892554564e-06    4.445326109182302451e-27    1.854458136290568259e-05    1.038773109380730849e-05    -5.038907025545175302e-07    5.979873793175807014e-09
2.900005781131538356e+02    1.000575358701683459e+00    4.531743000459003030e-03    1.091238384640150612e-04    9.535496184482157023e-36    2.116687913161698509e-05    1.160956868730671847e-05    4.128008301146174118e-07    1.204324694765091797e-01
2.900002365926830521e+02    9.980133619515224597e-01    -3.181676283903496667e-03    -7.778584273362753937e-05    3.451754449471778718e-04    2.007398093149291639e-05    1.157685767110904061e-05    -5.576707054268155676e-07    3.687205289358376492e-03
2.900001748212443431e+02    9.992226252233529227e-01    -3.889980359218464783e-03    1.811682028326223859e-04    4.391290737426105590e-04    1.910392935303216970e-05    1.148040984283268605e-05    1.342989756729427504e-06    4.868644435984174207e-02
2.900001778605916343e+02    1.003648933806653432e+00    -5.888652935548298849e-03    8.105923050335701874e-04    7.035096290757621336e-05    2.289734082017301197e-05    1.150368346312228563e-05    -6.857796097047213552e-07    2.983603569436320973e-15
2.900006331929563999e+02    9.984532305255905404e-01    -5.658372838713074740e-03    1.165159983867822285e-04    4.991814428658986302e-19    2.156614337254554202e-05    1.111055873531627607e-05    2.766469994634884335e-07    1.131739898895985363e-01
2.899998368798151773e+02    9.986832727003522869e-01    -2.994587817091450433e-03    -3.801884370231270504e-04    2.297652567834112050e-03    2.326759288277987427e-05    1.237781183012849598e-05    7.229078312507211431e-07    7.032932952255322974e-14
2.899998759892339422e+02    9.975929900168746256e-01    -2.707968110378874277e-03    -2.101203232756912920e-04    1.475643269111812702e-03    2.293352574707855829e-05    1.226456330421485429e-05    1.257858273552337000e-07    5.294094406508307954e-10
2.900001248888832492e+02    1.002290804415079339e+00    -4.415027193553231789e-03    3.256998752410069893e-04    5.412198309336299857e-22    2.335117592273116630e-05    1.297043541325437582e-05    -6.150999817975457680e-07    1.457687203867107513e-10
2.900008907216379157e+02    1.000190381572879872e+00    5.577813238882714866e-03    5.002321121177119015e-04    4.446823026847836050e-04    2.274092134306072914e-05    1.094631029742592046e-05    -1.222087365475910468e-06    9.632166062335988099e-02
2.899998571904214941e+02    1.000091222026452620e+00    4.089418597544462741e-03    3.756884717103996756e-05    4.442867990122715020e-04    2.371833679578583243e-05    1.193725025679859877e-05    2.585302573186262186e-07    1.329913654737649596e-10
2.900000012577757502e+02    1.000144221764645902e+00    -5.947498159633001977e-03    -2.895376521521286078e-04    5.856700521969207245e-23    2.022867543699024358e-05    1.113815042265265866e-05    -1.373631105893648589e-08    1.128551403157979359e-11
2.899999307314647581e+02    1.000688766477041858e+00    -3.470673650198631121e-03    1.056941488895056427e-03    5.864690982595818390e-04    2.107711638177084000e-05    1.184478917128128384e-05    -2.170742475381894333e-07    5.258179609751695944e-13
2.900002802110170137e+02    9.992489062288494317e-01    -8.622823277884885187e-03    -7.982595413427393818e-05    2.740973058644416182e-19    1.916105422450585844e-05    1.044088733193893872e-05    -2.985213552762513196e-07    4.271992896587072173e-11
2.900007347161078997e+02    9.999234347478577201e-01    2.907329176011383583e-03    -9.461122392495518563e-07    6.101449673242352167e-04    2.157841197033731558e-05    1.144354273505180825e-05    -3.717880619252842629e-07    1.672391180939837019e-01
2.900000476438336818e+02    1.000679716536160502e+00    6.945366188754392017e-03    -1.475428423244523667e-04    1.944638550313090722e-04    2.019579511882215486e-05    1.109270667511988171e-05    8.337876106381289099e-07    1.277643005426394585e-01
2.900002206204192703e+02    9.993433686839657826e-01    -5.872862643740442640e-04    2.117899870066934046e-04    8.968438319733187991e-21    2.030676889950931759e-05    1.151922410912234022e-05    -1.113556440462699295e-07    1.686844494273357364e-08
2.899997290948433033e+02    1.001673402342106334e+00    9.447390898003811890e-03    3.889377340462442595e-04    1.050276563039207866e-03    2.205859263253857444e-05    1.172897116151151023e-05    1.013559216143002448e-06    4.141299647501296699e-10
2.900000647672407581e+02    9.995456499159597330e-01    -5.644581914813447295e-03    2.642807762212861242e-05    1.193673047518156857e-03    2.232812321136090058e-05    1.192750584267243612e-05    -2.606482564818915173e-07    5.537249414813571330e-02
2.899996638380640661e+02    1.000403232630363348e+00    2.444597728931085373e-03    -3.466462979509098087e-04    1.448315845261559463e-03    2.204891941008249405e-05    1.171592110385802990e-05    1.229421537231165923e-08    1.478449959280675810e-02
2.900003629380579468e+02    1.000040743659026399e+00    -2.208048974840492833e-03    5.397885051570497383e-05    3.686723588358543783e-04    2.305800098674435912e-05    1.246124991654588608e-05    -9.581567693996502391e-07    2.842864476676953620e-13
2.900000864772526370e+02    9.968959978219698037e-01    1.446315611963545043e-03    -5.735346996322318158e-05    7.563029228359948331e-04    2.111032503576759777e-05    1.112103095686962329e-05    -3.423009017338733248e-09    1.269724288300649164e-09
2.900004174852705319e+02    1.002741335002770517e+00    5.993287411191994436e-03    6.636900026176324123e-05    5.979008562431060991e-04    1.880375967717258425e-05    1.045333875466625675e-05    9.591607878850355470e-08    1.505553129679016722e-01
2.900000591151479625e+02    1.001369886971447798e+00    2.095906511537521354e-03    -2.064090229889940992e-04    4.372047717892072610e-04    2.151002503568585122e-05    1.192976355056780327e-05    -3.920596920018723391e-07    6.492302059221089184e-11
2.900003969639936372e+02    9.989117210605718000e-01    6.084608818924824684e-03    1.445523700518383959e-05    4.376573051442105597e-04    1.954967919983897494e-05    1.143248567503949211e-05    -3.901480921531304776e-07    8.779250835500284988e-11
2.900004133359364005e+02    9.976720596525470164e-01    2.555619385704439167e-03    -2.796149925182251283e-05    7.953746534238009119e-04    1.970998766291152910e-05    1.087799750730138134e-05    4.169330406387987693e-07    7.676868505536035836e-02
2.900001328748919605e+02    9.989646440957287155e-01    -1.222660705586931656e-02    -4.345203488890515809e-04    2.209197555811855942e-04    2.167033814328706015e-05    1.126594780781486633e-05    6.454746831601792667e-08    1.095219041333789583e-12
2.899998652347151733e+02    9.963687326426483581e-01    5.933791088815843461e-03    2.978633076822371551e-04    1.423661504668807072e-03    2.164975368981821333e-05    1.177194134920503011e-05    1.832660752424779799e-07    3.764640186227229124e-02
2.899998643830010110e+02    1.001185740516542300e+00    6.760261767710920924e-03    -6.832096181407710427e-04    3.968207504452259658e-04    2.056457787198607710e-05    1.134759334013627699e-05    -1.058983320217863753e-07    2.625709132270722529e-14
2.900008996663082144e+02    9.985694872669932387e-01    -1.313545052708952818e-03    5.037584046112768667e-04    3.347082016893975136e-23    1.865292065501029381e-05    1.044209810136646302e-05    -1.914060531592773663e-07    2.817361024389032353e-01
2.899997772655007680e+02    9.963617901734731497e-01    -5.107770123992423292e-03    -3.487271258397641160e-05    1.568630347958445154e-03    2.292502335261611726e-05    1.194296132535456803e-05    2.879616760832855574e-07    5.258998265131065511e-03
2.900010530346102087e+02    9.991435389579954585e-01    5.691954161274883142e-03    -1.316630998570650433e-04    8.835905205270644467e-04    2.049342971107727995e-05    1.133560276821660012e-05    -1.799315031247306802e-06    1.302932859736487259e-01
2.900003114495655723e+02    1.003599242547722259e+00    2.938323729231624801e-03    7.757190921710823892e-05    7.611627024992961519e-21    2.227471255075638554e-05    1.146337499375068680e-05    -2.017063055668451828e-07    8.358695628788610776e-02
2.900007103467735874e+02    9.991259928442514093e-01    3.200280026263511556e-03    -6.381431309964001207e-04    1.841776716081247011e-26    2.473657132106376304e-05    1.202998455765103017e-05    1.509182455566427267e-07    9.983142790048991910e-02
2.900008012969079800e+02    9.969367720826084467e-01    -6.336346416335483095e-03    -1.309617170054901050e-04    4.574550268950278750e-04    2.285390456946628719e-05    1.210428052739118742e-05    -1.409052151439634824e-06    5.975781673351245743e-02
2.900005849891286971e+02    1.000077275460192761e+00    -1.174773245310794557e-02    -4.742433602283446640e-04    1.073248030651218930e-03    2.327126140822578600e-05    1.300634186804978281e-05    -4.175047336859585576e-07    8.404890560214656192e-02
2.900004415503595396e+02    9.998457585602084086e-01    1.372763113587133557e-02    -2.202608311369389578e-04    1.682046043496064581e-03    1.827700976809375506e-05    1.055409400687830874e-05    3.204738254165375197e-07    1.796497015101911066e-01
2.899998500876979506e+02    1.000830336982326818e+00    -9.488432553739333669e-03    1.146795085345179397e-04    1.440309114064651031e-03    2.266183851471471981e-05    1.184503985475891191e-05    8.355754119101459526e-07    1.994130473918143056e-12
2.899999924809744130e+02    9.980977589632411551e-01    3.102653603210566054e-03    -2.313497888472250061e-04    2.853799871377020752e-20    2.303073272031857385e-05    1.249008346173862300e-05    -1.009378692359813690e-07    1.107540898522602446e-10
2.900009651333476768e+02    9.963888344595399627e-01    -9.946778899801821464e-03    -6.533786927545048341e-04    3.761117185367912554e-04    2.184551956993192729e-05    1.157118858435264390e-05    -5.606158185173531893e-07    1.212312955611752063e-01
2.900000053156953186e+02    1.000423168263565588e+00    -1.197213022482791420e-02    -3.083594469831311925e-04    1.106628305977598185e-30    2.219003715234852211e-05    1.208211256298913411e-05    1.395339871483105885e-07    5.966956780416428742e-13
2.900004455221828721e+02    1.001061946782806578e+00    -2.478047845493409809e-03    -4.001347451770747915e-04    2.267764590807335150e-03    2.220970570315172497e-05    1.147198620108652933e-05    -4.528146383704003930e-07    8.734317759400508918e-02
2.900000647514122534e+02    9.987672125221388475e-01    3.634034096300943202e-04    1.945505039455453948e-05    2.067198249211868281e-03    1.903166417765034195e-05    1.024149783629750624e-05    1.539494555392429924e-07    5.253021693833267308e-02
2.900001786110825606e+02    1.000509002595806995e+00    8.236574030346962769e-03    -5.858359439760429943e-04    3.911510045526467154e-18    2.069732338567467576e-05    1.157267677972250461e-05    -7.183031939481397847e-07    2.803978916201581061e-09
2.899999548132904579e+02    9.973184265078051114e-01    5.401588729434972196e-04    1.798299891570114559e-04    8.011587143210200344e-05    2.114037504824035256e-05    1.125584611786853507e-05    3.649218640501399564e-07    1.386457483698152187e-14
2.900003298183575566e+02    9.982002693612953559e-01    -9.323779677349238251e-03    -1.156280617732088201e-04    1.012232973435064605e-03    2.175300884676416522e-05    1.222022669416904995e-05    -2.511940802091718663e-08    6.195874608032071740e-02
2.900000277634267718e+02    9.997676985066723532e-01    4.876185413651038338e-04    -3.364743709226473240e-04    3.494367803968526694e-04    2.080997995225336358e-05    1.145272518016629789e-05    -1.338008615935065300e-07    1.847243803145402146e-11
2.900002030629977980e+02    1.001869422761205941e+00    1.855737361795625024e-03    -3.231582212671915656e-04    1.160522558629101947e-03    1.918925502279600421e-05    1.020051986531822558e-05    -8.421328042665452987e-08    8.267098960854020462e-02
2.900002146985474383e+02    1.001475459714051830e+00    1.891984004372762877e-04    1.962367634076581568e-04    9.458178838777464396e-04    2.007593283338750690e-05    1.086920580581466849e-05    4.928277011599023221e-07    5.819834211445204519e-02
2.900008610491083232e+02    9.978577345758400385e-01    6.688438638003071923e-03    -2.392101225940647098e-04    9.470934010238668604e-18    2.470932157012919794e-05    1.281531723274018374e-05    5.877111237802680737e-08    1.462142049622549289e-01
2.900002564328967765e+02    1.002936425537690024e+00    -7.293049853469530741e-04    -7.694588275843891384e-05    1.041589729279020555e-19    2.212818725959668284e-05    1.285107757044797056e-05    -6.884052643344161057e-07    7.002222563123659885e-10
2.900004182820689493e+02    1.000997457252002842e+00    -4.251979377762917216e-04    -4.201052525736691094e-04    5.273338338633270987e-19    2.032209481276445065e-05    1.053808042715100924e-05    4.247949491814716474e-08    9.674459396138999911e-02
2.899997494805052725e+02    1.002795339011435471e+00    -5.519823318217578247e-03    1.089734295948570581e-04    3.475454184721757117e-26    2.465273026896228236e-05    1.270567484665972917e-05    -4.121167582845645891e-07    5.095607491967123727e-10
2.899995036868288594e+02    1.003565892088726486e+00    2.298221963089540007e-03    4.273019039038432072e-04    1.079910809411442065e-03    2.111614462821996243e-05    1.139417591357328236e-05    7.532854778310172433e-07    6.432800374599504864e-12
2.899999723129391214e+02    9.976979148373474882e-01    1.103780501197426135e-02    3.246766371075260576e-04    9.904690914641345583e-04    2.183021301110552896e-05    1.159199239143552927e-05    1.049669414289292344e-06    4.844885072780106411e-02
2.900001448227603191e+02    9.997368582939160087e-01    -7.178756037751071913e-03    -2.907921192609211835e-04    1.148413563120791354e-03    2.431352617150641261e-05    1.274992766093582113e-05    -8.283165917727107992e-07    2.396022483890843102e-02
2.900000001461689294e+02    9.991860796563939440e-01    7.976234624355850455e-03    2.177425385115547827e-04    1.622597821372334984e-04    2.182369952954700735e-05    1.175693294433674992e-05    3.969644738878317207e-07    4.227450476553192005e-02
2.900001259556379978e+02    1.000011194618247279e+00    5.873440999728161103e-04    2.163556085167686561e-04    2.617599883290638516e-04    2.379158159612772318e-05    1.192712764830016141e-05    -4.661219101295313894e-07    1.443106330806839602e-15
