# f_r [MHz] A m phi D delta_r delta_ere delta_eim a
2.900009154187819149e+02    1.000862593579929127e+00    2.230052918763593959e-04    1.024460801374969815e-05    5.255686645350424628e-31    2.196207620118309351e-05    1.013413663079489911e-05    1.949442936859056872e-07    2.147085150495574302e-01
2.900006195196190788e+02    9.990978143518082222e-01    6.170152506472226066e-03    -1.450133564607863869e-04    2.388326829072144010e-14    2.106630499213853363e-05    1.047315264583436219e-05    3.412006718203369670e-07    6.943435219771483535e-02
2.900008004868680018e+02    9.988170303617446288e-01    -8.631067985941056524e-04    2.810421010062569714e-04    1.863144950095328044e-23    2.083792271357792859e-05    1.029194699966836364e-05    -4.696075812543524475e-07    1.750465020238418656e-01
2.900000728619068582e+02    1.000031168408025861e+00    -4.881733077805970730e-04    -7.763673228004253893e-05    4.825747203210916107e-04    1.989649894827813766e-05    9.940363836845899875e-06    5.326044104501795894e-07    1.304374552868863284e-09
2.899998855505194797e+02    1.001193647630784112e+00    9.357726978907934118e-04    1.315609614476988742e-04    2.994076522983479454e-24    1.910982840013416417e-05    9.858180267703895819e-06    1.986195754844517935e-07    4.248854060203147848e-02
2.900002536093610956e+02    1.000983999621921638e+00    -1.117031265513933509e-02    -5.163541658208496558e-05    5.495473984571409241e-24    1.952254422112858475e-05    1.033635327333795180e-05    -4.254345407391786769e-07    2.264430439453713899e-09
2.900000273681929457e+02    9.991292319909778064e-01    1.730236429732359194e-04    -4.771321052530589659e-05    5.813265031889253508e-27    1.979656993894650968e-05    9.753656210810893935e-06    -4.684482175626355273e-07    7.447376281267283665e-11
2.900001492394515026e+02    1.000714634547355875e+00    3.548726198355636480e-03    -2.515089413753188478e-04    1.198181036611790625e-03    1.992295192610951879e-05    1.107336056257527727e-05    1.986043869831878225e-07    3.689528480295405251e-08
2.899999862346493842e+02    1.002546119943909853e+00    -9.399189480094514992e-03    3.571077819045947359e-04    1.022003871251577830e-22    2.148498647993793810e-05    1.011349882797987641e-05    -1.572912469548269634e-07    3.138830797770683634e-02
2.900006481316504505e+02    9.989595437529554811e-01    7.485431531673120641e-05    -3.134986356177294018e-04    4.252058906947971660e-04    2.126577472627392090e-05    1.062721663775448674e-05    4.364488554724647039e-07    1.440695612831280892e-01
2.899999329816430986e+02    9.977545130626381820e-01    -6.927708854977774645e-03    -2.562066459671849951e-04    8.057625795960393633e-04    1.886897026730756182e-05    9.669226857073728304e-06    6.073438338451436057e-07    2.893326183003522498e-11
2.900002405565612094e+02    1.000823421783855416e+00    9.404816915047875883e-03    -1.605782574402962466e-04    1.383745111228747639e-18    1.969499592678199368e-05    1.028712449593200112e-05    7.015056883803391428e-07    7.157264607305484361e-02
2.900005365086518623e+02    1.001201109394343147e+00    -1.964215021214238324e-03    -6.368641685016359906e-05    2.210875100012205988e-24    2.282695825254367139e-05    1.026866790865048116e-05    -1.224838478321441525e-06    1.032286874305488218e-02
2.900005381672316389e+02    9.998205420752053207e-01    -9.542291551115761588e-05    8.964126079940176625e-06    4.646606672731040983e-18    2.120709643308061200e-05    1.021986682276804914e-05    -3.338728247041430267e-07    6.011771645456821800e-02
2.899997505621695382e+02    1.000008912071720157e+00    -1.512581268808022754e-03    2.995514902200631705e-04    2.505655095769125226e-35    1.935160854618011374e-05    1.034838427830138939e-05    1.346889889466690742e-08    4.930041767013471424e-03
2.899999069437886305e+02    1.000884888059978994e+00    -3.013596224106518829e-03    1.638573741627719462e-04    3.985183498606246414e-28    2.132555524507310463e-05    1.042106859081297697e-05    1.304783814523770479e-07    8.601957272723237372e-10
2.899997900784952662e+02    1.000310852470233991e+00    2.290512653247705444e-06    -7.725069864624118168e-05    1.428104483692486572e-21    2.165193127922172763e-05    1.052946117950258662e-05    2.362326958588382313e-07    1.137449660670511541e-09
2.899999233692939242e+02    9.999335483458648977e-01    -5.427962612015475342e-03    7.854951710119915009e-05    9.309767372046776459e-04    1.872136239013086253e-05    1.000878438053934937e-05    1.029229427715285811e-06    5.384827872044160857e-02
2.899997920938397442e+02    1.001592663032728536e+00    -1.256902392981034712e-02    -2.605269889709401539e-04    6.803220446661480587e-23    1.954367032167554603e-05    1.004869454965266054e-05    6.842473441947789880e-07    5.492204623791040734e-09
2.900001605406864087e+02    1.000516072023884373e+00    1.548509222826477101e-03    -1.395740982011857379e-04    1.032610560969236769e-03    1.988216463597069608e-05    9.597665592576935467e-06    -5.462410480048325244e-07    5.507724323527572823e-12
2.900017749323870362e+02    1.000562975331946047e+00    5.862856597898441317e-03    -4.543384999893492794e-04    1.080824556558007124e-03    1.811938641091642797e-05    9.506546482534045174e-06    -1.471311229611552887e-06    3.567535837433084001e-01
2.900001697561728520e+02    9.991466190402980008e-01    4.177584742345048958e-03    -4.427270168402318642e-04    3.967263331749677270e-04    2.020432585854684641e-05    1.026582104215638931e-05    -6.341612646064231682e-07    1.192949761863559862e-08
2.900000973872661234e+02    9.991193908914488553e-01    -3.654664313643586756e-04    1.165282828837956996e-04    4.909508986070969163e-19    2.045924200212245495e-05    1.059849980512441926e-05    1.482306917200790831e-07    2.954750620100440525e-02
2.900013185646828333e+02    9.977663978425607150e-01    -4.063994320160442726e-05    -4.019394125180430826e-04    5.819474938554149598e-19    1.740354135280486127e-05    1.004086807171827439e-05    -5.201885081467510411e-07    2.882367254411795088e-01
2.900002493217616006e+02    1.003024814995257641e+00    2.048780756591647885e-03    2.518719864929355452e-04    2.459238975770852449e-03    1.786707744884058781e-05    9.560563913189764452e-06    5.458423674932685974e-08    7.350849875719091264e-02
2.899998258116331726e+02    9.976570810012692636e-01    -3.413084846453804441e-03    2.059111601244672957e-05    2.407856308586087623e-27    2.105038015500178066e-05    9.632347611591592481e-06    7.914261810001296527e-07    1.051345696625711873e-09
2.900003802203707437e+02    9.978713877338174498e-01    -8.715369207921552092e-03    -2.956885232083673702e-04    8.553892271434751253e-21    2.040128529569321467e-05    9.891562601745730823e-06    -5.637793665008478417e-07    6.131867181414399348e-02
2.900001852399263385e+02    9.995217789681281051e-01    8.320692146776090823e-04    3.063816343809325974e-04    1.246817472510926544e-03    2.129811230188966231e-05    1.075997470883631253e-05    -2.314035766870890617e-07    5.149201381630141696e-12
2.899999239192731579e+02    9.957641315719280017e-01    -1.498852316618709503e-03    3.271180724109246899e-04    8.935663520206452073e-04    1.855997929609655629e-05    9.248594146328956679e-06    6.839361761507471622e-07    7.508440588979282959e-02
2.900000747414148350e+02    1.000105601870148408e+00    -4.112496053718802183e-03    3.855233108986571081e-04    7.265332153891947793e-04    2.109857646763629133e-05    1.025182486639643686e-05    2.056804309069966654e-09    2.622284953549384955e-11
2.900008639375408279e+02    1.006292409741664340e+00    -2.090245799378434664e-03    -3.765672054896576399e-04    1.593597615623405476e-22    1.775369627974502276e-05    9.933583357036368779e-06    -2.958936522468344509e-07    1.367695664709087655e-01
2.899999340201649147e+02    9.984133113959987593e-01    -2.253766504907709321e-03    2.825113163842857942e-05    1.076815421030423886e-04    1.991018119585127917e-05    1.013411910070724236e-05    3.099629351455127000e-07    2.791812388822370461e-09
2.900010548092319027e+02    9.994230318547709935e-01    -1.300046063856662160e-02    -1.762706846866639917e-04    3.353482485175423352e-04    1.959498083035878508e-05    9.506596770032380901e-06    1.633922348504191071e-07    2.700628389583990541e-01
2.899998689176258608e+02    1.000955204053723513e+00    -4.248202590472210591e-03    -1.462031231881492390e-04    6.145985620870428713e-05    1.900885920680155390e-05    9.437331111381124310e-06    -3.358930803480465010e-07    8.189591842760898073e-10
2.900002093832773085e+02    9.977496259679533575e-01    -6.107120004161990801e-03    -9.265089243111602850e-05    7.407178086011467636e-04    1.701436937384338125e-05    9.727666109220816236e-06    -4.522396885113894829e-07    4.136815432971898952e-12
2.900009290972409985e+02    9.991743736651361729e-01    1.320706520224863498e-02    -7.504595131805533420e-05    8.210392913020470262e-20    2.081754933784920716e-05    1.078720807808876281e-05    1.056389508606660681e-06    2.099145355952959924e-01
2.900003672865841509e+02    9.981794632048379690e-01    1.885011377178838834e-02    -4.136019404684230545e-05    1.347785257780838386e-20    2.076472118214198260e-05    1.069662305385612318e-05    -3.598959153059806382e-07    1.005184117195882732e-09
2.900005016495853738e+02    9.975255286242685759e-01    5.731110049553434470e-03    -2.780982697144598653e-04    2.364095619855180543e-24    2.065683936570171991e-05    1.062376421971419335e-05    4.711842659353763405e-07    1.519690467430872827e-01
2.900003830803668166e+02    1.002775993885656636e+00    -9.623004272856758995e-03    -1.712914079235610700e-04    3.265104372379671487e-04    1.878499513485233459e-05    9.819941086046019254e-06    -3.756374303800433434e-07    5.212100484286572716e-02
2.900002519046880707e+02    9.963202017081664863e-01    -8.160331950404027881e-03    4.445257140018893274e-04    5.400716352036018892e-04    1.934972901407102795e-05    1.011478371330266924e-05    -4.903557213910685414e-07    1.816333202501590896e-13
2.900000086526907239e+02    1.004363205989440733e+00    -2.737048032407286662e-03    -1.115818874796877761e-04    1.531488165008654098e-17    2.145968221924332599e-05    1.028282217223907039e-05    -4.681811783657022787e-07    5.570690367443294035e-09
2.899998658157850286e+02    9.998060255934924090e-01    -1.303933071455604283e-02    4.414229805989239633e-04    5.889155356649403237e-04    2.010893285104205659e-05    1.043309520315449772e-05    -4.374302595294851194e-07    5.182739397204346246e-03
2.900009051736097376e+02    1.000504370909398588e+00    3.162529473219645188e-03    -5.306503992373165290e-05    6.318518923650727915e-04    2.143288119474506245e-05    1.042940058269248441e-05    7.490287311330596449e-07    2.602938329791584793e-01
2.899999486254152998e+02    9.983894502941692561e-01    -8.075228761949354572e-03    -1.317885806048153574e-05    1.056606049155473285e-04    1.911168662823115413e-05    1.006176590265121263e-05    -1.181338379344236610e-07    1.128475453638571072e-13
2.900004355011136568e+02    1.001367573102384112e+00    3.368094090311692015e-03    -1.072699200569823211e-04    3.051933455225585797e-04    2.066898902671597283e-05    1.058398912761581567e-05    3.593487451347217536e-07    1.581821562094185007e-01
2.899999485275871507e+02    1.000827456108583258e+00    -5.732655512489077780e-03    8.957192039455167049e-05    1.580410273196876124e-26    2.152727647621918960e-05    1.053961824948634375e-05    1.768361176249154812e-07    3.136017011724753686e-08
2.899998616515543404e+02    1.000489910979414754e+00    8.294894656356910367e-03    2.300648374227868271e-05    4.820824598144534366e-04    2.057853122703505645e-05    9.758329805637049918e-06    -1.218268455782908235e-07    3.538927467755855689e-09
2.900002443406704629e+02    9.982928226549235839e-01    -1.494184914131043394e-03    5.151533773481727611e-05    1.860265847876494512e-26    1.748894929587977771e-05    9.605111710539538040e-06    7.023382677039284659e-07    1.662175634752708353e-01
2.900004019430068070e+02    9.978618203983636858e-01    7.460386392882050084e-03    -1.969796094335807615e-04    1.945835449111710042e-25    2.140134871950836524e-05    1.071192750548371513e-05    5.701566543532521825e-07    1.436497433052180694e-01
2.900000167485441125e+02    9.999053825342752999e-01    -1.072407726516060207e-02    2.254303256281057122e-04    1.158356932861696886e-03    1.913350709749781701e-05    9.697422173208764364e-06    -4.522732496230545589e-07    2.779968027294940704e-14
2.900007210648888076e+02    9.989527660677749443e-01    1.251381299200798880e-02    -4.077526532863996896e-04    5.782676298734717649e-05    2.063835434715664618e-05    9.524603063609762114e-06    3.220149647788852990e-07    1.536647344782872127e-01
2.900002964269190215e+02    1.000645518775547194e+00    4.234360311218903460e-03    2.004266616416985913e-04    7.738880075816542060e-22    1.890497849813346527e-05    9.830787513059543754e-06    -5.415287818886723766e-07    4.396232798363495836e-09
2.899998108524888494e+02    1.003223403924095480e+00    4.735918419586381684e-03    4.110852205784210327e-04    1.502731056143431201e-04    1.947014323061045204e-05    9.848029229530271030e-06    4.701409485598762820e-07    2.391826447523468505e-09
2.899999542404531780e+02    1.000208457210875368e+00    -4.596676309421465073e-03    -2.238441701108967029e-04    3.327093898556340644e-18    2.005078469723187127e-05    1.042612320954378226e-05    2.831813158321564853e-07    4.170437109876492497e-09
2.900006085742340360e+02    9.994374303115328706e-01    -1.261834675400899317e-02    -6.537998974408269672e-05    3.941239737469747747e-20    2.321454880138505835e-05    1.042864095776853905e-05    -1.024517749403972253e-06    1.072817902246772231e-01
2.900005205172192859e+02    9.995238489148766670e-01    -1.315018891828083347e-02    5.134198495443201846e-04    1.023521252484441884e-03    2.090179685730699213e-05    9.553190541549723283e-06    -5.646476200194479950e-07    7.276743215452813329e-02
2.900002159699711797e+02    9.996056917437672329e-01    7.284960570823420262e-04    5.454736497691616665e-05    1.248682817268850085e-30    1.999477957200190115e-05    9.630419725540425259e-06    -6.752945805563681367e-07    1.020010454851632064e-12
2.900003246436576205e+02    9.998614604555566832e-01    -4.392424778225692029e-03    2.067046375534442744e-04    9.567617476039839676e-18    2.277717687028282977e-05    1.051981014611484138e-05    -4.238814641994121208e-07    5.817467568456997864e-11
2.899996994876637473e+02    9.991131985053255393e-01    5.088730119803383870e-03    3.773618561665928570e-04    4.833594528165549277e-05    2.203133160216484484e-05    1.054042984865655279e-05    2.216104602824482829e-07    6.657196706082007074e-12
2.900001184435141113e+02    9.977549745557134919e-01    4.816701069552064250e-03    -1.985532949309135617e-04    3.594804749229349841e-18    2.100791817838569957e-05    1.012065500732952323e-05    8.404227845637527223e-07    3.102074043963101751e-10
2.900004581640430956e+02    1.000061474214097634e+00    8.150486204546700947e-03    -3.953582202613442165e-04    6.042247683676652773e-04    1.999387166366515330e-05    1.030518856090232899e-05    8.582457646695989326e-08    1.310821743208873680e-01
2.900004799300490959e+02    1.000303339487530474e+00    7.694101332077740371e-03    9.744845002002060328e-05    4.472005090944426144e-24    2.213814992684242923e-05    1.079569678711860169e-05    -3.245105604755414013e-07    5.441494957145497774e-02
2.900001060379664182e+02    9.998893917788158614e-01    -9.455894135684091628e-04    1.900297431534833106e-04    7.732634298828329434e-04    1.870193492381616641e-05    9.915188817878644155e-06    3.712861882338737118e-07    7.521111366261841458e-02
2.900003061177222889e+02    1.002535770765307088e+00    4.053633697730058688e-03    1.658902880259773623e-04    1.202633049883175542e-03    2.061571110232644530e-05    9.997480221359627035e-06    -7.557269922091657325e-08    1.037065414064819863e-01
2.900000332397714260e+02    9.971929579689118306e-01    1.460160199046699539e-03    7.896755800139309720e-04    9.521744616322253062e-05    2.047886425330145178e-05    1.010587029820242364e-05    5.076418466807036129e-07    1.190883401862975943e-09
2.899998955384838268e+02    1.000157198439121986e+00    -7.997545950103780374e-03    5.488237626621759666e-04    1.257424915706282544e-03    1.841305510537171366e-05    9.961982576639218475e-06    1.020644056656219488e-07    1.648692248878940933e-02
2.900012819476300479e+02    1.001261203638811326e+00    -1.007248012092655867e-02    -7.390079608113518878e-04    1.193762377782807763e-03    2.123602265410576547e-05    9.977062309711429871e-06    -9.837574395075481673e-07    1.939771754146863980e-01
2.899998560436603157e+02    9.969546712525898524e-01    6.164949266274984130e-03    1.251214405385017118e-04    2.341610848259620410e-21    2.090223294107207861e-05    1.052509130721634677e-05    8.232247192751660656e-07    9.109475819033699036e-10
2.900003798331018174e+02    1.003627994163052595e+00    -1.610433533277230407e-03    -4.258453994522470496e-04    1.665651174065418557e-36    1.951904717077130780e-05    1.005489959755423249e-05    -7.405566682996351442e-07    3.204532071431044437e-08
2.900000618088279793e+02    9.981992606019033376e-01    3.481762435588071480e-03    -3.291771637860083522e-04    2.678512725683499849e-05    2.162084498129553166e-05    1.090796249239262804e-05    -1.167254062900967523e-07    5.523705401650429560e-15
2.900001635517464820e+02    1.001595992891753495e+00    5.251405456499102196e-03    -7.640648143671726093e-05    6.391904222065082370e-04    2.126964713068874632e-05    1.006068008724130736e-05    -8.190590709919269241e-08    3.983705336544460240e-02
2.899999589717217532e+02    9.998121781510204142e-01    -1.111525763267713282e-03    -4.030788123996044761e-04    2.788309071335284068e-13    2.354152985864848370e-05    9.997302767599370213e-06    1.910926387449192473e-07    1.121810401423332937e-04
2.900005221347651627e+02    9.968130576689965272e-01    2.628494487642317468e-03    2.694678589921995737e-06    2.476230478174132614e-04    1.997016893188057279e-05    9.989009107548223963e-06    -1.929260633548652170e-06    1.574385750776181070e-09
2.900002109751063699e+02    1.000367375519580104e+00    -5.377539152932369650e-03    2.842633686695972704e-05    1.622992123256794712e-03    1.976405468470926447e-05    9.683660059511517467e-06    -4.572372877543860606e-07    1.983082169917565341e-12
2.899999537501739155e+02    1.001945260947382899e+00    7.590930349277992886e-03    -5.277291315455554833e-04    1.494128007694555988e-04    1.847720247906048163e-05    9.913442732065037128e-06    8.391626367979798776e-08    1.936683626798394939e-02
2.900001151424209525e+02    1.000660706633915487e+00    -1.523845902001542615e-02    -1.363127100316148619e-04    2.468342093812823067e-04    2.177622310327823553e-05    1.067175795666679068e-05    5.122536795011465693e-07    1.755168819503243678e-13
2.900008407823034986e+02    9.998768959334790596e-01    1.244714381899594694e-03    -3.349139155931419904e-04    8.898288779146377566e-33    2.000690492733309106e-05    1.098038516584931677e-05    -9.626918831916757221e-07    9.776951245539680646e-02
2.900002341476200058e+02    9.997409835016607405e-01    2.031587214982811564e-03    1.156934947476687283e-04    5.333209819255610065e-21    1.868778885683387880e-05    9.707954076587126726e-06    -3.863004861860106331e-07    1.394179969418732644e-09
2.899994323328958785e+02    9.983933190694039839e-01    2.049693226738014107e-04    7.182079245841009076e-05    3.305428255750790241e-04    1.917637126526163763e-05    9.855179161783127914e-06    7.411052267559878015e-07    8.010020654854429588e-14
2.900003777965981726e+02    1.000523765550757727e+00    -3.969066303785837892e-04    -3.815561597856056085e-04    6.813698883914592540e-21    1.959460496230014314e-05    1.056383390477167723e-05    1.375860068707837715e-07    7.040987448969178442e-02
2.899996953024126469e+02    1.003008714945856195e+00    4.586360315600166923e-03    -1.852974649747321230e-04    1.532353977849985416e-03    2.076517095093898739e-05    1.111326673065502771e-05    7.400440508485278829e-07    5.970172893336607249e-12
2.900007391312096274e+02    9.991455940216670273e-01    -9.940940305353930181e-03    -3.592109041763412729e-04    1.616790338976388772e-24    1.854046541519376915e-05    9.622201325317809731e-06    -8.734058057366641968e-07    7.209510588796057273e-02
2.900000048566816417e+02    1.000990857387390465e+00    -1.248663899876961475e-03    1.729332864483631093e-04    6.953306756529235233e-15    1.993438226150777255e-05    1.038165416223806159e-05    -1.586021845457642511e-07    3.597709005349576661e-02
2.900003828527555925e+02    9.995144158715673077e-01    1.008983288569601129e-02    3.924400195517303825e-04    9.329914844764622970e-04    2.317055242179893144e-05    1.079668650019626521e-05    -2.043425715181905350e-07    5.596888478429348570e-13
2.900000318955739544e+02    1.000631474616041849e+00    -5.660435885314380085e-04    1.847818770305129023e-04    8.016816331693565423e-05    1.973910812476259378e-05    1.005394154170832306e-05    -9.971569965369713211e-09    4.865461500785058023e-13
2.900003682105389657e+02    1.000043810703246550e+00    -2.634779141811882837e-03    1.920077990902329551e-04    1.004381040679359124e-03    1.976420866906310693e-05    1.055630567685289769e-05    -7.520323587891149738e-07    5.519626288487165357e-11
2.900006071686174209e+02    9.991722243189817831e-01    5.267106723010390838e-03    -6.259252217299767136e-05    2.318569412203812022e-19    1.878956697142178620e-05    8.994680800979832741e-06    4.352351672537810927e-07    1.626336070949867818e-01
2.900008042066809821e+02    1.001754660306468203e+00    -7.700172408972524168e-03    8.656763795403959755e-05    2.180099105360994464e-04    1.889442088856073100e-05    1.007729924006925580e-05    -4.572258405686206119e-08    1.437217841855943090e-01
2.900000159472053269e+02    1.000268821292713994e+00    -2.974914767148209484e-03    1.994991996541849849e-04    1.879859152617328064e-03    1.883492633746380730e-05    9.476932015981531234e-06    -9.117523902116687781e-08    2.677511816099878600e-11
2.900007735288684216e+02    1.000895165228724126e+00    -3.776435064520467823e-03    -1.195802475681253258e-05    9.703198916645493569e-04    2.291093423196734262e-05    1.110182221904572493e-05    -9.030937287327226674e-07    6.710422780107271057e-02
2.900000020784901835e+02    1.002437736653912559e+00    4.931706317152293254e-03    -3.808838872854152717e-04    2.221724429622800135e-23    1.999323199924459685e-05    9.820469402047590551e-06    -5.113571498910083059e-08    4.883126378326880670e-10
2.900003633032342236e+02    9.988446632499913269e-01    -4.437487955482708087e-03    8.185120932541736425e-05    8.849219021501704689e-32    2.082658731980296357e-05    1.060995090816676243e-05    8.019549949601021990e-08    4.244402354645815438e-08
2.900006231779079826e+02    1.001052747453567315e+00    1.199747323145195291e-02    -3.004516306829087572e-04    9.130960846305788718e-04    2.046038565591698513e-05    1.010599551335096601e-05    -3.576341615070005304e-07    1.445958649637609783e-01
2.900002329232153784e+02    9.994219431695190448e-01    -7.247911857490458307e-04    -1.384416988590933962e-04    1.384119225976032002e-04    1.903405458076920628e-05    9.822639911277441643e-06    1.208622868561812079e-06    1.264845036279969026e-01
2.900000025772034746e+02    1.000642493176107983e+00    -1.136390053943755639e-03    1.430932726336858708e-04    1.274702203342477358e-03    1.883570580160657396e-05    9.006275711596501085e-06    -6.597065918920450105e-07    4.537342429506384649e-04
2.899997511918485884e+02    1.000119383612654511e+00    -2.021002511464428143e-03    -1.303908493363756206e-04    1.047425756053866697e-03    1.809003902611189594e-05    8.946056919568519083e-06    4.465332869509939306e-07    3.163582915159761050e-09
2.900009494594322064e+02    1.002706092085323686e+00    -1.873507623930953945e-03    1.190425011028002622e-04    1.825255826532986792e-17    2.095570947439326492e-05    9.859262528655920511e-06    -7.591396902704351148e-07    1.605662296805348832e-01
2.899998924317517890e+02    9.997374113171446641e-01    -2.236440340977798589e-04    -2.838575912661695883e-06    7.883139040531622748e-20    1.925191482462641459e-05    1.004792776319058155e-05    9.023522446128047701e-08    4.287734009954239332e-03
2.899998327850373130e+02    9.988204866727133924e-01    -8.657344112622557958e-03    1.390119305174965258e-04    1.760226131250409998e-03    1.840866703324534032e-05    9.142794937315383932e-06    1.819386210812012242e-08    8.104155051291455517e-10
2.900002330890641815e+02    1.000920530452304558e+00    4.769994156295233973e-04    -4.270787420513872214e-05    5.377434880868522648e-17    2.025359462894749861e-05    1.008196478870162106e-05    -4.697682741681895648e-09    5.520554714754310340e-10
2.900001804215683023e+02    1.000322393995850323e+00    -2.509102261698721321e-04    5.368472015030593470e-05    7.005480984633505831e-06    2.015124498405458872e-05    1.059386085825415098e-05    -3.424134952982928359e-08    3.082386787707466769e-02
