# f_r [MHz] A m phi D delta_r delta_ere delta_eim a
2.900003986698455947e+02    1.002131660389047552e+00    4.215824481592412611e-03    -5.739093033051677079e-04    1.757225082137334757e-03    5.281921165205130333e-05    4.410699470951895748e-05    -8.648098934634762672e-07    2.321420145087430345e-02
2.899999021995644739e+02    1.001140721082232954e+00    -1.543094589682237130e-02    -3.181019034663313660e-04    2.715084944075435436e-03    5.275607277942169797e-05    4.351424264441859283e-05    7.042287700919402766e-07    9.119964948086265247e-03
2.899998144942942417e+02    1.000052851742093241e+00    3.096107840558305537e-03    -2.376971239312774696e-04    6.503111272428379560e-17    5.454999566725007290e-05    4.494545804810586438e-05    1.507627886861948472e-06    1.470912823796894742e-08
2.899999358230231792e+02    1.000844680986394009e+00    9.846956647055051057e-04    -1.215519892069765742e-04    1.939672156101161869e-03    5.598788660920376963e-05    4.504739507957730683e-05    7.718339278677209870e-07    5.152213225940953650e-15
2.899995703850528344e+02    1.002654113844066330e+00    5.954267418871723831e-03    3.827911750676553880e-05    4.716854202421261874e-09    5.501063491608810564e-05    4.476905669225748078e-05    1.530747541454767112e-06    2.488791925074739324e-12
2.899999024072934617e+02    1.000208521981401200e+00    8.018347521267145004e-04    -4.755526655880898277e-05    6.390623391631059555e-12    5.447708013547379824e-05    4.479715639785843443e-05    -1.593952061819299038e-07    6.479475786444035856e-12
2.900000191594473335e+02    1.000003450096967672e+00    -2.250292644220279210e-03    -3.845566983811472741e-04    5.580155942770441698e-11    5.736464968566021831e-05    4.460899719356871022e-05    5.245883174674332234e-07    1.255982769729791292e-10
2.900000002594254056e+02    1.000426083061740190e+00    -2.965574990579908365e-03    7.605381450858004718e-05    1.420338493968222059e-04    5.379283834563848397e-05    4.495683275368359130e-05    -7.591046098269538771e-07    4.206684483971542167e-10
2.900001438694937406e+02    1.002061011914623156e+00    -7.339115338700361382e-03    3.333147139556217557e-04    1.967053181903878426e-17    5.323009968133853161e-05    4.575889692574240203e-05    -1.333688442077681272e-07    9.269589913656595998e-11
2.900001615403326696e+02    9.983434653321903163e-01    -4.216079127101941132e-03    -1.996543941758194090e-04    3.736769202765461872e-20    5.434150870674505669e-05    4.377869840993455375e-05    -1.651041939773893279e-06    1.598859958277071112e-10
2.899998705745978782e+02    9.976107315307380929e-01    -1.390702778388728383e-02    1.664102070532376204e-04    3.016932342833208498e-10    5.646322267774647920e-05    4.589497194453649633e-05    -8.122374276757035497e-07    2.811526563600800843e-11
2.900002541648935903e+02    9.995883612447857836e-01    -4.531268383818058687e-03    6.022206947734957787e-04    2.448997661739476649e-04    5.569678659315842995e-05    4.583363373126867450e-05    3.822860290577765528e-07    2.986053818883134189e-02
2.900006079487729949e+02    9.998145808334147899e-01    -6.724761253431308164e-03    -1.762483275993062949e-04    1.086749556152041439e-03    5.425135227394329180e-05    4.418349446898543769e-05    3.973488454552884018e-07    3.868877447319797602e-02
2.899998159449608011e+02    9.990085792225088523e-01    4.071313834358886684e-03    -5.745738499751516662e-04    1.060516212232146850e-03    5.656623579102066052e-05    4.637747213324057075e-05    8.337919600688039766e-07    7.554425564277363159e-16
2.900004250147168250e+02    9.962741861245151265e-01    -1.116947572482588670e-02    -7.761083345184012234e-04    4.524054634997342153e-04    4.985896531553484575e-05    4.169057140837407674e-05    -1.156720187350783171e-07    3.426105884106835781e-02
2.900002861131274017e+02    1.003181215351783617e+00    -7.393505280767087183e-04    -4.710499216545242611e-04    3.907537003999634272e-04    5.382132462035569366e-05    4.422076802604383146e-05    -1.188479801039712165e-07    9.171500693987021298e-11
2.900003385029672813e+02    9.994178841731674590e-01    4.145458210602921689e-03    1.892648523163325788e-04    7.175807399668553378e-26    5.464787927752690782e-05    4.445427249942313704e-05    -8.605201045067911138e-09    2.276601971470289203e-12
2.900011644133762161e+02    1.002169138344501276e+00    -1.175627263462810865e-03    6.520193221901061844e-04    3.486119525556180153e-04    5.873513288463537608e-05    4.635625673578862218e-05    -1.164619167677184635e-06    5.107369279614092095e-02
2.900005651497286294e+02    9.985698068161107388e-01    -4.093042242934242896e-03    -2.909943117103251805e-04    3.296966260458000352e-04    5.340722974567810815e-05    4.406124190361469702e-05    -1.871373465770623353e-06    9.220265722091676441e-03
2.900000158866471338e+02    9.969488434272457678e-01    1.041228873373590408e-02    1.316591619454038993e-04    8.307238011760266798e-04    5.583109856323677684e-05    4.407155908527207516e-05    -2.286311331962337478e-07    7.456469115751871921e-03
2.900001771518845430e+02    1.003011833319615853e+00    -4.162795890900464028e-03    1.896753854388870950e-04    5.470287535525316865e-07    5.437627089533175631e-05    4.513186176022611123e-05    -7.010743711360788514e-07    5.668597951891417297e-03
2.900009067885318927e+02    9.987107945895999928e-01    -7.853285298609014248e-04    -1.098741964673227424e-04    1.254877328997115954e-03    5.460545699171653948e-05    4.364315842772641807e-05    -1.567755027704530100e-06    3.165759421130352746e-02
2.900004043634376671e+02    1.000180918817751508e+00    -5.738824274375539441e-04    -2.739952305856296053e-04    2.146942580276938687e-03    5.392593716511847435e-05    4.339035757785474626e-05    -1.596069840893342276e-06    4.203302185479744764e-13
2.900003068746721624e+02    1.000406777266261038e+00    1.442628277443847723e-02    -5.111397970077858049e-04    6.027210030391590579e-04    5.672781189948716943e-05    4.552837121272122181e-05    6.407755297244342773e-07    2.872333607723099105e-02
2.899999487211671294e+02    9.986893548720064961e-01    6.285552557139061254e-03    -2.335432320498788883e-04    3.212297055991059158e-26    5.772645997582706297e-05    4.629841914429613076e-05    -1.175895884612886875e-07    1.303979642048852684e-11
2.899999429194040204e+02    9.978924433741014344e-01    5.421384781955912793e-03    -2.663590127300914786e-04    1.689955212681707028e-03    5.358000951683655652e-05    4.381098606409796419e-05    4.040671113425949627e-07    1.552406224153627008e-02
2.900006341798994072e+02    1.001119026214596586e+00    -8.757403574820191855e-03    8.580105343801224882e-05    2.336834551234733521e-12    5.636660204301060053e-05    4.455300429800797257e-05    2.726396779693258481e-07    6.214928334545348487e-02
2.900005495108330820e+02    1.000087963735337038e+00    6.674938780470280469e-03    1.180739373739232934e-04    1.334542196381248696e-03    5.721054871361986601e-05    4.617464322516577326e-05    5.729007691253956957e-07    3.448700124172068837e-02
2.900006958963919601e+02    9.999523330823190115e-01    5.170529952002486489e-03    -2.783004213475104185e-04    1.342036407249969218e-03    5.375981309680556128e-05    4.253827601751384950e-05    -2.684126041307725561e-06    2.307595831865818375e-02
2.900000061150900592e+02    9.994805424010599904e-01    4.103514875244286390e-04    1.116156775007009480e-04    4.367932827597781472e-04    5.400207263388461345e-05    4.388707595429357667e-05    -9.146403649521421524e-08    1.458642169992639116e-15
2.899998689973787123e+02    1.001903855257386899e+00    1.065699068057831232e-02    1.562589368720391158e-04    2.341513328973842393e-13    5.454261559571048883e-05    4.501952910451641605e-05    4.498307669186457957e-07    3.220663342029807660e-09
2.900014017183922874e+02    1.001474204476975993e+00    -4.954127010935979562e-03    8.228535004579427709e-06    2.087561088143923619e-13    5.579113233589069439e-05    4.506818039385015621e-05    -1.683072639357560758e-07    1.115424560660981806e-01
2.899999138904856864e+02    9.999820825603616958e-01    -1.843032761151008631e-03    1.487347696396863761e-04    1.890294937698381295e-11    5.368504796623323801e-05    4.355048108502242681e-05    2.824013841212687330e-07    2.326002343470202557e-02
2.899997456017206332e+02    9.998073885441204345e-01    1.492166728652920445e-02    2.828295709314968616e-04    9.701941381302476523e-04    5.353712158499123331e-05    4.441715760778914310e-05    1.026056634101984285e-06    3.036905980923606185e-10
2.900000449678084351e+02    1.001089009566186849e+00    -2.773416941020497104e-03    1.703271283481669850e-04    2.667743967632186338e-13    5.444501998217898180e-05    4.442487956314165371e-05    3.862255204337099191e-07    1.897317546681669131e-02
2.900000441446765649e+02    9.995838268635732771e-01    2.035749177185957638e-03    4.198344645330356873e-04    2.539941722773119464e-23    5.272409625653166112e-05    4.355606651088847264e-05    6.623355332510259786e-07    3.670660213678140819e-15
2.900001613795346316e+02    9.988862916789368329e-01    -1.163569489885234350e-02    -1.937922799926304303e-04    2.077059603296506884e-18    5.591805822435497295e-05    4.533698514599540050e-05    -1.113289244951820606e-06    2.574135138385311832e-10
2.900000507908881104e+02    9.993470798390995391e-01    2.547355860355387906e-03    -5.458467342792981767e-04    8.808793443107420250e-14    5.381707125887116221e-05    4.461987564181190856e-05    1.090708534006106717e-06    3.114009401563831578e-09
2.900004055958679032e+02    1.000160786539588287e+00    -7.384739233618977869e-03    2.081544878920074204e-04    1.110399794901350671e-20    5.267295113945581070e-05    4.329792674995982941e-05    -1.701795728770508305e-06    2.711448126137725309e-11
2.900000908305323151e+02    9.999983153099738509e-01    5.581862379330406430e-03    -3.876981530704831690e-04    5.940427129005332441e-14    5.554969959789479923e-05    4.464050840740534706e-05    -5.875478366104433858e-07    1.370440452229699063e-09
2.900000700275555801e+02    1.000291486954598463e+00    4.073282825415924964e-03    4.628853513348004018e-04    3.239150457299931206e-04    5.466395288676937611e-05    4.482135803912684651e-05    -2.979787692749557423e-07    3.564305749854510882e-18
2.900006964221854560e+02    1.004921828256807537e+00    -1.104868806094830595e-03    -4.914562226289772434e-04    1.009700311255746893e-14    5.662826441860840840e-05    4.532472106458075383e-05    -1.428137236936294822e-07    2.709517274962192426e-02
2.900014948481932606e+02    9.985295490874483981e-01    9.286255608611345552e-03    -5.772738368258097108e-04    6.482356980760086057e-15    5.639196793182478187e-05    4.472637315994406460e-05    7.344672903850410093e-07    1.333741300570945587e-01
2.900013226457078872e+02    1.000232440011395108e+00    -1.506245394211435870e-03    -1.343789075590973658e-04    3.439272107060506930e-09    5.418631606723384701e-05    4.447708273145150573e-05    1.208649238611625605e-06    1.091213847004770116e-01
2.899999471148026373e+02    9.983892145685474562e-01    -6.945938129659648061e-04    -2.391238257740334024e-04    1.358360331409176006e-03    5.517713818549554110e-05    4.398903546231236906e-05    4.033431193456760472e-07    6.286029160636963023e-12
2.900008328798557500e+02    1.001650742308905384e+00    -6.782049031207246920e-03    2.817593722617582204e-05    2.676975285985306624e-14    5.545776575496730358e-05    4.452178675520930339e-05    -1.182797614659013713e-07    6.302211975158686363e-02
2.900004197451498840e+02    1.001250668284570988e+00    1.350693216906209866e-02    -4.063107056461739980e-05    2.369771025675763282e-03    5.430244090355567922e-05    4.367818377986977177e-05    -4.352291369812961954e-07    1.020719576579856277e-12
2.899998095865286700e+02    1.000566565830998345e+00    -2.930571189888407477e-06    -2.318470233389147356e-04    6.397226128938025123e-18    5.307239848610337707e-05    4.319919900346584396e-05    9.540575790861384470e-07    1.780862037111170537e-11
2.900011863937075418e+02    9.993386734110885072e-01    -7.853374049317447467e-03    -1.531710811584738633e-04    3.188414407184971772e-09    5.546244336372492989e-05    4.568852407186047314e-05    1.670770908010456076e-06    1.192507029644305772e-01
2.900004061593998586e+02    9.975430681461944227e-01    -2.384771937111561249e-04    5.654415551573836149e-05    1.567648358321620684e-03    5.586427078825725417e-05    4.439871540737399077e-05    -4.103769515026617535e-07    3.079657184682704427e-02
2.900004874719653571e+02    1.000145858342999627e+00    6.542659434193948305e-03    -1.041754928745449810e-04    1.777033560966402488e-15    5.430318629794688898e-05    4.566022111493923805e-05    -1.750955575183699787e-06    5.269747306929722842e-09
2.900010522581928853e+02    1.000762762806013173e+00    3.107024769841393655e-03    -3.543295143611128540e-04    1.360689359361129442e-12    5.405487146974473714e-05    4.376583287412925461e-05    1.038171500356970415e-06    9.010079532340957431e-02
2.900006618531504614e+02    1.001660627211025334e+00    3.736225455473502800e-03    2.750556015872661830e-04    1.697427188910680158e-13    5.479897668503940313e-05    4.384096394682217117e-05    -1.340636145143074729e-06    1.907036578641928271e-02
2.900003717588833752e+02    9.983779832179895397e-01    -9.305881711848543875e-03    -2.953958198002370539e-05    3.585304551943750023e-04    5.396781010245117191e-05    4.482439468832112546e-05    1.253551243127806691e-06    4.045819890238076810e-02
2.899994946615362323e+02    1.005285824882721446e+00    7.852955371371990456e-03    4.385285545485607581e-04    1.653136186755802993e-20    5.520877338801475986e-05    4.578691188085564750e-05    1.155997004522649781e-06    1.324035658409748180e-12
2.900004141423295891e+02    9.991848885297074379e-01    -1.219923993310225406e-02    6.482762453553348565e-05    7.522285649449085194e-11    5.448214110863955492e-05    4.489043536976646865e-05    -7.109881314591033840e-07    2.780332274241293245e-03
2.900006030674871340e+02    1.000147994486475733e+00    -9.499501071265783678e-03    2.947529178809923630e-04    5.010735061129930864e-04    5.581627015172702723e-05    4.510021366812090783e-05    -1.822082902423407113e-06    1.828470387399484232e-12
2.900000742554497606e+02    9.982572702975753831e-01    4.898465637120763549e-03    4.026871648473997708e-04    7.012439664779423489e-10    5.522430963224138762e-05    4.591015191031147763e-05    7.734405445432728875e-08    1.301773650163869783e-02
2.900006150705432901e+02    9.976861805085152080e-01    -4.673819442691978625e-03    -2.306366931165228001e-04    4.561456622404074700e-24    5.471994350399126669e-05    4.393287182058610001e-05    -2.700439018109382332e-06    6.538206354161609336e-11
2.900001988183507251e+02    9.988025205761679182e-01    2.871022955850798669e-03    5.767493331251303352e-04    2.845018702184839076e-04    5.382489678836694660e-05    4.409103561383447451e-05    -4.082520388262467065e-07    4.346885986714224567e-10
2.899999042576636725e+02    9.997384676104796863e-01    7.748128466596637155e-03    2.001475158478953169e-04    4.306449287535342670e-15    5.667905983236476116e-05    4.507201345358904384e-05    2.012266924205611389e-06    3.518613119209299672e-02
2.900003371114644892e+02    9.988266666696341556e-01    -1.519422056671509806e-02    2.354692089301283842e-04    1.078633942348965853e-03    5.375527204807876259e-05    4.272545307751561121e-05    -3.596240434449409430e-07    1.051900459741832421e-11
2.899999380236668003e+02    9.996788815276383966e-01    1.541494231935996041e-03    2.244587869555139897e-04    1.849083175678911586e-03    5.553572262732721484e-05    4.470081851139699562e-05    5.300238797551380448e-07    1.902077552130539487e-13
2.900002493902515539e+02    9.989714093355703817e-01    -7.216255735589992108e-03    -1.079892406466401194e-04    6.401458116319275237e-18    5.400406816674910082e-05    4.408512888511163769e-05    1.461667802400829231e-07    9.833592022922759551e-03
2.900001595566649257e+02    1.002251842771528567e+00    8.606218342385949785e-04    1.631560593892543865e-04    4.378758275132543765e-04    5.238044871447858830e-05    4.447407140927724903e-05    -8.397258721655140730e-07    1.944951094765103364e-04
2.900003328355749659e+02    9.994612182321562788e-01    -4.873580603003417784e-03    3.031357161053284681e-04    8.574121595311928307e-22    5.394704411706331167e-05    4.457363032999239971e-05    -4.914151867904919725e-08    7.751756688297401798e-10
2.900001103333430024e+02    9.962166905558410557e-01    -1.137550415922773325e-02    -7.284503669253259588e-05    1.456896079106342196e-03    5.176425347646307319e-05    4.366043531531902132e-05    5.177735828821359320e-07    1.483468094398760666e-03
2.900004897974076243e+02    9.996764950378161929e-01    -4.883298575448720251e-03    -3.419010271739492124e-04    7.468992927025358734e-15    5.433949558999716400e-05    4.501520522240110678e-05    6.222791667302095310e-08    4.782225219921819315e-02
2.899996647128920699e+02    1.000399237611611092e+00    1.138687227028745315e-02    1.788657845741008126e-04    4.834956748096255145e-04    5.406161157984035561e-05    4.246135701309866194e-05    2.525376772823076753e-06    8.358666705958109396e-10
2.900000142629940001e+02    1.001596252959201960e+00    -3.795373002182691850e-03    3.650196075330937209e-04    8.504143475386500596e-04    5.324641066946164426e-05    4.281427014289143493e-05    7.046871690104001285e-07    3.281161866805412475e-12
2.900001049244338560e+02    1.000318515151023213e+00    -3.157810068072396288e-03    -2.337188059726919074e-04    1.261958344456176319e-05    5.549901609312853714e-05    4.419471094014263698e-05    -7.156063110740435957e-08    1.302169189144927394e-02
2.899999852485061069e+02    9.986206004704123451e-01    9.393454013599563182e-03    -1.218932631519241948e-04    3.607164699253326555e-16    5.291320469259081210e-05    4.504883143798738053e-05    8.755343067322660793e-07    2.911275076465443847e-03
2.899997586132159313e+02    9.980820603824730464e-01    2.625473837489589526e-03    -3.890524985596806963e-05    6.208998008664946083e-22    5.102539485284499391e-05    4.237356166945214798e-05    5.445258167163677217e-07    5.944893003995057632e-12
2.899996059247781659e+02    9.993897119913328631e-01    -2.105040981253460727e-03    3.354122639868967480e-05    7.613669945133916763e-16    5.737836507881242145e-05    4.572238745071676726e-05    2.318095879189771728e-08    1.288539248099890272e-06
2.900001085056803731e+02    9.991490408858574312e-01    -2.462110104129695744e-03    -2.257320282628195204e-04    4.246099143327842357e-04    5.400403826972811861e-05    4.290722246434411385e-05    -9.064034633410085085e-08    1.632590834270669210e-12
2.899998539621619216e+02    9.992543397869957378e-01    4.417424383078782761e-03    -3.943789761057017707e-05    5.481311493299454022e-20    5.663875583820969723e-05    4.422542081421838248e-05    -1.133842205550742250e-06    5.015994927888649202e-09
2.899997847409057954e+02    1.001358136365678053e+00    1.184447856484176741e-02    2.280240970808315455e-06    2.363140661292445900e-15    5.426835095315011605e-05    4.455372735943357991e-05    1.446059697685220887e-06    6.100749487969750588e-10
2.900000466999513833e+02    9.982580514519863168e-01    -4.282675515049634563e-03    2.356232272535181856e-04    5.463192462086094610e-04    5.293571297908740463e-05    4.194194710132517209e-05    -3.225392759983944449e-07    2.645388489609276064e-15
2.899999422693173301e+02    9.986343577425224050e-01    3.523529565337235863e-03    -3.402719798239334237e-04    2.047715432097048771e-14    5.287595082410353141e-05    4.423025412030834823e-05    1.173173935463576946e-06    2.089167106820979410e-15
2.899999841914264493e+02    1.002268385583676036e+00    -4.804459371955237951e-05    1.122603348663544121e-04    7.315988272189577718e-11    5.578043396958103274e-05    4.455859722774022628e-05    1.809062419667535775e-06    8.024812276387036328e-09
2.900007388692561108e+02    1.000876140780214696e+00    -1.217653422893234284e-03    -2.886919397328190583e-04    1.496571930125013303e-09    5.467446940336993214e-05    4.399460901189799925e-05    -5.259258139067309332e-07    2.823812136323796546e-02
2.900011356236067854e+02    1.002706166544292676e+00    -1.498595135526205845e-02    -2.938693340351305442e-04    3.436033958910851323e-16    5.340149907308103792e-05    4.362406434150714634e-05    7.400893112362887813e-08    8.715396175412308544e-02
2.900001478290452610e+02    9.981511140598661180e-01    8.061160026642940832e-03    3.528318219219151011e-05    1.592945877989463809e-04    5.511904260307341145e-05    4.527503671311305505e-05    -1.309192255348687108e-06    9.134684106305827542e-03
2.900001115581350177e+02    9.957952941647054690e-01    5.374342457813527374e-03    -4.261054033013213487e-04    7.085029264704274218e-06    5.306316186609315750e-05    4.405272553208417722e-05    -1.303663360599718359e-06    1.333042985849798357e-15
2.899997335534411604e+02    1.000179998500147827e+00    -3.444752136711930549e-03    -8.235852928205262050e-06    1.491905804244258321e-12    5.396152372559847319e-05    4.484467247901325021e-05    -1.979963656534983287e-07    9.308345313304636603e-11
2.900000016589843881e+02    9.990333207049781894e-01    -1.656896420850924659e-02    1.429117601689214570e-07    1.330485788698041729e-03    5.294069530567274294e-05    4.397449123311758127e-05    8.404352100275295919e-07    9.643676387949420692e-13
2.900008293434739812e+02    1.000277547189112104e+00    4.490175462672912898e-03    2.927927736780305476e-04    6.367522331698684821e-04    5.382728616908885095e-05    4.370412690153214992e-05    7.662371810025553419e-07    6.612187196477058160e-02
2.899996975361405589e+02    9.999620129958096681e-01    -1.092311414760732506e-02    2.923274410697022409e-04    9.502372448339449365e-04    5.705071856074967027e-05    4.570308598205361606e-05    -5.360705153492115909e-07    1.176838218753173057e-11
2.900005490174058309e+02    1.000923571639773746e+00    3.444595131634028713e-03    -4.522855421163411542e-04    1.583036714608993629e-03    5.696574242939729868e-05    4.461609669081071397e-05    -5.660063956513090140e-07    3.283426210902423703e-02
2.900002306860486669e+02    1.000277545964602943e+00    7.973879351066977912e-04    -2.361939849094617540e-05    1.005881077051172003e-03    5.550472496828593355e-05    4.448732646180491874e-05    2.246131443168006659e-07    3.443059429474980282e-02
2.900005167497614025e+02    9.996313181253215774e-01    -8.379978966625895379e-03    -4.197416027429562050e-05    1.000464482012569078e-09    5.408641786664909621e-05    4.393053068132128256e-05    2.952429442814022659e-07    4.710637261814848431e-02
2.900003269143147691e+02    9.962823083929484014e-01    -2.655599103901961928e-03    -3.838438970916824376e-04    1.048752593907200315e-17    5.133432439885395716e-05    4.257050398709596740e-05    -1.835859638872595118e-06    2.770747747256781517e-09
2.900000801620334983e+02    1.000567098283897893e+00    7.001504889226304110e-03    3.058472498676118858e-04    3.146703461486160310e-04    5.349002777136061448e-05    4.446451182730400256e-05    2.415752833784666145e-07    2.515829074913402980e-14
2.900005299550169298e+02    9.997560064199846330e-01    7.455188070164075684e-03    3.039713905845706142e-05    2.468166676571734922e-13    5.206190202015836349e-05    4.435307592226597881e-05    -9.890151397071356559e-07    1.630806061664950499e-02
2.900000304726628997e+02    9.989910032343751745e-01    -3.963764254393240677e-03    -2.097042750844776949e-04    2.847572925249192838e-04    5.332543119777054567e-05    4.506443020321834606e-05    1.709738754631105497e-06    9.506031398682796903e-13
2.900000210398669651e+02    9.996618564922548078e-01    2.800573922604476101e-03    2.869153085646008520e-05    1.638435172958395468e-26    5.531469894244667071e-05    4.498755597690096668e-05    4.047006025176367407e-07    5.655088809557597373e-09
2.900003125953595031e+02    1.002321003406765776e+00    2.393178774510363108e-03    5.540298353964104045e-04    2.638309072856701286e-14    5.354561046643660727e-05    4.371510528238060960e-05    1.725343691188554416e-07    3.756130132701370611e-02
2.900003110098075467e+02    9.994458016521499122e-01    -1.329244134010131723e-02    2.994327688933732623e-04    1.901574324954716623e-03    5.487116888838759944e-05    4.526717109828323852e-05    2.517914995993497053e-07    3.065629562496924310e-02
2.900001393351143975e+02    1.000793321472648989e+00    8.473894280471998969e-03    6.683659235224545568e-05    1.180624306655131753e-03    5.566782621644257329e-05    4.568627457509042984e-05    8.984045490142489293e-07    1.663064146607465960e-02
2.900007527485395826e+02    1.001966273686960118e+00    -1.476874914846599066e-04    -5.845327028683906394e-05    4.894549339376518998e-14    5.433712295187447612e-05    4.473470258206928041e-05    -1.048737074040505995e-06    4.754739016669144724e-02
2.900008048390191675e+02    9.996526882767015065e-01    -5.808677537052560347e-03    2.025903648917243088e-04    5.434542050908726522e-19    5.489017731224126964e-05    4.402183620526722450e-05    -1.448211067625786646e-06    4.455113754265295489e-02
