# f_r [MHz] A m phi D delta_r delta_ere delta_eim a
2.900000103557722468e+02    1.002043286154600255e+00    -1.455284692156636091e-03    -2.108091233643538415e-04    2.549055023171393362e-18    2.304752846705237715e-05    1.387541411271422126e-05    -5.351291409105297186e-07    8.788728690004585747e-11
2.900008864512897730e+02    1.001878911300254194e+00    -7.101659611800875335e-03    -4.667158722687366574e-04    7.763150753166750562e-23    2.668459573167778829e-05    1.516333473719726239e-05    -4.413268614450410008e-07    1.807320237569325638e-01
2.900005531027350685e+02    1.001498471812879654e+00    -8.026553388920595888e-03    1.183936808248585968e-04    2.585200065199858121e-22    2.394114929419123005e-05    1.436309378713282936e-05    -2.554985051143042985e-07    1.395183701139356414e-01
2.900004977360991916e+02    1.001664093298788805e+00    1.014321363400088119e-02    -2.547049978169522934e-04    1.507881892846909286e-04    2.639157079562036938e-05    1.466109068630916745e-05    1.680178619542301960e-07    6.801928016739237914e-02
2.899998244820748141e+02    9.989196746832231799e-01    3.777104539313826982e-03    -6.483461440202975892e-04    3.062836653233919418e-04    2.452492632146613462e-05    1.457020182227547280e-05    -7.486312764765754882e-08    1.036908602748349211e-09
2.900002051293518548e+02    9.985470617515981306e-01    -1.744841916512007707e-02    -7.527785328694937895e-07    4.672667437974785593e-04    2.590015039702069319e-05    1.436336113107798306e-05    -1.168033692529818165e-06    4.527408674545721273e-09
2.900005382735022295e+02    9.965002612274591609e-01    5.831316026944588504e-03    -6.773502807374197051e-04    2.662951167098269970e-21    2.183686747445684939e-05    1.321622213475458080e-05    -7.116154245809773700e-09    1.276327747464816031e-01
2.899999973966607740e+02    9.994719196479923129e-01    8.035311036084746145e-03    -1.014104640145801296e-04    3.701791567209168146e-19    2.568788712683381186e-05    1.484365510530686644e-05    -4.630731666711844341e-07    4.744000912421540924e-10
2.900006181650492181e+02    1.001357377519054292e+00    -4.150367883096380169e-03    3.059358203214960787e-04    8.478026185827859182e-25    2.478878787527476722e-05    1.494291339847291566e-05    -5.262236589664133385e-07    1.267455341637967747e-01
2.900008500303287065e+02    9.996199911341936417e-01    4.284266660477343072e-03    -6.235647440884472788e-04    1.705560284125175923e-03    2.411261141387805549e-05    1.394525830139767726e-05    5.180133360139659279e-07    1.496807339196519204e-01
2.900002804731302035e+02    1.002120895348316276e+00    2.019858429901517840e-03    2.798901967581163494e-05    1.821035769422543244e-18    2.548268095362986283e-05    1.484298054169535778e-05    -4.232489235148517640e-07    1.577577882552324419e-10
2.899997433922768550e+02    1.002000130337291628e+00    2.615697653485852398e-03    3.106835496295071836e-04    1.134383698943791608e-03    2.839443522245027897e-05    1.578653009682948695e-05    8.382692107506907790e-07    9.613806566513138557e-11
2.899997113484135411e+02    9.965407782905518763e-01    -8.111679357935828658e-03    2.662594368710203435e-04    1.190232132530257089e-23    2.283084684544181366e-05    1.454510277556841786e-05    6.130276032781698197e-07    1.589055737887950578e-09
2.900008007447758587e+02    9.995822613516185395e-01    8.454192345190200339e-03    -4.369590379406832034e-04    4.641211101818681430e-17    2.429932658263653645e-05    1.467245294311152269e-05    3.358627930588835713e-07    1.652102016140293006e-01
2.900003911959809670e+02    1.001305867417787487e+00    -2.277260569959651225e-03    1.345420900229721229e-04    4.168251887298140250e-23    2.379428003314565162e-05    1.454165383033358916e-05    -9.357490507890003573e-08    1.160793526958449741e-11
2.899998556075989882e+02    9.993793889860832502e-01    5.513843026770000322e-03    -4.233126985401198606e-04    2.177360300224266176e-31    2.708489051967769972e-05    1.510781418548464992e-05    7.164368790247878992e-08    2.028702292264141299e-09
2.900003372679199174e+02    1.001203525246745496e+00    2.285846181504059844e-03    3.865609917977512792e-04    3.438231336460095403e-31    2.503139215419882815e-05    1.526990064474527159e-05    -3.002809865359017211e-07    8.425494059963860809e-12
2.900003140342312804e+02    1.004490928730183086e+00    9.425151955108164101e-04    -1.444870378609355518e-04    6.194970151169514431e-18    2.330558998179270010e-05    1.390336564916742703e-05    4.080535117002876476e-07    1.243509377841915814e-01
2.900000905549833874e+02    9.956380446288871644e-01    -1.615796514880363027e-03    -9.063308495887664219e-04    1.525254096639694216e-04    2.354143704916322120e-05    1.420042727353864917e-05    -1.253256477318973536e-08    2.526898792491910772e-12
2.900003216749549892e+02    9.998397257215879685e-01    1.451624571686429849e-03    -2.871291607563205357e-04    1.582009992517138461e-03    2.172108665114680292e-05    1.393567844979428768e-05    -5.743031373735141053e-07    1.140360990345175435e-01
2.900004322997884287e+02    1.001644347583368955e+00    -3.882547291829095693e-03    1.050461501811846542e-05    5.685810237854651032e-04    2.449816518128108633e-05    1.472068723769160633e-05    1.436812857501154932e-07    9.372997966013232873e-02
2.900002214004438770e+02    9.994466172273733795e-01    5.253074554664278854e-03    -2.464959310521797477e-04    2.293768599686154381e-23    2.375179513768758217e-05    1.449714306786498594e-05    -6.821019424081956100e-07    9.872697128605499914e-11
2.899998491230170430e+02    9.978262931682257975e-01    5.848252006836096757e-03    5.577995864645825079e-04    7.322060249652025425e-04    2.225535933036499925e-05    1.339016838832800443e-05    -6.703455395063346515e-08    1.238904362578671367e-10
2.900006306327796324e+02    1.003260907190305140e+00    1.023505930880593169e-03    3.438667546024486870e-04    1.083521521292539133e-03    2.365689861851056128e-05    1.480615612008777281e-05    -5.629604434468150930e-07    1.066993729156048010e-01
2.899999040154216914e+02    1.000086563580424581e+00    -4.623129151699345053e-03    1.434520759805145993e-04    1.204376313058561120e-03    2.036392656044422618e-05    1.288342783961310622e-05    1.657750995289745130e-07    2.770736254631374981e-06
2.900005134508655260e+02    1.000064199030794576e+00    -2.468163170954057115e-03    8.892134473142980142e-05    2.128299072472572156e-16    2.585605130233891422e-05    1.438778951052895088e-05    -2.673162904365778567e-07    3.202243151542861349e-02
2.900010079990508984e+02    9.990477312937169341e-01    5.559289789329191663e-03    -3.722173093485922515e-04    1.783986498765811196e-03    2.275976681192852616e-05    1.410381392827955400e-05    3.586378738293343006e-07    2.157579864053612018e-01
2.899999621357549131e+02    9.998325383737417527e-01    -4.523475248272620236e-03    3.845270323615635833e-04    1.949063287452370511e-03    2.563931429997132633e-05    1.511005502757517094e-05    4.519640861928671032e-07    1.374216303563226792e-10
2.900000086397249675e+02    9.991249542161297903e-01    6.253032132699594750e-03    1.222830403744011910e-04    4.024822267985440970e-04    2.514943349808170935e-05    1.526130875659613829e-05    4.592308299318573276e-09    7.477469897021141252e-14
2.900002073834402267e+02    9.993463517970437859e-01    6.822158880679832053e-03    4.659266882548731485e-04    1.206984969015502092e-03    2.463330948671144162e-05    1.445283335159428456e-05    4.574131021357252711e-07    3.443481672967339119e-02
2.899997193545104324e+02    1.002074378640076757e+00    1.821825581945698885e-03    1.300076070991343282e-04    9.052626790819621235e-26    2.516115963519024781e-05    1.527864647019536046e-05    8.055365943862232326e-07    4.649817934265167878e-09
2.900001580775024763e+02    1.000820397603371603e+00    3.390523634045866045e-03    3.468733156369186853e-05    3.896832388860599025e-04    2.301478932409624421e-05    1.416837209323614012e-05    1.168571531669047697e-07    3.341790683970856569e-14
2.900003933370904861e+02    9.999148957648339442e-01    -1.053882438767993548e-02    -1.462798412106657139e-04    5.504803641826803247e-04    2.482311488309282154e-05    1.463897929706313584e-05    -2.783165638227951984e-07    3.278219191490001905e-02
2.899999656157398249e+02    9.996958732759132493e-01    -3.398108947989339317e-03    1.974053940011078064e-04    9.953432762564297202e-04    2.537944448295558091e-05    1.527213391549827069e-05    2.730522932232400658e-07    6.689073295558741310e-10
2.900000225421662776e+02    1.001843990280461227e+00    7.133333515103493228e-03    -4.795110287857956571e-05    3.411797655977766150e-24    2.420224881003385162e-05    1.518460479046216073e-05    3.444324005674974023e-07    2.111362767153373904e-08
2.899998335928252118e+02    1.000373598208585069e+00    1.168652360191144548e-03    2.025805253743326090e-05    8.486108569389193149e-04    2.614828372077935442e-05    1.553823440571637041e-05    4.503498373758476798e-07    1.132501547506986869e-09
2.900001484591965095e+02    1.001352402634446914e+00    4.070781314120670326e-03    -2.664739131931603399e-04    1.169945000993549353e-03    2.308399432929100542e-05    1.446576271266544507e-05    -9.174893025460652546e-07    8.908132802721145860e-15
2.900005655551887003e+02    1.000810515183904403e+00    1.553774008081183940e-02    -1.710229751941735182e-04    1.101295452172758402e-03    2.467914328467590821e-05    1.454055147902279199e-05    -6.374382776104520583e-07    7.811358010828162168e-02
2.900000637691289285e+02    9.981876891584595679e-01    7.581865011031330495e-04    -6.479768873218667846e-04    2.928946833982164692e-25    2.259026745440955339e-05    1.371151960679398762e-05    -4.023221460012121252e-07    3.943793901952461492e-08
2.899999236146728094e+02    9.988517469443111141e-01    -1.012012104773400527e-02    1.350393070168510554e-05    1.295554574290874814e-03    2.546691214779693029e-05    1.550046559454414455e-05    3.566899553126447795e-07    3.335814091519851093e-08
2.900001081340844280e+02    9.972203560987428217e-01    -2.227034655228097117e-04    -1.164044674539408227e-04    3.688934863072705693e-04    2.275898280210521610e-05    1.371239781675786146e-05    1.603515286301540660e-07    2.323263260240595891e-03
2.900002268316354161e+02    1.002057757718394226e+00    -9.836765133720238793e-03    -5.336672552293486539e-04    4.841492432184168482e-24    2.662045378492318076e-05    1.554697499103551862e-05    3.341587176467665922e-07    7.213081050255764243e-10
2.900004216491652755e+02    9.946759677164583868e-01    7.784555217367173166e-03    6.563293194901768110e-04    4.771503978003991178e-05    2.213805288822825510e-05    1.367595714780304790e-05    2.534762698448011039e-07    4.477224052867224968e-02
2.900002419904872113e+02    9.984658375252046802e-01    -4.104404792522720058e-03    -2.207748271001045218e-04    5.609258152170113030e-22    2.244911798377571493e-05    1.481256710858062581e-05    -3.619664751978739666e-07    7.116558626508367214e-13
2.899998107218400492e+02    1.003306843789115055e+00    -2.357831758231623224e-03    -3.078018177469492734e-04    3.416373424312903232e-29    2.784019046647796185e-05    1.527132350255432094e-05    1.617969915496402055e-07    6.413084234038624110e-10
2.900000718893654721e+02    1.000557521351207679e+00    1.744591752829204555e-03    -3.866977263161219661e-04    3.027633782264907975e-21    2.360834004654534308e-05    1.483851638696454801e-05    -4.062240815193317035e-07    3.055070672648648621e-09
2.900007428088913457e+02    1.002210447797769355e+00    -3.531576921726183906e-03    -2.314973853848361544e-04    4.373294113771301417e-04    2.670597328137402237e-05    1.521310626157239165e-05    -7.119081959993167563e-07    1.248590622924617421e-01
2.900003426198634884e+02    1.003748098865251182e+00    -6.030240306983698090e-03    2.746845106260932491e-04    1.110822150725972172e-37    2.435477106069312600e-05    1.452980992066409901e-05    -1.537614198495110184e-06    6.675331852344049133e-03
2.900001326345815755e+02    1.001349200938224326e+00    3.971617221008292057e-04    4.059050966548200228e-04    5.836661718333995929e-18    2.416568502167450283e-05    1.503510412816723055e-05    -5.172368171290674254e-07    1.083937561989600784e-02
2.899995364416074040e+02    1.003087695904182786e+00    9.587572947310838214e-03    4.176650343831937815e-04    3.368510430674021336e-05    2.383230665321580194e-05    1.476753412852175259e-05    9.598124203168649211e-07    3.538472520889349584e-16
2.899999973557533508e+02    1.003022948559436855e+00    2.976591910633827245e-03    -7.947304751218804805e-05    4.980694114804394179e-19    2.524426073689936068e-05    1.516567144662227391e-05    6.996761537463109331e-07    1.480514109938620810e-06
2.900003938443860534e+02    9.977020769865556638e-01    1.240386892764683280e-02    1.085546557884920502e-04    7.155209152460442095e-21    2.344035900995660251e-05    1.381192461023831523e-05    -4.064528391312805959e-07    1.438911968428126069e-02
2.900000037383117046e+02    9.943031494309276797e-01    7.320956350764559750e-03    -2.410026522025455857e-04    1.331265330123744626e-03    2.194459253856722892e-05    1.339829750858135341e-05    3.825887948457822033e-07    2.688202993121821885e-02
2.900004001702640153e+02    9.981119417094086455e-01    5.630114685288409651e-03    2.308506663869591506e-04    3.381911256388550884e-05    2.579829348103682512e-05    1.501487309512835634e-05    -1.011548966005667851e-06    2.155615876018733557e-02
2.900007118598554712e+02    9.991835062497104181e-01    1.596631273219969267e-03    1.685366878796113385e-05    2.230223757289412875e-29    2.464279548102311617e-05    1.422429428666706485e-05    -5.669195600190167786e-07    9.002032690282653349e-02
2.900001041937165951e+02    9.989537311111408302e-01    5.784768292374878676e-03    1.164517638228142432e-04    9.505600752141148618e-29    2.444530368185524375e-05    1.476089880600265683e-05    5.606819850137361904e-07    4.795504184533842949e-10
2.899995111975075588e+02    9.999925018558835088e-01    1.141280778611264771e-02    6.302717248045290686e-04    2.086146532106980544e-20    2.449345721400731350e-05    1.425564113340688452e-05    1.391826626564279141e-06    1.942784339962341448e-10
2.899999515695097898e+02    9.990127779802694397e-01    5.649280113755203621e-03    -6.073720936575437547e-04    5.904393418808964256e-04    2.208719496433617636e-05    1.392628722626184839e-05    2.867509790905294532e-07    2.945086416630947946e-10
2.900000759926007845e+02    1.000101201458071465e+00    3.541230756948043987e-03    1.970752736417160839e-05    1.435718152610083531e-03    2.539504957962801428e-05    1.510774622199447773e-05    4.382148229250557722e-07    3.625673165639190648e-02
2.899997296558252629e+02    1.001491997099406062e+00    -4.640498964845501950e-03    -2.692744398946272455e-04    5.790975145070238880e-04    2.529076158812783862e-05    1.476757789267952681e-05    3.537220916986077164e-07    6.573269435324945138e-11
2.899996532741904502e+02    9.972874063617466200e-01    4.405534894007549426e-03    2.764160919209584523e-04    7.544818489648461105e-23    2.328369646919771374e-05    1.466973601672481765e-05    3.588395874966096332e-07    2.377583108099594700e-10
2.900002713910533316e+02    1.001216886766935765e+00    3.055544715443694817e-06    -1.388955481941487029e-04    2.253225176525961034e-04    2.429134239441007754e-05    1.487158155599056284e-05    -6.206037112107763935e-08    1.967716141883254360e-02
2.899998063540413682e+02    1.001512858557459529e+00    7.812231878596762394e-03    -3.391020247965334045e-04    1.075530148103142269e-03    2.693218480179984184e-05    1.508364225248162828e-05    6.999395978834724371e-07    1.107951532267688845e-12
2.900004427381824712e+02    1.002092337425496860e+00    -8.394509066001657567e-04    1.939333584098652374e-04    4.350360940716519174e-23    2.583392585871911710e-05    1.575497361291896672e-05    -1.712534520701975413e-07    9.399994070259692913e-02
2.900001380671017728e+02    9.991375812972259629e-01    2.641306888316149104e-04    3.266459000725100955e-04    1.057218291648991592e-03    2.545062253622788862e-05    1.461440316201070441e-05    2.660381495439423514e-07    5.763358586752191648e-02
2.899995221604418134e+02    1.003383842018558125e+00    -1.692445210626980371e-03    -2.536339715796181527e-04    2.934202666682335218e-04    2.488829795403414919e-05    1.444995607716413587e-05    3.425760737790826109e-08    9.838960572298843246e-11
2.900008287151925970e+02    1.002707755865588579e+00    -1.198447129923953811e-03    5.728011786685650706e-05    8.751504193696817168e-05    2.550882406649309715e-05    1.581492515743877797e-05    -7.447536569201831055e-07    1.135974693492328019e-01
2.900002592845068534e+02    9.977330599185442184e-01    8.831949127770060554e-03    -1.733325016528397110e-04    1.508787986582796347e-04    2.272815703580283861e-05    1.353700695582632053e-05    -1.027350108463160546e-06    3.858535902775923898e-02
2.899998981240211151e+02    1.000044859173310652e+00    -4.514289841075539399e-03    3.105752383516021683e-05    1.226051647129069435e-03    2.497821882068340573e-05    1.449155143888948423e-05    1.597592992848630506e-07    1.234793544201292191e-10
2.900003083990042683e+02    9.969158569172420492e-01    1.385000346739447864e-02    -5.387545077052033170e-05    1.583673027160994225e-03    2.633383548122737714e-05    1.490858143180327602e-05    -2.377290214912770125e-07    3.767625207802810296e-14
2.900001233489691685e+02    1.000669504203181681e+00    8.405582580986498478e-03    1.799908907443675235e-04    3.776313019694497158e-27    2.420433597413866090e-05    1.452253830508045523e-05    -6.968840432388195422e-07    9.174833188981445560e-09
2.900001440009486942e+02    9.986656493112391342e-01    -3.498490089080706286e-03    5.392390363586642942e-04    5.838106076654251764e-04    2.764699049496958187e-05    1.540361114724659425e-05    -4.206644645314440384e-07    1.233676603737707390e-12
2.899996411154223779e+02    1.004968320350547506e+00    3.818855382119671748e-04    4.953393051376043339e-04    2.349765738838228105e-26    2.622352183398815335e-05    1.524284762333886193e-05    3.609269769216642051e-07    1.096585359994537965e-11
2.899998568825757843e+02    1.001261491897767808e+00    -3.827300211561151036e-03    7.727060107486942637e-06    5.705799418654335119e-22    2.327593492338317393e-05    1.470402753197107095e-05    6.903009324158225291e-07    1.181208236575212855e-10
2.900010644444265040e+02    1.000142490572741183e+00    5.987428540948143418e-03    -6.285655566188236070e-04    1.387188784076325270e-13    2.643404602419931169e-05    1.413207293155843435e-05    -4.273012244250929222e-07    1.654222676647966739e-01
2.899997077727097690e+02    1.004020046005030142e+00    2.855410508597672290e-03    -2.009705054919519484e-04    6.999080898819852426e-22    2.499937870687650920e-05    1.392987011315903269e-05    2.374505352517582367e-07    1.344504002393636871e-08
2.899997789766195524e+02    9.971547953558322908e-01    -2.198925016338086277e-03    -7.381277563460983708e-04    5.204747956211011576e-26    2.415452162669665668e-05    1.425796111823175192e-05    1.256565005397924823e-07    2.578630806604667507e-10
2.899999530317139147e+02    9.982637351353613742e-01    3.641792654805397437e-03    8.452856061821287801e-05    1.097586545516236788e-03    2.546793832828460799e-05    1.471265495872456305e-05    -5.109587606611267574e-07    2.088416675021210034e-16
2.900000678469055515e+02    9.996168529354649834e-01    -3.772449250336143943e-03    3.844282819181331248e-04    3.160115563803247269e-04    2.336135543257265501e-05    1.460620154194262358e-05    7.330410343403834690e-07    2.425117357527006477e-13
2.900002333679157118e+02    9.999704742152595305e-01    1.228522561642916974e-03    9.572509796785863404e-05    1.379318834366103155e-03    2.245846970010009048e-05    1.437846301993919803e-05    -7.461502346316392942e-08    2.730249288682353934e-02
2.900005194302751192e+02    1.000538241774409753e+00    -4.123423658656915659e-03    -6.699544157509126055e-06    6.586397217314233122e-16    2.587671770241660891e-05    1.511349471969002631e-05    -2.156158035172317919e-07    1.240082409864008972e-01
2.900001864830244358e+02    9.993170314651416142e-01    8.454816144428391536e-03    1.332747951895390376e-04    4.248084978202411898e-27    2.503040977883300332e-05    1.487906683731087069e-05    9.777811996114305937e-07    6.116863789247929672e-02
2.900001230852273011e+02    1.000712452548786047e+00    -5.085582507026268143e-03    5.191386642443910878e-04    4.828106668635517596e-20    2.235399557755648892e-05    1.443223871868802932e-05    4.466024505845767534e-07    4.507124329807991880e-02
2.900008187292073103e+02    1.001527639905997580e+00    -1.724749424545635439e-03    -1.684591012161449838e-04    8.984119797660139808e-04    2.596726167994344814e-05    1.559657144274922716e-05    5.261004857517181214e-07    1.519276947991691773e-01
2.900004092990765798e+02    9.989619727189911202e-01    -2.125071173437739509e-03    -1.935775210577263782e-04    1.855477064289190359e-25    2.321809984875454963e-05    1.356605543650968867e-05    -2.941336181689077955e-08    1.029600160847868040e-01
2.900003576352313530e+02    9.983986061607544871e-01    -7.501288729064312447e-03    -5.728537402649039670e-04    1.765569071101756897e-03    2.207645568871295660e-05    1.293401105886084662e-05    -9.743276819829417879e-07    6.394203745351076384e-02
2.900005072753274931e+02    9.985882984516011307e-01    -8.466313931178942598e-03    -3.750675033950199829e-04    4.430377315585292157e-04    2.245936114527692179e-05    1.345069642600388468e-05    -3.423531044080793265e-07    6.646558152010878517e-02
2.899997925535943750e+02    1.001174965392830130e+00    6.884693188326584251e-03    2.477471301000290418e-04    1.103193327442416890e-32    2.501262989092918056e-05    1.578777464038130985e-05    -1.091200475716810902e-07    2.783890719563281612e-11
2.899998275706370805e+02    9.985265811435741767e-01    -4.753905160135545559e-03    3.079195255891835077e-05    1.602347150493126868e-23    2.498010680723323872e-05    1.440661736171407846e-05    9.727308433791285489e-07    1.025207087437736173e-09
2.900000052992713222e+02    9.961458684046633483e-01    2.355267453116319937e-03    1.655388723998104728e-04    2.961997996767048799e-21    2.330171196716071934e-05    1.462713970789133556e-05    3.491454917194111036e-07    5.337948002952480101e-11
2.900003822313563546e+02    9.990184325290020206e-01    -5.541193988914480499e-03    -6.275303773499134189e-04    2.452931906223942146e-25    2.556886386247388750e-05    1.505784194601864952e-05    -2.907585573920031398e-07    6.423517638821270304e-02
2.900000389365874867e+02    1.001476711563869637e+00    -3.638162268280489310e-03    -3.327405369394849963e-04    3.160181227782012298e-04    2.576138118674765957e-05    1.572489819712159255e-05    -9.134384828305948482e-07    6.041066902575560581e-17
2.900001043096839908e+02    9.970133206877853649e-01    -6.629162312965774032e-03    1.175200523069774340e-04    7.989816658009554241e-04    2.594490279222778277e-05    1.449805527018264052e-05    -5.240616581235946286e-07    2.193970115424858801e-15
2.900001256768686630e+02    1.001023139241346449e+00    -5.479718879880605617e-03    -3.303104552701964340e-04    4.255919509463697282e-19    2.376847630209385226e-05    1.477139856806783509e-05    -1.769742495913377188e-07    4.914003137982326695e-09
2.900001221866967285e+02    9.991575246337333072e-01    -1.994950327184178730e-03    3.862880222879080629e-05    2.603020778359324033e-21    2.264203226086298505e-05    1.406655795756025129e-05    6.694303603067689847e-07    6.333741176918442073e-02
2.900002488298982826e+02    1.000577876723511617e+00    -1.415813175242257478e-02    7.168824149094301214e-04    3.117489319285902168e-04    2.542783109018449797e-05    1.491927786617601556e-05    -5.941023930274016792e-07    1.095848799503180114e-02
2.900000088617444476e+02    9.999202991895561610e-01    5.973103986760069928e-03    2.216666114260719379e-04    4.846194318885786901e-23    2.620331068018206053e-05    1.589491923790599943e-05    4.542584612816806561e-08    6.237875660768181204e-10
2.900001344231300777e+02    1.004114352084275241e+00    4.779667288276773576e-03    -3.657639402735796607e-04    1.580543510572922708e-03    2.347547281166166371e-05    1.441722161175392745e-05    6.905137990787263627e-08    2.762794758604908030e-10
2.899999704508385889e+02    1.003518990873881078e+00    -6.079429771986408736e-03    3.002317824944861777e-04    1.478809936249114243e-03    2.476516941594767167e-05    1.543842181522623181e-05    2.575894520822986639e-07    3.646719477909851652e-11
2.900001012609748159e+02    9.982706613248345517e-01    1.063003481164903575e-03    1.858153401680685541e-04    5.653517040372644828e-23    2.639448997406299271e-05    1.523847384407317970e-05    -7.254403460680492512e-07    3.057673416761284930e-11
2.900002050994899037e+02    1.001381089258832180e+00    3.379649865450647540e-03    2.639979462894222824e-04    1.833787584387004291e-25    2.312684294849589857e-05    1.389342100284319546e-05    -1.079481336604983387e-06    2.859059135029055898e-02
