# f_r [MHz] A m phi D delta_r delta_ere delta_eim a
2.899999873799242778e+02    9.968332614165791306e-01    1.674918328044681590e-02    -1.995267403227034774e-04    1.832465541177451105e-05    3.974457549028023110e-05    3.032350211304732523e-05    1.011118075730306483e-06    2.471987375729573638e-02
2.900002582372425195e+02    9.965434954436457327e-01    -2.296931597168782625e-03    -3.000910410096303675e-04    8.791937174318791504e-14    3.925227970650545771e-05    3.021602723936959379e-05    -8.396616670678573460e-07    1.601362426949767985e-10
2.900003425276395319e+02    9.972693950373046068e-01    1.371097445768196428e-02    -5.935325644932763366e-05    1.418663210597667326e-16    4.184084662879820855e-05    3.103898525411749165e-05    7.174850195116760713e-08    3.310101653012394174e-02
2.900006598282043910e+02    9.978190652834273422e-01    -1.834419016749483855e-03    4.976341089114609041e-05    6.850351093204317081e-15    3.891441376193850309e-05    3.012499718691116790e-05    -1.395601983306968257e-06    5.109086155753610192e-02
2.900001006708342857e+02    9.998790394730205922e-01    -7.174192973031171504e-03    2.513902373690312135e-04    6.207995482318171519e-04    3.974612544600565633e-05    2.950851586545525130e-05    3.849499153805582700e-07    2.736313758355138695e-02
2.900007886659377618e+02    1.003673649875734819e+00    2.422848207073012398e-03    -4.007753656043873923e-04    8.500092717248513846e-16    3.974848877731365979e-05    3.083418037855494389e-05    -9.170637966890276727e-07    8.864207380719926754e-02
2.900002775244544750e+02    9.994826257889054544e-01    -4.614494369750679094e-03    3.553196192280457563e-05    3.932855761584782655e-18    4.204697987553005786e-05    3.073280900432954067e-05    -1.252161019329107876e-06    1.486221859143900537e-02
2.899995204510452140e+02    9.987597037456646953e-01    -1.042853288198226404e-02    2.476261091339482744e-04    9.666697083736066949e-19    3.944391091414247753e-05    2.973150337192324253e-05    2.116342929492661197e-06    1.030248915240579339e-11
2.900001516352779731e+02    1.002487435924700465e+00    4.631966705120421635e-03    -4.568746473135086930e-04    1.736720307419246726e-14    4.222785947614892971e-05    3.129866470966049391e-05    -4.218030348719917519e-07    6.828881293702460272e-09
2.900005953076831133e+02    9.964306829626754514e-01    3.917232733645627414e-03    6.375453520732356867e-05    6.247484016782695873e-04    3.916101719368805583e-05    3.038989913629012787e-05    -3.765537335472249563e-07    6.630234801581155746e-02
2.900002416436162207e+02    9.999259145869289211e-01    2.243135511676554259e-03    -3.443206719983248889e-04    7.276023151725593196e-04    4.106880977791614313e-05    3.077863920038014189e-05    7.613566822905983868e-07    4.038066492564081761e-02
2.899997324202910818e+02    1.000076342150502784e+00    1.372477465380759869e-02    -2.181860250464953829e-04    6.586031883158027019e-12    4.316468146654993334e-05    3.186727589220778652e-05    1.920222734796740726e-06    5.585704229462307158e-02
2.900001940630710919e+02    1.001577203530057636e+00    -1.702692734618115739e-02    1.054592420422659850e-04    1.829882462460916039e-03    3.839186914129923362e-05    2.950548327594905068e-05    -4.968490425039700695e-07    1.577170552869520959e-02
2.900002572642802647e+02    9.993865113611513085e-01    3.815610129536707845e-03    3.774999808862796965e-04    1.491957706761849484e-03    3.953719771007219538e-05    3.089501284817849593e-05    -5.675908613790462534e-07    2.254642881459540185e-02
2.900003352704414397e+02    9.992437336810243709e-01    -8.824372143385373485e-03    1.564397853509265411e-04    1.927671762817811649e-15    4.184547990133617560e-05    3.140281669039074523e-05    -1.520547767526103221e-07    5.680069014873056175e-03
2.900001365245414036e+02    1.001750199659168672e+00    -1.980943556955728265e-03    4.357317893112723950e-04    9.172899578524072106e-17    4.047313512779048472e-05    3.035304620492809661e-05    -9.660420121424962265e-08    4.401797338828997846e-02
2.900005949431775889e+02    1.000428814221353102e+00    1.524720318147812677e-02    6.070661948345073243e-04    1.177677169979818922e-20    3.869929375323809365e-05    2.927008195129793345e-05    8.259215744911836251e-07    6.848584896343086481e-02
2.899999516783073545e+02    1.000085753668700450e+00    6.741439236941840392e-03    2.083053602119539524e-04    1.726315364593962139e-04    4.144889122444219359e-05    3.117995429701125301e-05    5.413492788191369114e-07    2.756143182806813716e-20
2.900001673996377463e+02    9.994737186578160903e-01    -5.031038926962104994e-03    1.130334391741459431e-04    2.247019123878507351e-17    4.087226631293636164e-05    3.044815362464731574e-05    -7.872125251497215110e-07    1.013255002280883468e-09
2.900002439699688352e+02    1.000321449334619528e+00    1.431091453594583339e-03    -1.401713219166960420e-04    1.147593689257271404e-03    4.014137378502739898e-05    3.038972307216101463e-05    -2.812348709578655887e-07    1.244630559761153964e-02
2.900005951415411687e+02    1.000507888757350861e+00    1.282724173239124495e-03    -3.203773099837162121e-04    3.972652516869020449e-17    3.939629034895191954e-05    3.081812651500389244e-05    -1.045535029030416845e-06    2.687721593116228908e-02
2.900002764479422126e+02    1.002372426720574250e+00    3.305189440555910806e-03    9.034718019016413457e-05    2.107207518030081697e-11    4.210416901719262519e-05    3.202563738030115252e-05    2.000834454636121863e-07    6.745016396250592559e-09
2.900000795278558599e+02    9.999947099645651871e-01    -9.383877375103188631e-03    1.163548498192201665e-04    5.025496984359405141e-04    3.899230375528534460e-05    3.042526671760603023e-05    -6.760141837364711756e-07    2.016770440475662216e-02
2.899999014112214581e+02    9.967194542735436924e-01    5.917620468670262493e-03    -5.663469597750071523e-05    5.392092573110970785e-05    4.074874789599979344e-05    3.054781884583241194e-05    7.444085290961576594e-07    1.686167305525660529e-13
2.899999623257765506e+02    9.995599408502813255e-01    1.127353779183393016e-02    -1.456761215106307597e-04    6.710509665284458952e-04    4.185125449415042685e-05    3.125882156184588883e-05    7.484734115310242413e-07    7.708149628426412452e-11
2.899999269692435178e+02    1.001300593872673561e+00    5.490348206443403968e-03    -2.500009467364755706e-04    6.918335266932628303e-05    4.086577737157127830e-05    2.924904053090722744e-05    3.956402268634092047e-07    3.315310164724601394e-11
2.900002684728400482e+02    9.951239191868676004e-01    -7.131278966743260540e-03    2.160069280355084176e-04    3.190771030326434806e-13    3.918535330476352916e-05    2.873689317098803735e-05    2.787579953486195660e-07    1.862480115730590774e-02
2.900007834499260753e+02    1.000018316201687574e+00    6.469484756583085416e-03    -1.687014558642800774e-04    1.117151225131879540e-03    4.272027878449596069e-05    3.206730272267351055e-05    3.180896269968576749e-08    7.471734060897280982e-02
2.900000580212487193e+02    1.001709683647321825e+00    -1.924305715010685928e-03    -2.400847293650525127e-04    5.751484879739316408e-12    4.057918593448146051e-05    3.051905184659311002e-05    4.945587566636409868e-07    2.047738791633549327e-02
2.899998117294547910e+02    1.001933863411419878e+00    -1.855276222253421283e-03    -1.722870016311033460e-04    4.625600945884080590e-04    3.965423086959795848e-05    2.997492012986303044e-05    9.277972566562341522e-07    1.896575137318710528e-19
2.900002062743145075e+02    1.002953311206002951e+00    1.585750679229515651e-03    -2.796310645222737745e-04    9.799187320630781042e-04    4.142738917685362084e-05    3.006590888252565194e-05    -1.650024686612924746e-06    7.608335503931275562e-11
2.900005186639959902e+02    1.000808745523936283e+00    6.435015928630942635e-03    1.469407701023524109e-04    2.071642086474894740e-04    4.145879021267723658e-05    3.142158444188214732e-05    8.947461035804206848e-07    8.882148975421468029e-02
2.900002594803448801e+02    9.979247197586273987e-01    -7.709928169335441075e-03    3.466196571218441310e-04    4.935423738434918878e-04    4.269959516259662065e-05    3.130257493306219717e-05    -9.089905490978324328e-07    4.631511996969130563e-07
2.900001912806301334e+02    9.972313427065897518e-01    1.034826801559205704e-03    -2.303575496775732510e-04    9.031251646672157460e-05    4.129496941808043849e-05    3.114277497881078066e-05    -1.440968971983876246e-06    4.023462757963267890e-10
2.899998167436178278e+02    1.002162301435888248e+00    1.359391679218803321e-02    1.938981493612393792e-04    1.664927110285074674e-14    4.464808829320478895e-05    3.229285695035756683e-05    1.645765965778825593e-07    8.501052927615010971e-10
2.900000309491471171e+02    9.986791385883229122e-01    -1.934370244717593338e-03    -1.481590135037498242e-04    8.945070258923057089e-12    3.958853594272050892e-05    2.889179826643690165e-05    -4.860119437504504419e-07    6.995969078284358570e-10
2.900001807128446671e+02    9.977634648607648371e-01    -6.780585619980134503e-03    -5.839407660572221289e-04    1.411997428821384773e-03    3.997175124188265358e-05    3.093814666661287658e-05    1.380502450308112576e-07    3.825860169035660840e-11
2.900001980620991731e+02    1.001794734029516354e+00    2.153796479757192771e-04    1.401480948802795912e-04    4.008145065380286532e-15    4.185917684905024260e-05    3.065067121731497807e-05    -1.476423056440327539e-07    1.667546893574581708e-09
2.900002431650163430e+02    9.999528033011111372e-01    5.179432334462337473e-03    -2.461964114996402562e-04    1.597219630428218726e-03    3.995745767351641223e-05    3.089568739399400839e-05    1.609598743864380294e-07    1.298460897260331204e-02
2.899998153254147724e+02    9.997527656855216271e-01    -9.595199443069659523e-03    4.197362264335758632e-04    1.477332074693451548e-03    3.932570682629267977e-05    3.059277008434137533e-05    -1.455164965414319204e-07    1.239368225651443491e-15
2.900003393221778651e+02    9.979448775649636394e-01    7.831842334743023548e-03    2.294929728354955689e-05    3.953636085275783092e-14    3.969469227347403591e-05    3.036194451045378572e-05    -3.611050522022400018e-07    6.825446723817824024e-03
2.900002524398967694e+02    9.956961037678356830e-01    -6.726964147430336376e-03    -3.457604188772765296e-04    8.847855929092526866e-16    4.331470330436517773e-05    3.111017968923886944e-05    -3.008587111323555070e-07    4.353774266955179750e-09
2.900001414648841092e+02    1.001751166047356367e+00    -7.696964786341843785e-03    3.231890602192316587e-04    2.779994466692264677e-10    3.889074509100355962e-05    2.947220186695243631e-05    -2.809372207136716334e-07    1.307579147017939988e-08
2.900003011344693959e+02    1.001222910617104223e+00    -6.121245963365952100e-03    1.633542026857744090e-04    5.252544462243248881e-05    3.931565359394797814e-05    2.941147450370561477e-05    -5.343936158103569967e-07    1.484808851077564058e-13
2.900013405813540430e+02    9.985732630725776549e-01    -2.163862878860127806e-03    -6.482199415634350842e-04    4.089885484797190483e-04    3.921316270448357903e-05    2.955757946798084031e-05    -1.859441577684355911e-06    8.283669651547771740e-02
2.900011513418457980e+02    9.993189351893261296e-01    -1.151690027596914906e-03    -3.957546069598865996e-04    1.309260400808541630e-19    3.986676334585185464e-05    3.023455820498091812e-05    1.973886649379346904e-07    9.365340515777864638e-02
2.900008142742056521e+02    1.001343022353815337e+00    1.139621671821440356e-02    -3.801597842740172335e-04    7.013415504450576637e-04    4.255030516336481036e-05    3.113478600628726857e-05    5.796193277019514553e-08    6.759094706035269351e-02
2.899999129686684682e+02    1.001550409617548043e+00    1.332061246709481325e-02    3.471220627161915215e-05    8.563016892920052685e-04    4.115214244702099770e-05    3.141098594848380478e-05    8.266002549179968631e-07    2.797983460623533654e-03
2.900003674430939782e+02    9.990651492566308134e-01    1.765288704355613605e-03    1.945572700691177998e-04    7.548320031140545697e-15    4.071194930585192819e-05    3.098218355673409177e-05    -1.908860816252310154e-06    5.507219371173461804e-09
2.900003175531809916e+02    1.004163247036359952e+00    -5.232524316140987203e-03    6.995011265825707835e-05    8.914371118123213611e-04    4.061734931034230998e-05    3.098983978060646123e-05    -2.464311346139232014e-08    4.853488459368632268e-02
2.900000227070194683e+02    9.991264481233259609e-01    -1.995793574825252548e-03    -4.469975687637710283e-04    3.661881515045530664e-15    3.952824432477881108e-05    2.972589225683671793e-05    1.061197151907182069e-06    1.709017694053772615e-02
2.900002055259967619e+02    9.988461659824413585e-01    8.766435597301691987e-03    2.059296989460299458e-04    9.339528117195959681e-13    4.037858113613449965e-05    3.139197393114476881e-05    -3.877962683086119345e-07    4.626072765588479935e-03
2.900000968662969854e+02    1.001550768189449991e+00    -2.403368713515960636e-03    -3.607625165722991908e-04    9.627610697173411169e-13    4.211202004455882620e-05    3.129948677314974877e-05    1.368213514253689950e-07    1.210809550960182715e-10
2.899999690226957227e+02    9.991676786208188998e-01    -8.804519975417098021e-04    7.530623012065724411e-05    3.291160610446015140e-04    4.163187177306007356e-05    3.064220828649809780e-05    8.279269110523941171e-07    3.796922603750181461e-11
2.900001178492632903e+02    1.004565951213267416e+00    2.554222523145441119e-03    4.805368228403054899e-04    5.680613096225154736e-04    3.887141517862563803e-05    2.964133507865373055e-05    5.399488074118358110e-07    2.704115270613857008e-02
2.900000198561824050e+02    9.978633487253936174e-01    -8.904652975199517373e-03    -2.903316450850377509e-04    6.700274017002913951e-14    4.136917188977660579e-05    3.168199799040253439e-05    -1.887780401368818586e-07    1.562151623897554658e-08
2.899998994033005033e+02    9.992307178832053882e-01    7.317718207672163286e-03    7.412815403325376847e-05    7.851997569726309890e-19    3.853959925979389203e-05    3.018530413732295814e-05    1.118678624912391009e-06    1.356226331099941000e-02
2.899998416690302179e+02    1.002241678974327588e+00    -1.397028651861527936e-02    2.383600297781270820e-04    9.560784990460382509e-13    3.935515112305803571e-05    3.115891789580502706e-05    7.169480692930647781e-07    5.960404042782752233e-09
2.899996797721629491e+02    1.000201673563134275e+00    1.109468902497813721e-02    5.081312050906825595e-05    2.175695608307640523e-14    3.883921235783037494e-05    2.929256794806750250e-05    9.850382169669065573e-07    2.229052156944499874e-02
2.900000047550016120e+02    1.001805724056608504e+00    -7.142198059587350455e-03    -1.877429028227001301e-05    2.413113199269402670e-04    4.189283631910297118e-05    3.073395443171193922e-05    -4.176843476851285398e-07    3.030908140081997398e-09
2.900000476019184248e+02    9.987545866126663618e-01    -3.392360135485564254e-03    1.706392006459208483e-04    9.700073526495550687e-11    4.103968304234304111e-05    3.018550642898718228e-05    5.880999696839399548e-07    6.580502672820151815e-10
2.900003165527284068e+02    1.001488929181860721e+00    1.190149328583411286e-03    4.204598404321661692e-04    1.737896988774983273e-16    3.863292743167563833e-05    2.988510057850303820e-05    -5.064030980560984063e-07    6.357833168846210444e-10
2.900008268936611557e+02    1.005199665618768057e+00    -1.861196373093833463e-03    -2.282000850850661802e-05    4.903332657878915785e-15    3.999347478967428646e-05    2.978260076155861039e-05    -2.240860861968057560e-07    6.959957749557134365e-02
2.900001117312093584e+02    9.979898080937332772e-01    -9.096022822425912577e-03    -4.810590404191659422e-04    6.724631638780772058e-23    4.072153037469150409e-05    3.039320719448150717e-05    -8.689514487515529786e-07    2.053974800063697840e-11
2.899999560220092576e+02    1.000210645239017149e+00    4.647626362414070296e-03    -4.178117200074325018e-04    1.713558027163526211e-03    4.034136368430937168e-05    2.996214057223068014e-05    3.895790047648898744e-07    2.756604223882582676e-11
2.900000967053163663e+02    1.000314665875529307e+00    1.717497824179071248e-03    2.544449648208109644e-05    7.250536155376050701e-04    4.044923145785943503e-05    3.012951130263769281e-05    4.532422212556730146e-08    2.557964525057265218e-15
2.899998569479412254e+02    9.990364835020254519e-01    -3.242282037306761389e-03    -3.174809745181277369e-04    2.575476396742865054e-12    3.953567704640819524e-05    2.971273238211148232e-05    -6.989239011381131727e-08    1.641370533736635981e-09
2.900001353261101258e+02    9.975904653181456583e-01    -9.617862595956736677e-03    -1.022351654129418746e-05    2.999298049703211341e-04    3.945453825598170202e-05    2.964709513130021949e-05    -1.074441799478461932e-07    8.220915935882402742e-11
2.899998289726741518e+02    9.985778422372643126e-01    1.136428126748394510e-02    -1.928954121743681790e-04    3.478617577009980632e-04    3.904703631477310230e-05    3.051886405811026675e-05    -2.838891620212607525e-07    9.276149097449728001e-03
2.899999782093934186e+02    1.001562095225394300e+00    -5.549884222126872171e-03    -9.424294209167431501e-06    2.814816824479882736e-03    4.025472732035953601e-05    2.985135645558456823e-05    1.207257734932024721e-07    9.922932885513197853e-14
2.899998630617471918e+02    1.000727036375957280e+00    6.960817504877233122e-03    4.406236171859170375e-05    7.900286421109601165e-12    4.174238549989227673e-05    3.122250483905796833e-05    4.951928550759938598e-08    1.547042664578265942e-10
2.900004402176142548e+02    9.980055698621227434e-01    -1.711582206082364055e-02    -1.669019849179119647e-04    3.493633798691609995e-12    3.768935326310341924e-05    2.912093322899851630e-05    -1.908665221426483610e-06    1.414914903979973663e-09
2.899997574621881427e+02    1.000327779771670977e+00    -8.248033891806630380e-03    -3.437814613901018319e-04    4.754708587086179508e-14    4.009775102148209740e-05    2.951582253316149685e-05    4.868472954186765041e-07    1.866035654015227915e-09
2.899998600045452122e+02    1.001887712810121345e+00    1.197326782192415732e-03    9.593252373088026756e-05    4.449846905772066612e-14    4.076605110229246430e-05    3.114911934211872323e-05    1.003199869611484584e-07    4.391722727655036611e-10
2.900004979917187029e+02    9.999142662234543621e-01    -4.183052973893942525e-03    -4.311799895333724643e-04    4.246325965824658085e-19    3.959089463373742453e-05    3.074575071142005472e-05    -1.375997288757506166e-06    3.457438701411072522e-10
2.900004984419846323e+02    9.986388696324874914e-01    8.385351010024331281e-03    4.414064597050405088e-04    1.160671535228319720e-18    4.392717464311795503e-05    3.232674845198721066e-05    -4.830883117701718352e-07    1.913325184258980738e-02
2.900000451070330882e+02    9.990942442610012408e-01    -1.157924229500749067e-02    1.966029915675802201e-05    7.427047615965738474e-04    3.751098703452809694e-05    2.935046985755082792e-05    3.836028058438537460e-07    1.424200226412602500e-02
2.899998954277849634e+02    9.994633481678149023e-01    8.125908493655679965e-03    -9.705509550064626194e-05    4.256123623519467788e-21    4.119430408074676713e-05    3.097219463791276909e-05    1.087414952876761036e-06    2.219609103377552638e-11
2.899997777729965378e+02    1.002478121358623353e+00    4.097342687722926695e-03    6.203933358701537186e-05    8.151846313338302049e-14    4.184763680734697434e-05    3.108069686664219144e-05    2.272081177325147873e-07    4.111063772391232440e-10
2.900005661216341650e+02    9.981998383862141777e-01    4.585106761188975898e-05    -2.233837532842337221e-04    3.090035016042482966e-22    4.026375640965409363e-05    2.972746134652550829e-05    2.273775539959383080e-08    3.710907715083961583e-02
2.900001239472040311e+02    1.001220844920071462e+00    7.188136096469338945e-03    -1.239560779220357574e-04    6.585089901879831866e-13    4.297477533883413674e-05    3.062752524607293011e-05    4.101816430029131202e-07    7.489329755171030418e-09
2.900002403487253559e+02    1.001833732743868222e+00    1.357371441251069982e-02    -8.925662760562776013e-05    9.664643035278223373e-04    3.932695098401971787e-05    3.003563011317204119e-05    -9.124314138733008837e-07    1.342516259887395133e-02
2.899999885842717617e+02    9.987415715928076310e-01    1.781834234542527913e-03    -3.070054592048035284e-04    3.090499473422669004e-10    4.129161895913125135e-05    3.074627132911025526e-05    -7.253808409496571604e-07    2.074776359628198096e-09
2.900000689766774826e+02    1.003017215886654379e+00    -2.311208328834258793e-03    -7.890051409055686110e-05    2.758063847728817709e-05    3.935664676091316382e-05    3.080684177611010951e-05    2.123792573112418508e-08    4.060156805375424920e-11
2.900004328304054866e+02    9.976518732951090707e-01    -1.300983209486671847e-03    -1.022069616022350849e-04    7.686964209851823433e-05    4.035327111480842391e-05    3.045400062551763303e-05    -1.427123604431597520e-06    2.690690106432156586e-02
2.899999194092305856e+02    1.000184245186903853e+00    -2.999227735757406532e-03    -1.491660635552526147e-04    5.107293840901836345e-15    4.058133345591689417e-05    3.116769961618124648e-05    4.310932717296468181e-07    1.035127888168315552e-02
2.899998729406178199e+02    1.002229301921710336e+00    6.906401893056706223e-03    2.653187744615001487e-04    5.833238032345115223e-04    4.272739729920204093e-05    3.148816699237840184e-05    3.292896898910442392e-07    3.041930039191287783e-03
2.900000068417677994e+02    9.997229546960048063e-01    6.526680050522147211e-03    -5.713017490204102275e-04    1.190719570620045291e-20    4.110178449839412142e-05    3.124593292866824053e-05    2.139776730917987213e-07    3.777978450969574522e-11
2.900000797457224735e+02    9.993671811359331469e-01    1.269668180588569544e-03    -1.802247704046829339e-04    1.114107955629388578e-16    4.097131690907835017e-05    3.165245144088345600e-05    4.023923774589235480e-07    1.578369116678328063e-02
2.899999338376213700e+02    1.001830160456145924e+00    -2.489525279590621299e-03    -2.971846238232484080e-04    4.748199942302261717e-06    3.890630278100710440e-05    2.903811744905297084e-05    -1.642264871152550294e-07    3.693921862478948226e-10
2.900002457768876525e+02    9.988006798872530734e-01    -3.940052068152419783e-03    -1.732857481969856414e-04    1.009598785526669477e-25    4.231611190032215798e-05    3.139922113440559559e-05    -1.146372436929237399e-06    2.603784279415386621e-02
2.900003522362017065e+02    9.987528806837101536e-01    -5.104682924673691925e-03    4.766280216466611797e-04    6.767652746897719817e-16    4.026618232157900770e-05    3.014767521844171402e-05    -3.430801861054945774e-07    9.539747740999827814e-09
2.899998225283659394e+02    1.000370674821482675e+00    4.605709885213634964e-04    5.811750204012527000e-04    1.290268854602906175e-20    3.797557036125170579e-05    2.946466103900485684e-05    4.340645275125941319e-07    1.894777063073358629e-10
2.900012043773369328e+02    1.001400256092506380e+00    6.265062366413412694e-03    1.279625279083231643e-05    2.500930948098422610e-05    3.925856110621748146e-05    2.971196350818052862e-05    -8.080263307045202277e-07    1.199924263519307338e-01
2.900003336021995892e+02    1.000632076233853862e+00    1.043119481493929267e-03    1.724958918531536870e-04    9.489771830580756877e-04    3.819670846213202292e-05    2.935002254213170010e-05    -1.174671402541568620e-07    4.314727689153787654e-02
2.900000768778916722e+02    9.997588792268479185e-01    5.518340643572532990e-03    1.595667040964964217e-04    5.228004363134495852e-04    4.333605081319454673e-05    3.148983715078524688e-05    7.291540581219960817e-07    1.841045688154369386e-16
2.900003553643666123e+02    9.978672025396038148e-01    -6.462690664268916016e-03    -7.405103216768447204e-06    3.078343316175220291e-13    4.153762252485151816e-05    3.068001144960176915e-05    -1.410975190826255356e-06    1.155302277806262581e-09
2.900001480706959001e+02    9.993538670277454239e-01    -5.439582890506862792e-03    4.534529485939892823e-05    5.829684259886552849e-19    4.258527634198018227e-05    3.124276538066067500e-05    -9.589344940349856581e-07    5.226713422203861951e-04
2.900003791435601670e+02    1.003161785155838093e+00    2.388178678092421105e-03    -2.850760623104589228e-04    1.011790385512443007e-21    4.072696175415091061e-05    2.929182142268708990e-05    -8.254572091286243567e-07    2.255219018044544383e-12
2.899999074857581149e+02    1.000319663726363384e+00    4.174389381835023373e-03    3.504663987029914274e-04    7.513057389542158283e-12    3.893966418502264209e-05    2.893190255925537916e-05    5.759942032640775672e-07    1.009408316689105471e-11
2.900001058509593577e+02    1.001388612256093769e+00    3.612443712970074810e-03    2.202890435802634260e-04    1.135977608981962654e-11    3.923886541849505116e-05    2.995941550551558605e-05    1.512445716118728335e-06    6.586727211783997837e-02
