# f_r [MHz] A m phi D delta_r delta_ere delta_eim a
2.900003826346834899e+02    9.994129428579394681e-01    -6.023400433621098164e-03    -4.000597833619082993e-04    2.224169936317243914e-04    2.289369740951467257e-05    1.350012935235906605e-05    -6.119082563848037903e-07    4.593733414950382015e-13
2.900001009973067880e+02    1.002070584338534021e+00    9.898231870243773267e-03    1.091514653168393394e-04    7.667430058573677194e-04    2.298462855883207749e-05    1.296973650080433946e-05    -1.176443160100476471e-06    1.222490552908789882e-11
2.899998587371618441e+02    9.983153737514983694e-01    7.302410246167258083e-03    1.965540596409203920e-04    2.999652181843943476e-23    2.334418963361258696e-05    1.299651861602018371e-05    9.580859101872188303e-08    5.952070621163031879e-03
2.899998283261080587e+02    1.001675014496861360e+00    2.702023492925420978e-03    2.558682299922300733e-06    1.397090221045639134e-23    2.379614611992825410e-05    1.369481355876180279e-05    1.152504067905138573e-06    1.629359431514092063e-13
2.900002324448871605e+02    1.004038948187910840e+00    -4.890861302319391563e-03    -1.864539065327423177e-04    4.596373399448407713e-06    2.264289251310689887e-05    1.398196290773346821e-05    -9.004586088839305337e-07    3.455310174214473915e-13
2.900004467804162118e+02    1.000533542520510855e+00    -4.399689805986400915e-03    1.207750491692027075e-04    2.966609797200176785e-19    2.436989022507206115e-05    1.390384710213082059e-05    -1.504268672188395384e-06    6.890710809509034696e-02
2.899998349251016521e+02    9.998358986779475321e-01    5.896338001536566113e-03    -3.743548797713444534e-04    2.220624879455806417e-35    2.502489551775637124e-05    1.503649718498816293e-05    1.002900796946776890e-06    1.975927883536228219e-07
2.899998621390487301e+02    9.998164619203412373e-01    -5.798881802595486253e-03    -1.531522759733146082e-04    1.486659086776926774e-03    2.344120608210827533e-05    1.323794449478591842e-05    2.703401827027649681e-07    3.261938096685742389e-02
2.899998261962277297e+02    9.993860840692150305e-01    -8.861081892064090384e-04    3.908630784860989420e-04    1.484054042195173412e-03    2.237420701841106663e-05    1.322958012356989598e-05    6.202045038586914402e-07    8.119652017581919955e-11
2.900004155246792834e+02    9.985126438932849791e-01    4.655703623814257813e-03    6.373422364117295458e-04    3.638907403738010964e-21    2.439116221448603584e-05    1.409374876070157887e-05    -4.295430076699605732e-07    5.828990082815151130e-02
2.900007255324584889e+02    1.000099093650209658e+00    1.056327912526925468e-03    -6.990843812659427168e-05    4.657928600677247929e-21    2.536212080299530828e-05    1.542020171879148946e-05    -8.445196332979321792e-07    8.498136969329343759e-02
2.899999290564425110e+02    1.000646859129789901e+00    5.659430410461231643e-04    -3.134979202285902524e-04    1.371120553611439438e-03    2.360829600733458161e-05    1.385769754818791373e-05    1.655229978739092844e-07    2.626878209622484153e-02
2.899999808775891665e+02    9.989817095176379835e-01    9.479559303688989136e-03    1.484676067091276260e-04    3.266010086579514572e-04    2.541345726538776423e-05    1.371287834869854664e-05    1.805582919591904241e-07    1.517353667111236495e-02
2.900001002068497087e+02    1.000220966962914515e+00    -1.083680880251674996e-03    2.670522053581637326e-04    1.755133033470580962e-23    2.217511493715677051e-05    1.332756989230074385e-05    3.390467219745376363e-07    4.463156589607764634e-13
2.899997302418432241e+02    9.986623859529023539e-01    -9.870038349981424299e-04    4.856184941676264136e-04    1.457493325296404365e-20    2.585210350327957158e-05    1.483640632578376628e-05    9.189709316589639109e-07    6.821710847172482708e-12
2.899998845367508693e+02    1.001183836316650089e+00    4.551088718058739864e-04    8.092729871677556473e-05    1.234880546018066530e-03    2.505703454111877924e-05    1.386256311321424298e-05    1.140844370601807129e-06    2.997488058740894828e-10
2.900005104738439741e+02    1.002952236870360503e+00    5.442870531519513992e-03    1.556002357410806423e-04    7.051994512714617157e-29    2.503395168853014566e-05    1.340822992634036340e-05    -1.073432698397152564e-06    7.557590563922184090e-02
2.900004756477135288e+02    9.965354953642521219e-01    -1.326605638795578515e-03    -1.588240182555434893e-04    1.689276815533485520e-26    2.132037813887822423e-05    1.267614910801050015e-05    -2.283117140465651678e-07    1.354192370287185532e-01
2.899997708330253658e+02    9.990898248106326873e-01    -4.571043862972045714e-04    -6.080313077466899816e-04    4.553025919499413608e-04    2.246378547827449290e-05    1.313096668874532590e-05    9.207891922120961060e-07    2.188238123012115939e-11
2.900008108027591334e+02    1.000763156526854880e+00    -9.613762525224974279e-03    2.598849397995051384e-04    1.123755253885252601e-03    2.306639424471903675e-05    1.376894976889658746e-05    -7.214559229403837933e-07    1.245940127922001844e-01
2.900007069870896999e+02    1.002026875793600391e+00    1.849122326550273936e-03    -1.406734986233644467e-05    3.940295399414665200e-21    2.411506318384814987e-05    1.352988266820297542e-05    7.709123668476854461e-07    1.526847671972534348e-01
2.900002530651256052e+02    1.002077690028797541e+00    -1.989311615694618236e-03    -2.568204460018720962e-04    5.292796959666373905e-20    2.694677231705511255e-05    1.472048517342144233e-05    -4.327593662887600383e-07    4.908357478265571143e-11
2.900003894084308627e+02    9.975724580167373290e-01    2.294406801482495959e-03    2.128214700075439734e-05    4.725263413108145246e-19    2.230278090141829474e-05    1.331562858720855865e-05    6.505916271129125394e-07    9.972662204986883216e-02
2.900000971480097860e+02    9.980151825457416193e-01    1.021142283144166590e-03    1.714204116674771070e-04    2.324431141162928864e-20    2.214195609992755532e-05    1.273710382591679055e-05    1.010466093285817117e-06    8.178516673952282434e-02
2.900001428241859003e+02    1.001042116253762604e+00    -3.495837500236772481e-03    2.482397299531502585e-04    2.711004477339635895e-20    2.422746463761122666e-05    1.377138106626741731e-05    1.205449961501781685e-06    8.252828301325709770e-02
2.900004159206774261e+02    9.978860032756998732e-01    1.019291636421279859e-02    2.264945133085275906e-04    2.586415407230370861e-16    2.144123795180043505e-05    1.329533286746434632e-05    -1.602600685724038430e-06    8.986082776235556070e-09
2.900002335999971592e+02    9.965108216980581579e-01    5.463235078627101671e-03    -1.434557569534858552e-04    1.470904614748823769e-03    2.532714038320630736e-05    1.451186051082689985e-05    1.477021337224934158e-07    7.838810362662050613e-02
2.899997399692641125e+02    1.002839872353690875e+00    4.279837513381891563e-03    -2.376269847124120118e-04    1.099092211326624277e-24    2.262116802793675798e-05    1.345819107320523722e-05    5.445807301546141362e-07    8.135859402925584675e-11
2.899999843041272243e+02    1.001320209037147579e+00    -7.168011367137240922e-03    2.271799155658619097e-04    1.029551769394029708e-22    2.642165670993492976e-05    1.489391156163679147e-05    -1.135056136935808207e-06    5.058331995329041426e-09
2.899999628833870133e+02    1.000841078340683366e+00    3.893774374164592558e-03    -2.215595475956385089e-04    3.587389607725127022e-04    2.630301833491350831e-05    1.498976346671785308e-05    3.610173619584850084e-07    1.466688669309105353e-12
2.900000065391209887e+02    1.001197183799925838e+00    4.050214438085863490e-03    -5.813779496342909899e-05    4.399851453118677324e-04    2.489762674476596162e-05    1.413315841840123717e-05    3.014497250845670261e-07    3.584438945466870974e-02
2.899996144153132605e+02    1.003668710200047887e+00    1.368757924672900708e-03    -1.859609557665553245e-04    1.415709404358635301e-04    2.599050419897931726e-05    1.497244368904355399e-05    9.716267148377580065e-07    6.442972375346640856e-09
2.900004110609130521e+02    1.002001490802090444e+00    2.429756569390761466e-03    2.166921133433507825e-04    5.900960992792047806e-04    2.495204416455885522e-05    1.358445130740532029e-05    -2.649231312941887251e-07    1.378079823819687927e-11
2.900001905558559088e+02    9.993513160973871434e-01    -5.807823200513392500e-03    5.763487148796250114e-05    1.387751529943234263e-04    2.030095759336491271e-05    1.305050239582966044e-05    -9.167384389386132367e-07    1.239486056962307468e-14
2.900002090770597079e+02    1.000976791839103264e+00    -1.277325665560813048e-02    1.538308687262137503e-04    3.079940156833173985e-17    2.470900479995555166e-05    1.367702631409396140e-05    5.317443544679153868e-07    4.562420474324518221e-02
2.899997086875382024e+02    9.964658648389020934e-01    9.912534764705750734e-03    -1.735442068180845807e-04    1.077745675380317515e-22    2.111774360845498466e-05    1.240498659729877838e-05    7.098602787760945543e-07    1.262341131564555916e-08
2.899998889593949229e+02    1.000201959668808316e+00    -1.154182698963250771e-02    3.279073125934575238e-04    1.201344007773075663e-04    2.112030364236971582e-05    1.360455411486342847e-05    4.887492769240475120e-07    1.954950888222410567e-13
2.900000267821027364e+02    9.950414521733129680e-01    -1.487160592345679625e-03    -3.797239662586507250e-04    3.935616174161651474e-20    2.311836663924123268e-05    1.384749304068848462e-05    -5.448996597533239943e-07    1.986318539543699393e-09
2.899999234358261333e+02    9.987251293955572429e-01    6.973568503980543364e-03    -3.390416241117503939e-04    3.956662899177942351e-37    2.597037760079491802e-05    1.384968268120671659e-05    6.306752769500763545e-07    3.837198432941157901e-10
2.900005360636346268e+02    1.001496899605345492e+00    8.456887815456105156e-03    3.409679128332058508e-04    4.177516444076429208e-04    2.401574373696307448e-05    1.470401313482655990e-05    2.350538324185593003e-07    9.483207549097820432e-02
2.900000939662418205e+02    1.004979340192685422e+00    -6.342291283684404861e-03    3.291788542253907927e-04    1.265879667614739669e-03    2.448826127933886618e-05    1.329464206619344588e-05    -1.703024873880448298e-07    6.407501785133615582e-03
2.900002982222286505e+02    9.983310060514349882e-01    -4.500140921815159491e-03    -5.266552513369269703e-04    1.463509114679772047e-26    2.172737815965201016e-05    1.288899253697326012e-05    -1.525635825480782615e-07    5.351657238495563518e-02
2.900002299712008949e+02    9.994246955804703125e-01    5.359595366716321356e-03    2.679347804703621121e-04    8.872350884243171875e-34    2.454006376463262112e-05    1.398739633519892320e-05    3.972991991921795965e-07    5.954236573428971918e-02
2.900001350939826352e+02    1.001138781780874343e+00    5.100220659406367978e-03    -1.289985909174364161e-04    2.608735330996848461e-21    2.194321802831081196e-05    1.384705364666312911e-05    2.757517317900342442e-07    1.353854151634186365e-08
2.900003743040999211e+02    9.981514302502058067e-01    1.722701388537306805e-03    3.200586352118517776e-04    1.327105469434433302e-04    2.120945421951464453e-05    1.296089757263070492e-05    6.881902675363712121e-07    1.304618395877140125e-01
2.900005246836047945e+02    9.997912687868636405e-01    9.872148576587390974e-04    1.367928743298004010e-04    4.099152737174290473e-04    2.595614225382548976e-05    1.457222948744757467e-05    -1.990545994681641685e-07    9.861386027222870942e-02
2.900003618414457947e+02    1.001425427849131022e+00    1.887455644590293807e-03    -4.738823336745789754e-04    2.292890997583979521e-37    2.241220066886510842e-05    1.372173301342106056e-05    -1.046216660490186769e-06    1.010504856977650234e-07
2.899997904873340531e+02    9.969434637723765258e-01    -2.942885835299944349e-03    5.327160105026192821e-05    7.137514648358213299e-14    2.317266410795931013e-05    1.440195422646448164e-05    5.794172573273777432e-07    3.100943327148768247e-03
2.900008063481502063e+02    1.003579645562560296e+00    8.996744480548891573e-03    8.135152400384674349e-05    6.211016662105266206e-05    2.381629774139752304e-05    1.328121763779588436e-05    -1.272335708454790007e-06    1.227012562218912084e-01
2.900002665196689122e+02    1.001097650283175655e+00    -9.274210662285605009e-04    4.183415690277097424e-04    1.377147409683801647e-03    2.359816666420759491e-05    1.407006990239570802e-05    -7.199648722597403644e-07    1.365377101093365013e-02
2.900011649563062406e+02    1.001998112456032208e+00    2.744486699261425647e-03    -1.935637148388363209e-04    5.319256288135571463e-04    2.539501664165211338e-05    1.443276228890176028e-05    -1.125985270355923702e-06    2.188192258220057473e-01
2.900007466085322676e+02    1.001428810536115988e+00    4.112497615238978367e-03    2.588099442996010056e-04    6.424682812062881118e-20    2.317796839235449722e-05    1.383246936678970000e-05    -7.154150610346201031e-07    1.167659884325622788e-01
2.900000128629017695e+02    9.992939777857354766e-01    -9.707339474171653923e-03    -3.279679072187092538e-04    8.704835474546680990e-04    2.191828267908604692e-05    1.350143561068878625e-05    -1.461552374196925304e-07    1.364217135928279777e-02
2.899998253379698099e+02    9.987917155415032555e-01    3.031004790430044671e-03    -2.936359424827922663e-04    2.356189428512341194e-19    2.185014025583623777e-05    1.315956014224471186e-05    2.530340038217126431e-07    2.923258589215143883e-08
2.899999447273030455e+02    1.003052412231785429e+00    1.114912495702528308e-04    3.950697027340672888e-05    2.170821469949279006e-03    2.214779426303052198e-05    1.370397151607295496e-05    2.055240502700069495e-07    4.127857734323811482e-12
2.900001436473870058e+02    9.987025663080677518e-01    1.646243484321348143e-03    -7.552468628532268285e-05    1.207309300075278483e-21    2.276569179598677092e-05    1.311005491747797127e-05    8.127104911987896104e-09    1.403107085144804447e-09
2.900001751976020614e+02    9.993748132039796950e-01    -9.037617358256278335e-03    -7.324525275937440565e-05    1.547756980388189209e-04    2.225745014430470858e-05    1.336351431455912230e-05    3.499904703665445448e-07    4.439634144779248948e-02
2.899999976359115408e+02    1.000360076009218835e+00    -2.312685671362252771e-03    6.192534776610561639e-04    2.587625760564088567e-32    2.161251604454241738e-05    1.330506561262711278e-05    5.863675247754148761e-07    8.616581483090591728e-03
2.900002015910272348e+02    1.004112424723159869e+00    1.838863534175627819e-03    4.146853102533456159e-05    1.916271275513018097e-04    2.520462009587882442e-05    1.409560635828658912e-05    3.021471159930908279e-08    3.061557018593444182e-13
2.899999856536167613e+02    9.979500916575669844e-01    5.284986704707658745e-03    -2.366438234586831085e-04    4.018418058895628536e-18    2.416623838334201239e-05    1.400317070762460016e-05    3.606447534377068316e-07    3.460135107610651933e-02
2.900007766839286205e+02    1.001094399296547754e+00    1.138491138956588059e-02    -1.568811905087447568e-04    1.069983227349363989e-03    2.196889094922142960e-05    1.325051653817160557e-05    -5.441041546505357848e-08    1.301079651260732550e-01
2.900001838989612111e+02    9.998418541986807684e-01    -2.738124700175661140e-03    -3.568647790588795588e-04    8.233832289028253110e-04    2.602326716550845074e-05    1.445012749309975553e-05    -6.539398649432408297e-07    1.215094254179501670e-06
2.900000505041043084e+02    1.000215602701790996e+00    -1.210386662816525377e-02    -7.331124743676463028e-05    1.949492445363831233e-23    2.395706043080934121e-05    1.459628653257225479e-05    -8.894575568913863456e-07    8.633218997015872099e-13
2.900000689054300551e+02    1.000527678265043852e+00    9.484676982947656473e-03    -8.621862446279087789e-04    1.933395583695335515e-18    2.419886112715985524e-05    1.371618740281967114e-05    1.030801255639508120e-06    4.059675619552968555e-10
2.900000524412170080e+02    1.000689848834120488e+00    7.731832410517135157e-03    2.026733678646918356e-04    2.354436712598407099e-18    2.470341046129884109e-05    1.433902534682109224e-05    4.840427822904938853e-07    2.266117431856632812e-08
2.900003886363488732e+02    9.999487534145046208e-01    -7.487488409117460872e-04    -9.459225419845310406e-05    1.532356900405287782e-03    2.352613957616386735e-05    1.323657088875932427e-05    3.852690757392320909e-09    8.211369070056823150e-02
2.899999095937840821e+02    1.000633502245462658e+00    -1.690093207332895307e-04    -4.515897105798468781e-04    5.005469434122925563e-04    2.365973152169477975e-05    1.394675680324864497e-05    3.328054222255931867e-07    8.512082243958614565e-10
2.900001177804248869e+02    1.000859124573251879e+00    2.918857427273800938e-03    -1.251714766556688042e-04    9.463931527212477890e-22    2.339480760222392616e-05    1.408354379162001039e-05    -4.109803266590255767e-07    5.793438221093947740e-09
2.899997644188212007e+02    1.002310196493508609e+00    -3.202857334621415138e-03    -9.192866779004851027e-05    3.429392604987502772e-23    2.838365186305217999e-05    1.505700802472319111e-05    8.594512900289454492e-07    1.841670308752500635e-08
2.900003254087785649e+02    1.001919071733975208e+00    -6.605872437868142181e-04    8.619268893422220182e-05    1.898550173434272628e-04    2.276018735073583559e-05    1.301010087924991757e-05    -1.449693032219485924e-06    6.817597352993340086e-13
2.900006265241092933e+02    1.000015044688633337e+00    9.026059206002300626e-04    1.188158970066731021e-04    5.817797595356225893e-04    2.611167904076782309e-05    1.464953596464846270e-05    -8.885053389657532269e-07    5.869097484223353978e-02
2.900003525712368173e+02    1.002139571035099763e+00    8.449441737642628862e-04    -5.973939968710159556e-04    8.054709014538420885e-23    2.148764295816858505e-05    1.315583589867460572e-05    -7.563661442287452221e-08    7.352689556627962919e-02
2.899996676774624689e+02    1.001261240416846610e+00    1.400857737150721250e-03    4.476972855278724635e-06    5.840544578972446223e-28    2.446934933731919950e-05    1.369675863136119206e-05    2.605176039984983661e-07    4.773942997587509838e-11
2.900002427219055789e+02    1.001022681589926133e+00    8.392301033606890939e-04    2.728715185384077927e-04    2.763182880406087819e-28    2.491419216960320362e-05    1.472202551055564708e-05    -3.927429991440415870e-07    2.165193763678901744e-12
2.900006453288552279e+02    1.002693882382522883e+00    5.615054561327508312e-03    5.550728227831803335e-04    2.888114445676871677e-11    2.243317219479108339e-05    1.385134637736047588e-05    1.718354611573860351e-07    1.388794080103792350e-01
2.900002695825201613e+02    1.000499022300330720e+00    1.146564991903004788e-02    -4.491750459957637382e-04    1.061472863017349361e-03    2.400731443033199343e-05    1.382763278415706351e-05    5.668995622680409557e-07    1.130860124282982854e-01
2.900001457677914232e+02    9.993301649847121659e-01    -2.140361590503357930e-03    -4.612786285422976066e-04    2.866027484150312447e-03    2.255834053573459001e-05    1.300749285775531559e-05    3.169788245908169612e-07    1.591296732024473871e-09
2.900004354550151788e+02    9.973316056588674705e-01    7.164414950460600874e-03    4.903185368953696379e-04    3.572289357752151361e-19    2.394956522333351070e-05    1.419793868113851960e-05    8.569206677674979404e-07    1.118190670960041433e-01
2.899998101341597589e+02    1.000366662971514442e+00    5.147076111893672708e-03    5.666758734325717161e-05    5.185772885656892780e-37    2.151789538557698946e-05    1.320418099782382438e-05    1.078242912002133386e-06    1.130205356287261641e-03
2.899998156286723656e+02    9.981696788520540986e-01    -5.567280181670073054e-03    -9.190172617909140066e-05    2.419647835081929649e-21    2.729589797418601553e-05    1.489917732032066582e-05    -4.857626915614689687e-07    1.667718475992833080e-09
2.899997525736763464e+02    1.003114804571827445e+00    6.607686714703333826e-04    9.347179448063157867e-05    9.711663702293842374e-04    2.599103527581210301e-05    1.479607904217227601e-05    9.375551172273879611e-07    9.916444452399493281e-11
2.899997143458073197e+02    1.001938709986536891e+00    -9.997124689195759084e-03    4.960882865424983855e-04    9.122548533557864808e-20    2.259027866124238519e-05    1.287392186594227641e-05    7.815398908299369838e-07    2.971600192010828273e-10
2.900003949141459429e+02    1.002404903147616988e+00    3.838739428814833335e-03    -4.318499160263290272e-05    4.025023607803805657e-34    2.504269469305612364e-05    1.464501510531399725e-05    1.829108643785868605e-08    8.329958623362325454e-02
2.900000381520304700e+02    1.001665171733634674e+00    7.718012601829001354e-03    -3.017953210246120376e-05    7.758928426432826556e-04    2.328935957535453131e-05    1.446060957216890735e-05    9.056355092661407328e-07    5.829422677384426404e-02
2.900003938741598972e+02    1.001345970388735074e+00    4.231166432821598621e-03    -1.787869874749479268e-04    3.713711611853492454e-20    2.778386564005558564e-05    1.507547847133643329e-05    4.156962170929135174e-07    7.041224119081297694e-02
2.900009969188649279e+02    9.994627204686911126e-01    -1.101273072562169129e-02    -3.586835024436074390e-04    3.109627796348845265e-18    2.349516174061338957e-05    1.341426256201354742e-05    -9.539878456092705336e-07    1.874258277591928368e-01
2.900001136726055506e+02    9.981656188052933087e-01    3.491958708318477198e-04    -7.248491604197460211e-04    4.688272879910715851e-04    2.471828733052454944e-05    1.399687833606845970e-05    -8.879148384021854724e-07    3.248202822386374875e-12
2.900005150536894121e+02    1.000640574891331847e+00    2.713681379371783893e-03    3.233637184058054531e-04    4.955693687672806666e-04    2.719271962401123563e-05    1.402675660510135102e-05    -3.287922012346117795e-07    1.067530540538279282e-01
2.899999697334662869e+02    1.000906740776735582e+00    -1.059935427379283786e-03    2.891322164768626358e-04    1.279748044299492388e-22    2.436161499448678624e-05    1.440918470024706767e-05    2.492673425532293003e-07    1.345719744078094989e-10
2.899996553383106175e+02    9.979351755833861803e-01    -6.919410244689143917e-03    -1.497870790678252251e-04    3.602731257512446338e-04    2.353167339821922463e-05    1.421665507034743052e-05    4.869410226437679028e-07    1.051505608878655255e-09
2.899998322754231594e+02    1.000053772346625403e+00    7.177120818263538410e-06    5.955473430985984504e-04    1.434570311871643557e-03    2.579493669703269691e-05    1.452934259641713312e-05    -1.386598006987598179e-07    6.829490442038773204e-12
2.899999913228146511e+02    9.985769374851110047e-01    -1.507757197866614780e-03    3.206125926170497382e-04    8.462141041797708781e-17    2.549673730292017527e-05    1.410053751476129993e-05    -3.248694392689264490e-07    7.978592440465203029e-10
2.900000877069245462e+02    9.998391984084532558e-01    -2.872340509729504401e-03    -1.151917123387180975e-04    3.813298849538485579e-04    2.411053731873864393e-05    1.393931497359325308e-05    2.135547340888162717e-07    5.239349169953755325e-02
2.899999822824653393e+02    1.004728965080961434e+00    -7.678729659967938395e-03    -1.596050807431278421e-04    1.027459886452768172e-16    2.306133001233299384e-05    1.425861801058385648e-05    -1.084067087292457091e-07    1.052090787658009098e-02
2.899997786069287145e+02    1.000116851558150888e+00    -8.692563384305868317e-04    1.284390003547636306e-04    2.393761623639094741e-22    2.302807347849118545e-05    1.332261617111286337e-05    -3.363347472234017196e-07    5.032767879759925312e-08
2.899999725233850540e+02    1.003466398219369227e+00    1.225686948313818407e-02    -3.313228881569986537e-05    4.624882823153191309e-25    2.560159972592825534e-05    1.478839703795073592e-05    -1.861335224435395955e-07    4.581082491158406690e-03
2.899999888984836502e+02    9.961355057032542648e-01    -8.952149107448247739e-03    4.411243840728425267e-04    9.428656924939763640e-27    2.339402875483105270e-05    1.304943179389740555e-05    1.709267394821181424e-07    2.343338312069349482e-11
2.900001347492338937e+02    9.980814527361805411e-01    2.149790269208527380e-03    -2.488550691906307928e-04    3.815854462382307727e-19    2.283730101694104360e-05    1.324390844013670568e-05    6.597965506408514141e-08    1.007392550000576689e-02
2.899998994825994032e+02    1.002718379474104138e+00    4.754997340212251122e-03    -8.376244074189300294e-05    3.012348714673592637e-04    2.343729039238779194e-05    1.465673328861080673e-05    3.799245500734159631e-07    1.178142458582019724e-13
2.900000264675625772e+02    9.974007300468846760e-01    2.289249597158315563e-03    -2.114124748772432290e-04    1.930924209100491574e-03    2.100384077689590852e-05    1.314638346421888028e-05    3.760255897907935061e-07    1.886308519616696627e-02
2.900000455527430177e+02    1.000723721910661057e+00    -2.239515421188742819e-03    2.848260375537612211e-04    6.775251431654881455e-27    2.259189827965218388e-05    1.380539307094161228e-05    -3.508523244084837644e-07    2.261490666859536944e-12
