# f_r [MHz] A m phi D delta_r delta_ere delta_eim a
2.900002153700337431e+02    1.000766229418339481e+00    3.951025526592994407e-03    2.820177444228636507e-04    1.859472074392234811e-03    4.295950029428868968e-05    3.298043176755049765e-05    4.505442981181626413e-08    5.619709257173345629e-02
2.900001236116809196e+02    9.996427607305948815e-01    2.009642318736199178e-03    8.222665957731986695e-04    4.334590862361223265e-04    4.663681448064640518e-05    3.556830281597767865e-05    -2.150961731157713264e-07    5.421569253016131807e-14
2.899996924550474091e+02    1.002513896798478354e+00    -5.088597247356571249e-03    7.894898734212370175e-04    2.264652432323439012e-04    4.403555909370494105e-05    3.334155801038206032e-05    1.766529573811579076e-06    1.099532571039876520e-08
2.899998851597750900e+02    9.953955673120712389e-01    3.364025342152778420e-03    4.645095261299055870e-04    1.542275876679684429e-03    4.460048514704031849e-05    3.354789157970419219e-05    5.234192092316991398e-07    1.730993514281194192e-15
2.899996008878819680e+02    1.001044672485321918e+00    -3.899885215860382157e-03    1.751657660060377826e-04    3.584941885846603899e-09    4.452930483029413116e-05    3.536701360219592332e-05    1.890283417700399914e-06    1.166604523830664274e-10
2.899999366447194120e+02    1.002304225003160187e+00    3.696661513349932399e-03    1.022371184277292156e-04    1.238058002459205146e-03    4.312620064091698041e-05    3.384093425332585306e-05    -1.077741849916716599e-07    9.514180090882670893e-10
2.900000639583374777e+02    9.980039586864055678e-01    1.284182741870320632e-03    -4.585287266847156958e-04    5.670616627567405846e-20    4.484361217234025576e-05    3.443034891868529992e-05    4.788093718523180544e-08    7.834935729769884184e-13
2.899998161859350603e+02    1.000698444774471563e+00    -1.530796789714890336e-04    3.542932445485401003e-04    1.095122795685846010e-03    4.501698615927561580e-05    3.412191548009823764e-05    1.028211941615138587e-06    1.532496924741486293e-14
2.900002915679010016e+02    9.986342928215837800e-01    -1.015581250694919634e-02    3.501861408956386868e-04    6.231494387253866937e-10    4.078272524675639822e-05    3.266195023786191851e-05    -1.656616242659076542e-07    5.285787001578398647e-02
2.899997836570911431e+02    9.977512265694632454e-01    5.594608013205920778e-03    5.531810756484306906e-04    3.172292728190128047e-04    4.451303250559268524e-05    3.305460721791033139e-05    2.758425683986479791e-06    2.989029230006676890e-02
2.899998644001618686e+02    1.000922598145705056e+00    6.906839135418496416e-03    1.392172349209999356e-04    6.046467220095527555e-04    4.412829622628565624e-05    3.420683045730795309e-05    -1.338471708537353356e-07    3.536195524903940415e-10
2.900009170179830562e+02    1.002809906745754764e+00    4.707261492093918476e-03    1.090977533572170795e-04    2.620228885242211619e-03    4.572279056790707122e-05    3.470823295325872071e-05    1.100117016352569797e-06    8.086679847673973465e-02
2.900002750368139459e+02    9.988963041977854118e-01    -1.064965450715976356e-02    -5.364724786944862541e-04    1.173578073236504742e-03    4.344899054127286035e-05    3.387153783599857154e-05    1.012569961738168499e-06    2.526140631588496763e-02
2.899997945992330415e+02    1.002550260885678224e+00    5.129457862974668748e-03    1.316006527270559181e-04    3.672292071334119180e-15    4.185822234365588852e-05    3.253294455582168019e-05    -1.915034462222807890e-07    3.223061905617595318e-10
2.899997803600551833e+02    9.960446862468751439e-01    8.886274455650029422e-03    8.188887034704444776e-05    4.703354052708439586e-04    4.279690796411260862e-05    3.267915957784401818e-05    1.581118775518857671e-06    5.888098513911032249e-03
2.899998028908414653e+02    1.002404082548022268e+00    -3.616849084847532318e-03    8.636574679870532862e-04    1.233377890057265753e-12    4.244473418128466466e-05    3.302199321224657245e-05    8.651805094783042743e-07    9.530748778511773187e-04
2.900002854213985302e+02    1.000726084992644260e+00    9.130899318820936278e-03    -6.269142487507042881e-04    1.264832239689523460e-03    4.488357684213462962e-05    3.447323349959886775e-05    -6.206911985785801344e-07    1.197836970602225554e-13
2.899998017094958982e+02    9.990522773567237502e-01    1.987489553828022341e-03    5.708618349085334579e-04    5.965490538501245924e-04    4.200136165321789798e-05    3.282279203519016507e-05    1.679437626969551048e-06    6.053235425138814829e-22
2.900002800206642632e+02    1.002099296919505278e+00    6.777770375577510300e-04    2.386390306834281459e-04    1.603050668760620844e-03    4.491726929310945583e-05    3.421019987734647135e-05    7.081916943557537267e-07    2.343863802879457559e-02
2.899997289012272290e+02    9.999193385364372189e-01    1.998953985313174728e-03    2.452062825466201981e-04    7.231567471974307453e-04    4.270396629319316012e-05    3.377428333505759034e-05    8.006427313308600772e-07    3.573807759330114436e-10
2.900004352092816475e+02    1.000478297775321934e+00    -6.095813605028178005e-04    -1.564850750227701043e-04    1.207053942639985632e-03    4.351209286421342271e-05    3.415898757974735768e-05    4.652876049018647747e-07    7.737074241723267132e-02
2.900006585944469748e+02    9.991026108523723970e-01    -1.120146744522595127e-02    -1.039709142020361037e-04    1.832595592187452518e-03    4.288293875302473095e-05    3.343742319455067676e-05    -2.116408581862788208e-07    4.309626739211259300e-02
2.899998511244101564e+02    9.953898544329742304e-01    9.254126389477786499e-03    1.887703622330215967e-04    3.266743276918710201e-13    4.666537349828780046e-05    3.435909472548080349e-05    1.523158425992710484e-06    9.957704312363887413e-10
2.899999027221307415e+02    9.979289642693207618e-01    1.675668065594815986e-02    -6.262351448715949961e-05    1.427287728915439204e-13    4.542536432578614625e-05    3.397503409164571108e-05    1.293688084025017089e-06    1.507119933223491359e-02
2.900005849515629279e+02    9.990649608695940653e-01    -1.029149312110431980e-02    -2.791937865849954971e-04    3.307875032124600111e-11    4.498006547597667735e-05    3.320965514045132221e-05    -4.875031889418833939e-07    4.251775736404498490e-02
2.899996807007165671e+02    9.978314102117855633e-01    -6.371260036666981201e-03    -1.896855018053269029e-04    1.431072629116781292e-18    4.194451380592614039e-05    3.275630289900956102e-05    9.064704331545233991e-07    1.033033443732253606e-08
2.900001511783513024e+02    9.993417877112125147e-01    -2.275498716028951773e-03    -1.610495998405388890e-04    6.268026908853693672e-20    4.539940782548000100e-05    3.470567100121510885e-05    -1.670724823748574784e-07    1.147203985548402752e-09
2.900000618279888727e+02    1.000652159835624611e+00    -7.979527485735332312e-03    -1.133610867824119326e-04    1.476860964901642505e-03    4.165378295352647792e-05    3.303450798587663240e-05    -4.790214092471875469e-07    4.001688471124666680e-11
2.899996038566897028e+02    1.000439235028496521e+00    -4.080279413187423536e-03    1.347428045153726747e-04    2.001344061193496349e-04    4.232503780932568999e-05    3.357710315633015137e-05    1.136561076317097259e-06    6.561650125478061610e-12
2.900003245934012170e+02    9.997442084979357713e-01    1.813914455978805733e-04    7.111285159604110052e-05    2.507731655915972167e-03    3.999861015432440979e-05    3.062658015384867564e-05    8.818543433977763632e-07    2.471745021148591751e-02
2.900004562775844761e+02    1.002614931521126573e+00    1.209197081408790522e-02    -2.652115871836722961e-04    5.370470865226141658e-13    4.414340640925076299e-05    3.415094398547320771e-05    3.917287011815200348e-07    7.752099182602920080e-02
2.899999730577917489e+02    1.004573494755394814e+00    5.410836150098304937e-05    3.516664896934236593e-04    7.550921182292667639e-24    4.360557813564664245e-05    3.412266120092738008e-05    -1.928897310998471907e-07    2.062548821869914816e-07
2.899997546290888408e+02    1.000030740004394181e+00    -3.929564754199835371e-03    1.635563451653185318e-04    1.417163522692700467e-03    4.269391125696146943e-05    3.240590114125730981e-05    7.972577431928522483e-07    1.801182084996847058e-12
2.900004295567601957e+02    1.000197164147744955e+00    -4.775543323138271498e-03    -1.624736229268187711e-04    4.131325327882062141e-04    4.491799304890371156e-05    3.385583691577194823e-05    -1.552085323536893261e-06    4.423947958134585856e-02
2.899995751289378063e+02    1.001170022572684726e+00    7.221412019102460902e-03    -1.483440500747128916e-04    7.317954521530424566e-15    4.425959890340969171e-05    3.411139353624058140e-05    1.988767878520960909e-06    8.067212590686837588e-04
2.900003571508472078e+02    1.000582909721815295e+00    -7.722432330924311819e-03    1.152134003897105726e-04    4.169063711108168989e-18    4.447601351259897743e-05    3.358265487063730962e-05    -9.359098533519460711e-07    2.067376890479906762e-02
2.900005845941469715e+02    1.002762918435401440e+00    4.626154835550675033e-04    1.576628204209532967e-04    2.242582816619158644e-13    4.257191845870163341e-05    3.315413842655509814e-05    -3.308043602877091510e-07    4.262164921222789948e-02
2.900003279724367644e+02    9.979172779078597788e-01    -4.497185180451159121e-03    9.422136995482407725e-05    1.467027454022964437e-13    4.593373141407711997e-05    3.407181725704496291e-05    2.029821066151644735e-06    5.352414301710900491e-02
2.899999167535395941e+02    9.951918876879893849e-01    -2.894575470054349103e-03    -1.915083643462656788e-04    5.430229111053415554e-04    4.473496461727231193e-05    3.481783424371862317e-05    -8.920921565623136502e-07    3.970337879961942070e-13
2.900007134070551160e+02    9.983424502545850121e-01    -3.866149763935673549e-03    3.982536304264403773e-04    9.756411832313431490e-04    4.405677384593716534e-05    3.342426402290295706e-05    -1.206189898585795893e-06    4.311999317609219867e-02
2.900001894936108329e+02    9.977313978581918708e-01    -1.618846499796996064e-03    -2.281192757416540540e-04    3.152885684178604725e-22    4.156706921730344884e-05    3.457107081231113857e-05    -1.383534969888151395e-06    2.421816946689828823e-11
2.900011930043756365e+02    1.000377337700991243e+00    -6.804162911433756476e-03    3.016906728680080222e-04    2.195352859844632205e-04    4.555426187306782477e-05    3.352869381753912845e-05    -2.848928098078533524e-06    6.131200954638229422e-02
2.899997232921031127e+02    1.002338022656588556e+00    6.225541462612646341e-03    8.525888081490349320e-05    3.980297022755156029e-14    4.432137394118961589e-05    3.438603586202141363e-05    1.025773683525607792e-06    9.002041904436509031e-09
2.899999623407516651e+02    1.000555561219290679e+00    -2.496880020021368177e-03    -5.933203737651984158e-05    1.030180017408836971e-16    4.232252968367859058e-05    3.254913021979132637e-05    -3.982100057722915361e-07    1.309221773054905780e-10
2.900007668263106098e+02    1.001511533269944243e+00    4.924134562928939723e-03    1.803752929275040644e-05    1.801945402193567249e-13    4.406149811143085634e-05    3.407006854371501952e-05    -1.061231168021404188e-06    6.225259269155997838e-02
2.900005091562853181e+02    9.950873873391097302e-01    9.111402062763817797e-03    -9.274904921241512430e-05    1.763083322786354427e-03    4.307766707169738738e-05    3.375761026728122364e-05    -3.855328397638134031e-07    3.352690129126552343e-02
2.899995235577285371e+02    1.001598505817524520e+00    4.759206076659170531e-03    -1.693631483540612248e-04    3.334898463607966008e-31    4.650439213038510254e-05    3.576432574375991289e-05    1.314113063546483105e-06    1.321324591637823757e-07
2.899997844846396333e+02    1.001613379137248794e+00    3.416056659585794183e-03    -4.807591029758155740e-04    1.592292716359348936e-03    4.205324855140295519e-05    3.336836589078905128e-05    6.489776039083710685e-07    8.378069337661243760e-18
2.900004897055281958e+02    9.995607233189699459e-01    1.292167801970246430e-02    -4.093641134523511981e-04    3.643481607244341445e-23    4.202016901468677524e-05    3.344742684140115946e-05    8.515323059369186006e-07    7.557284642570809285e-02
2.899999628093344768e+02    1.000338246529087760e+00    -8.366826508628637639e-04    -4.929910511252568297e-04    2.923786233208867947e-13    4.453993574787317789e-05    3.445237435119385754e-05    8.176183174953801994e-07    2.199951494994245929e-02
2.900005110750441872e+02    1.003376391901768416e+00    5.613465292996098512e-03    -1.112690585868241210e-04    8.128307221101631775e-04    4.005558996380957794e-05    3.126015525286264464e-05    4.920598247084406459e-07    6.085784956812995139e-02
2.899996345909054867e+02    1.001435795691809183e+00    -4.160507627563598664e-05    -2.186395302831145029e-05    1.074104497324578225e-11    4.238160108318036708e-05    3.435452844922555775e-05    4.061099684618556378e-07    1.272467297403921584e-08
2.899997444731014298e+02    9.986966223064066561e-01    1.803470845920420460e-03    2.818320266245396850e-04    5.076584268600018184e-20    4.336038443707318377e-05    3.371142264516467120e-05    1.270127288424504975e-06    3.710672842432950150e-13
2.900004579132532285e+02    9.988577266003008104e-01    1.341731658088288724e-02    -2.872500200992358633e-05    6.314915920758135814e-14    4.307754355949058433e-05    3.389495891473679048e-05    -9.283400531874057156e-07    2.541018611647133385e-02
2.900003531813280802e+02    9.973595657377658519e-01    -1.150276227506061809e-02    -1.861133703237056861e-04    6.690568387260743908e-04    4.160057819356866769e-05    3.250639409143883424e-05    2.279513439789678324e-07    5.095173295210711495e-02
2.900000193691071217e+02    9.994605432940882883e-01    1.161430962731183243e-02    -1.275321819144260122e-04    3.474412598234470044e-15    4.359196354522552397e-05    3.382349212777964020e-05    1.663226922467981842e-07    2.060010694329580949e-02
2.900001837627077066e+02    1.002709312990590185e+00    5.558884752841235146e-04    2.577197067194104269e-04    6.491443171489722018e-14    4.175315187299668017e-05    3.353137874732779305e-05    1.343036114441681121e-06    4.039715520276428856e-02
2.899998252866574262e+02    1.000019539115165612e+00    1.195755614204405300e-02    2.878196114520572570e-04    1.690523699881684707e-03    4.480207318079859510e-05    3.475756027483289554e-05    5.366419066461833816e-07    1.213125218484872022e-11
2.900000929316724410e+02    9.996424535786002652e-01    -3.296424599990579844e-03    1.516004347905151101e-05    1.995037880449923424e-17    4.489649109919309592e-05    3.455824746350164559e-05    -7.281699997575030317e-07    5.996214162519445529e-03
2.899998584654937304e+02    9.994237060882907864e-01    -2.665218823191679767e-03    -4.767282705063277258e-04    5.015410821018453973e-17    4.368049469772446408e-05    3.347293281428734827e-05    1.609232921218849887e-07    2.331283163331500784e-09
2.900001689028463829e+02    1.000694865962184599e+00    3.995007807659406440e-03    -1.402800123967331680e-04    2.884740132666599498e-04    4.334642824850009219e-05    3.362867240316764090e-05    -3.701887237146800074e-07    1.182297646702789272e-02
2.900004636113887386e+02    1.001323220523255397e+00    -1.256244571374225995e-02    -4.976007815044918231e-04    6.443513113732429195e-16    4.634225813319842825e-05    3.530114884474895798e-05    -2.857956595509063188e-06    5.056847727422075431e-03
2.900006506514899343e+02    9.970992253521868687e-01    -1.852188612027817153e-03    -4.466580639971131695e-04    8.009488400139489189e-04    4.407101640150255063e-05    3.428582177932265173e-05    7.810022967784803038e-08    6.387194305758277235e-02
2.900001869768050824e+02    1.000115167103213798e+00    -5.773782906844622054e-04    -2.766767416558245959e-04    1.723426342261371279e-03    4.456346610738811249e-05    3.368011354420760148e-05    -4.712364608683360372e-07    1.128458070830745934e-03
2.900000340940213732e+02    1.003361240919625530e+00    5.653236205194836668e-03    -4.170936614032907507e-04    1.083316006007949177e-04    4.721930907731534629e-05    3.540901550239316457e-05    7.277772037082663332e-07    1.441412880943744316e-11
2.900005611740198219e+02    9.999912937316018935e-01    -4.932424690950211466e-03    3.225900345135141844e-05    8.821145101796706769e-04    4.731804454484290850e-05    3.456365240569193696e-05    1.150784120496415889e-07    5.931523400249334721e-02
2.900006811970910690e+02    9.993208686674405206e-01    -1.743733599385399085e-03    -4.357687081564193070e-04    9.018313775427010917e-16    4.310213386569354267e-05    3.387420984437222667e-05    -3.549101397326738323e-07    6.730998250674669059e-02
2.900001553587476337e+02    1.002146015690382308e+00    4.053582390618645954e-03    -1.337588159134639779e-04    7.864906670807053852e-04    4.494688200216993476e-05    3.500389041082944952e-05    2.190515614556401360e-07    1.695439911697554014e-10
2.900001549725807877e+02    1.001086871552178126e+00    -2.450832523008564853e-03    -4.372827500244166974e-04    1.271040152774885381e-03    4.361374673674689060e-05    3.301945691300215427e-05    -3.272168505875833372e-08    2.095389823373194210e-02
2.899999569951936564e+02    1.002761818876247268e+00    -7.087482694953854646e-04    4.343502325864817451e-05    1.043839464060636306e-11    4.331148018927618557e-05    3.300727576033382930e-05    -9.447063700552787015e-07    5.974147064683010894e-10
2.899999717711091307e+02    9.989706291640281233e-01    7.594384137104965432e-03    1.476659226904191357e-04    1.503093280392207333e-03    4.255192925984242118e-05    3.299176287771763143e-05    4.420208334419224344e-07    6.523167157996375916e-12
2.900001919622185369e+02    1.000186086650250994e+00    -2.473191164628439371e-03    5.288465230368359811e-04    5.650839520432832421e-15    4.377444052903090195e-05    3.519028432170537366e-05    1.838935115597385804e-07    1.875222858391124500e-02
2.900001664423946295e+02    1.001042901441046018e+00    -1.022198218541026842e-03    8.860320502588365924e-05    1.846063960980217332e-04    4.242644455753879492e-05    3.370515912005668638e-05    -9.269919481730579268e-07    3.118284796361617955e-02
2.900001582705510828e+02    9.965759011351374985e-01    -7.654758307431021834e-03    -2.038604727837756332e-04    2.083725428580181303e-04    4.417887098705853476e-05    3.316730575403656681e-05    -1.043224347729652325e-06    1.449819526778386297e-02
2.900003112091275739e+02    1.000811473226160597e+00    6.778748691254199953e-03    3.597376022727096249e-04    4.094453389592467635e-17    4.539829662647417813e-05    3.536648207949063199e-05    -6.408260016069799461e-07    2.388995114720057072e-02
2.899998739295145924e+02    9.969303314545284733e-01    6.460102835869582436e-03    2.756357339476880929e-04    6.798659195245398125e-20    4.501446918708363438e-05    3.493259574130751238e-05    5.439110844463633538e-07    5.496894991752548522e-13
2.900001742193924770e+02    9.994000436666931053e-01    8.644627766823464315e-03    -1.433333140759381981e-05    3.639257412338553272e-18    4.131740413984283172e-05    3.255637603440349664e-05    1.377405743753573886e-07    1.355018604920499997e-02
2.900001448466420584e+02    1.003154748607763214e+00    -2.008899906593186128e-03    4.407797301957327388e-04    2.462492465868739240e-18    4.533332497506960133e-05    3.463617387310819753e-05    -8.408193556953670102e-07    1.786008740365124853e-11
2.899999316651646382e+02    9.983912713058651356e-01    1.370849451128504934e-04    4.116428310946578157e-04    1.037251258463156822e-04    4.461707872156610039e-05    3.365469955737350916e-05    7.212591285278867628e-07    3.166377773237459363e-10
2.899996944500428526e+02    1.000822235616468214e+00    -8.732881896148349601e-04    1.688654169843824921e-04    1.795441540038434161e-03    4.365455543408882445e-05    3.381087832267608143e-05    5.417484468871791506e-07    7.632113600969093304e-10
2.900007921162047637e+02    9.996009254785186426e-01    -2.325840516409284717e-03    -3.708247521895665592e-04    1.377866186377975023e-13    4.387986766687465979e-05    3.359365321217049250e-05    -9.062028591770102947e-07    6.940266325752203480e-02
2.899998750925267927e+02    9.992892468663302497e-01    6.980176711175544065e-03    6.915810605598181511e-04    3.719066728919237836e-12    4.300712247432267917e-05    3.193465098450304129e-05    2.661594837100828336e-07    7.491293059665637540e-09
2.899999187257889162e+02    1.000133141664204084e+00    -4.486308126202016335e-03    4.943076847248163794e-04    1.213997651894717710e-20    4.477823900316625421e-05    3.358645087053262711e-05    -2.047989345890017821e-07    5.154002230358684947e-12
2.900000559704630518e+02    1.000745181435030329e+00    -2.379456444863771100e-03    -7.468147085084424761e-05    8.338193048484242482e-04    4.450586470689820210e-05    3.397894241491991162e-05    -8.350826824915068805e-07    1.792858317346249822e-10
2.899998680415421859e+02    1.000638485669634203e+00    4.247296866742279742e-03    7.397500552286131157e-05    1.343428075265759580e-04    4.488065380732687875e-05    3.426769531963683770e-05    1.661169462142190414e-06    2.379818836080821454e-02
2.900004770809026695e+02    9.989146142533774642e-01    -9.754608702907962420e-03    -3.317482775267937916e-04    1.703169267098912443e-13    4.261625117766528929e-05    3.330301043237944369e-05    -7.816615996153863797e-07    2.843348892123326657e-02
2.899998269457039441e+02    1.001573955560670637e+00    -1.341365026762816968e-03    -9.444361273872646045e-05    8.950666817124618621e-14    4.510536311440820040e-05    3.498064002070848296e-05    -1.746352417721989652e-08    2.695318133565464665e-07
2.900004124893152948e+02    1.001702546412830630e+00    7.538769907737170330e-05    -2.236378135331866990e-04    2.932169379643577952e-13    4.511298088892962799e-05    3.470985693945776465e-05    -2.009846348208348719e-06    6.590836768495122558e-10
2.900003039814943122e+02    9.981472980280244878e-01    7.283793640558727800e-03    3.639578674866174096e-04    2.432284884399355885e-04    4.361999130197152271e-05    3.347862024266084102e-05    -4.704729856609486286e-07    4.619026474548723615e-02
2.899999202839493364e+02    9.987249149851169516e-01    1.004162621874120408e-03    -4.177148201708981760e-04    8.180687671010367170e-12    4.395829195456070108e-05    3.360788755413396682e-05    3.842235113163426782e-07    9.100891574585856804e-10
2.900000207334605307e+02    9.983710995749756067e-01    -7.349855018209373869e-03    1.415801465609508041e-04    6.387394050300302685e-17    4.376601883911618768e-05    3.366239779110211821e-05    -7.251316326354527193e-07    3.812472454313638248e-09
2.900000116537747772e+02    9.987142964260891098e-01    9.078410395232085206e-03    -3.792988729177393121e-05    1.264830296380326044e-13    4.236627130184332334e-05    3.386700600314963703e-05    1.104715275164481339e-08    2.999420495975087332e-11
2.900003565151892531e+02    9.989926797550834348e-01    -1.191235101561631364e-02    3.997887166150533372e-05    6.813677683999534718e-04    4.428214121392263597e-05    3.385375587521301640e-05    -1.116305408640475427e-06    1.014383353456404721e-02
2.900006727292917503e+02    1.000731214169781724e+00    3.580086055697112297e-04    -1.057922594715558063e-04    6.261305383585360519e-04    4.297506865011926138e-05    3.462772033966782351e-05    8.333399686276159041e-07    8.572870711491595297e-02
2.900008355464033230e+02    1.001522567259807817e+00    1.472021442936817873e-02    -1.883439700156395579e-04    1.074734578285412377e-15    4.861390047832626687e-05    3.514013072185956480e-05    -8.697376132696732425e-07    3.920449210317238087e-02
2.900000072148525305e+02    1.000250498025512469e+00    -1.668582253202922656e-03    4.045661831772585470e-04    3.057128955783045395e-05    4.544465938793171484e-05    3.393167105822492933e-05    1.262049889918689575e-07    2.217761436163211863e-09
2.899998423683169904e+02    1.002742595411917792e+00    9.408224885868808618e-03    -4.165113623864146017e-04    1.230764397066486104e-03    4.677326438128136759e-05    3.453183889468766892e-05    -3.840663753265936731e-07    5.416239418725675538e-12
2.900002524749204440e+02    9.989982052790997713e-01    3.892428625611437515e-03    2.374032820509513239e-04    1.714745700324102253e-03    4.242304396071656068e-05    3.256037929128381908e-05    -5.429251881930912385e-07    2.894355705526019658e-08
2.900000535232586572e+02    9.988742461797499583e-01    8.773712731033424250e-03    -3.187078307372903153e-04    2.868410447454623421e-35    4.422648750730966729e-05    3.373337584917908774e-05    5.690253916973474723e-08    8.186022261867427197e-10
2.900001560994687679e+02    1.001635230572467172e+00    4.429857982635534291e-03    -1.555909276708222050e-04    6.633032021415841400e-04    4.658518713782018220e-05    3.513562274288723402e-05    -3.624485522288042534e-07    5.033302322230232348e-11
2.900000131102425485e+02    1.002205345349686416e+00    9.288643613721087261e-04    2.968434922918688541e-05    4.280086859763070993e-12    4.665624776989426409e-05    3.403309224642508892e-05    -6.571553500379851492e-07    1.440215235160298697e-10
