# f_r [MHz] A m phi D delta_r delta_ere delta_eim a
2.900001401137936341e+02    1.001907071178878894e+00    -2.851174283882187011e-03    1.070671568917313266e-05    9.125912513687484902e-20    2.977688168936101079e-05    1.936690746747959271e-05    1.455845756420237887e-06    2.626256687777324059e-02
2.900001816608846070e+02    1.001023621746655268e+00    -4.351799760665090756e-03    -9.239347929472929309e-05    9.356978210643072382e-04    2.838739280162368384e-05    1.913520969508477815e-05    -5.279468193559579342e-07    1.431801264160090844e-11
2.900004083019938435e+02    9.993754135686007123e-01    8.007817729435094331e-03    -3.310054678739216731e-04    9.776241420460500948e-18    3.161335553981792739e-05    2.003385196362171040e-05    -7.991826753750491979e-07    1.317855452677768602e-02
2.900001446430549663e+02    1.002541731824476257e+00    -7.496738735764332459e-03    -1.771210104055217680e-04    1.183099535844442558e-03    2.827958592288555242e-05    2.004243262663519523e-05    -7.936239231024173727e-07    1.692285004916312623e-13
2.900000166480963344e+02    1.001070043670563958e+00    -3.385828742308958240e-03    4.476953990004996480e-04    9.725173243411382861e-15    2.793041533586231988e-05    1.906989018097369625e-05    9.001073701044772988e-07    4.208634963702349852e-03
2.900001656621713551e+02    9.993179272652429335e-01    6.321118985239944019e-03    6.698740021583798291e-05    9.535516979177202168e-04    2.943541961123223732e-05    1.933794492112517936e-05    9.965080725990148861e-07    7.409905628413465672e-02
2.900000386523374800e+02    9.981308887450671685e-01    1.290716895919017488e-03    3.324675759700730410e-04    1.997808295602466284e-04    2.894008723592955394e-05    2.000223675218637352e-05    1.271760609184703144e-06    7.602678484123925884e-02
2.899997303272590443e+02    9.999133839110636579e-01    -4.565710755117522064e-03    -8.100895790482786751e-05    5.590347629232859895e-04    2.792654075188978556e-05    1.933749181026310588e-05    2.366134818905617326e-07    4.337878054660493268e-14
2.900004803022766282e+02    9.984006558281594002e-01    -1.047816631019351727e-02    -1.383098831590808670e-04    7.698784160885205352e-08    3.083260961934545440e-05    2.069314930823463306e-05    -1.794053674435085641e-09    6.086267501352380510e-02
2.900002258485494053e+02    9.982800180086125463e-01    -6.703941738920968403e-04    -2.964438417492262236e-04    5.703643644108798883e-12    3.346936387379550266e-05    2.173247172811445429e-05    -6.686032043397218538e-07    1.227827491758777013e-02
2.900004087789150731e+02    1.001516810879635955e+00    8.038246124343012208e-03    -1.546025473421369406e-04    8.714848949069175097e-24    2.755048878554501677e-05    1.963331435841094515e-05    3.547926667339085725e-08    8.417378988154919454e-09
2.899996111901388645e+02    1.002838101198976650e+00    -1.129905538736452469e-02    6.293705547279756314e-05    9.413485207877950269e-22    3.063499391149817334e-05    2.147741608557847203e-05    5.025229165369020699e-07    4.565883532987582568e-09
2.900002548436889356e+02    1.000334569387986816e+00    -1.173025417216343354e-02    2.043062747406520683e-04    1.321223465070799205e-03    2.894798077160622179e-05    1.922765788485090288e-05    -1.311559503157771556e-07    6.265056867133808206e-12
2.899999124884935213e+02    9.990684658264566975e-01    6.434054611144043173e-03    1.023657407081451286e-04    1.988702686556162019e-25    3.064219280540190902e-05    1.990194893341952476e-05    3.078048541640290640e-07    7.284225518941375576e-10
2.900001834119794921e+02    1.003066377792686481e+00    -1.873657065800557638e-03    2.586436020929628048e-04    7.238587485884803415e-04    3.037932121282434952e-05    1.977411307433119656e-05    -1.609401155589618847e-06    1.065032553760467821e-02
2.900002546571472521e+02    9.959985278460431468e-01    -1.323474406133491469e-03    -2.453858399342332048e-04    1.346141441576454095e-29    2.814577641430357591e-05    1.961607937580670522e-05    -1.389509499488158258e-07    2.531398222140318768e-11
2.899999237428543211e+02    9.970015993992136227e-01    -2.168467157740525814e-03    2.615019048798302749e-04    7.026296523315909504e-04    2.850951129663639857e-05    1.951096887265695346e-05    3.385563012545810306e-08    2.054285646952635006e-02
2.900000928861400098e+02    1.000584511442843771e+00    -2.276502570262324467e-03    -2.172785892732816213e-04    1.971564052527413163e-23    3.249093712541220515e-05    2.188089606623640598e-05    -1.399328369443946469e-06    1.484593262748742459e-09
2.900006382456536471e+02    1.002700203671393675e+00    1.179053105310661799e-02    2.504216492378251967e-04    3.695069243693842294e-06    3.031905521507592869e-05    2.122080633569470675e-05    8.182548424012392952e-08    1.090318553949704700e-01
2.900001752022280925e+02    9.975525402021138133e-01    8.391479303506101843e-04    -2.938682678502940000e-04    1.594412657555049611e-24    2.676319439679364302e-05    1.924167354919501622e-05    9.509631613716972927e-07    6.251743561693104412e-02
2.900008546183930207e+02    9.997215036479114580e-01    -9.777422318469413190e-03    -4.607331093187227024e-04    4.351885051781025104e-04    3.153595154897888899e-05    2.098386476738540481e-05    3.290019431246598525e-07    1.707522371391851923e-01
2.899997368155879371e+02    9.997199273199013358e-01    7.521838202762247405e-03    -3.568478533658517044e-04    5.224044370843517069e-23    3.026291006834623326e-05    2.034539103608108492e-05    8.863863699102010601e-07    8.577110446293176310e-09
2.899999496621030630e+02    9.995713691217390506e-01    8.512687003269648126e-03    -4.891425204948519987e-04    2.109047502226367443e-03    2.984067457329183715e-05    1.979489343727549049e-05    1.214368879029576535e-06    9.977410314189006938e-11
2.900000381899856734e+02    9.980887041893672373e-01    6.285625526917329627e-03    -9.651692177552686114e-05    1.278478565935022498e-08    3.096901388094438904e-05    2.082834260010853845e-05    -5.423705619187372796e-07    1.232433686670788111e-08
2.899994588140675660e+02    1.000876975177757977e+00    3.807988694793341348e-03    -3.698723450855687209e-04    5.197654781924237501e-04    2.873257233145001981e-05    1.980023399604076837e-05    9.246429691879010477e-07    3.623558034735674312e-12
2.900002202214617455e+02    1.000706943084086920e+00    -2.912331499092643723e-03    2.121029478126911622e-04    2.323965089431634465e-32    2.907366152269316175e-05    2.027037153954636264e-05    -1.289690760640985467e-06    3.666799878758630282e-11
2.900004497762391793e+02    9.961196359308895909e-01    4.787960575622745608e-03    -4.074246328270738184e-04    2.240159114564782821e-03    2.727877917822341944e-05    1.970379442432441047e-05    -1.369806051304786201e-06    4.727321125620827930e-02
2.900006709796633118e+02    1.001904557013955310e+00    3.408393139658233775e-03    -1.204370075610884189e-04    2.521901454389859430e-19    3.164975891234727315e-05    2.032301898490507027e-05    -1.134082187447842142e-06    5.180855749053796949e-02
2.899996316704974220e+02    1.000975678264824031e+00    1.006123237994219904e-02    1.423770410248258796e-04    3.049191641638839454e-21    3.065371056928247682e-05    2.096988430047859900e-05    9.741190637605626684e-07    1.295614173956331598e-02
2.900001254547981375e+02    1.002732105146599384e+00    -1.534353520290007928e-03    1.212330129548245736e-04    9.729756190123508441e-25    3.187082689371526840e-05    1.997876713486766459e-05    -3.821015438457410094e-07    3.229382528267176732e-10
2.899997661813676473e+02    9.981899639744956643e-01    2.208942232316166068e-03    -2.793084252147617062e-04    2.420064780785283172e-33    2.858850734276289856e-05    1.978365848139951034e-05    7.618937588010658211e-07    1.983675249511849791e-07
2.900000450180913276e+02    1.001119479048893757e+00    -1.974544537719683402e-03    1.588990092656722658e-04    1.456511757195201682e-03    2.880159962767723768e-05    1.953482379638628690e-05    -3.358128802800798669e-07    1.916886754984892596e-02
2.899999393599583755e+02    9.980013592733730787e-01    3.428186436055378930e-04    -1.662720710184105498e-04    4.248611192913984371e-32    3.016297203873154962e-05    1.865789734428592806e-05    -8.429241593655218804e-08    6.009187789313264612e-10
2.900000941438985933e+02    9.999960441987587600e-01    -1.033674325621731886e-02    -8.334299108784766008e-04    7.634289763753685995e-04    2.992940676696555010e-05    2.028673365159128266e-05    7.983276890686440897e-07    1.018014525739150065e-10
2.900001643853899509e+02    1.000888150600141024e+00    3.561740327029832881e-04    -3.422318096432238536e-04    6.464802315486647607e-25    3.299095932995232413e-05    2.078298220743290525e-05    -4.261934481347250842e-07    5.490033513053512866e-12
2.900004071628468978e+02    9.976662192123464390e-01    -2.603499718649757329e-03    -3.464930132069283532e-04    2.222691672955815248e-22    3.080770965184309953e-05    2.022087378722795659e-05    -6.708438035169730813e-07    1.246064711264643736e-02
2.899999072942571274e+02    1.000746195680485062e+00    7.575880294431667529e-03    -2.840656038728147544e-05    8.859711039890973269e-04    3.207875432553041080e-05    2.030962071371011809e-05    -8.463472950800098186e-08    2.571244922548480086e-14
2.899999173116918882e+02    9.999925769275843646e-01    2.288370471003070821e-03    -3.863387936896964443e-04    3.619287937090107554e-04    2.952314576892457488e-05    2.049549174111309595e-05    -4.861787744122969692e-07    8.120361891772214414e-14
2.900004582179606700e+02    9.999307194909136109e-01    -5.618001474492335251e-03    -2.455169173486138317e-04    3.225002056839794586e-16    3.133466560565486371e-05    1.986325455752585188e-05    -6.385683833185788230e-07    1.568707904233965916e-02
2.899998604326646614e+02    1.000440089635737939e+00    -4.161961718750502304e-03    -7.234602214247746901e-05    4.731787466558054229e-04    3.276639178110069608e-05    2.073782417878015306e-05    5.213871976703775908e-07    1.232888488959412956e-11
2.900001541180896538e+02    1.001572421074497843e+00    5.451611137610839477e-04    -5.611160668308981959e-04    2.279022203712021896e-27    2.943173301816537208e-05    1.913289714443521065e-05    -4.410882125254765826e-08    2.358622103696248265e-02
2.899998582052446068e+02    9.992675261164835065e-01    -1.841167822042426858e-03    3.744085273463328449e-04    2.303761840203900283e-25    2.817422972262217576e-05    1.905801715328438048e-05    1.328354346387508093e-06    6.981062561528860258e-10
2.899995563816445383e+02    9.997762818793916040e-01    5.308782884596062804e-03    2.930213610813274072e-04    2.359074095160797030e-13    3.177165093155502026e-05    2.124010634547736636e-05    1.969425289200850025e-06    1.345929981367394525e-10
2.900007298134970597e+02    1.000547376570567693e+00    1.251125791348924390e-03    -3.144968532146374973e-04    2.062864526813718274e-03    2.871016306180882810e-05    1.976698506467365699e-05    -4.571419844366200995e-07    8.492501823577318365e-02
2.899999793756174995e+02    9.998297808963102495e-01    -3.007660336898995788e-03    5.374649899342150887e-04    3.631252575746700411e-23    3.127936316587491897e-05    2.094964974541537104e-05    8.772443025032070544e-07    4.443969510123769379e-10
2.899999301161739140e+02    9.976340962207960184e-01    9.026100706059317792e-04    2.496964128487989733e-04    1.968753127845888786e-26    2.874539744311675442e-05    1.954454049851647916e-05    4.682009508004152470e-07    1.379938207688198712e-03
2.900003963836365415e+02    9.962101779703269600e-01    -9.134438781401138172e-03    2.250207372789031143e-04    2.278382689035661834e-22    3.001447841208121223e-05    2.024862047006407753e-05    1.407890931080624757e-06    1.309410436990027238e-01
2.899995150936983919e+02    9.993589371763591522e-01    1.804034997249956808e-03    -2.421746994235030850e-04    1.805400055680771382e-03    3.036910044373360203e-05    1.998243315601450448e-05    8.472212494283168376e-07    2.577063566484706689e-16
2.900000472771098430e+02    1.001381805051339446e+00    6.555685993716774997e-03    6.423091940296779372e-04    7.490258239791580761e-04    2.971410939329599345e-05    1.972177153471737007e-05    5.483064923198682790e-07    3.695786450289450381e-02
2.899997273941366416e+02    1.000654295732666510e+00    9.389383353185471598e-03    -1.160066644979662278e-04    3.601425364085157616e-28    3.002780402671135847e-05    2.047698246198179970e-05    3.560538368310309668e-07    1.016194689454487610e-11
2.900000517114958711e+02    1.004093502621057787e+00    -1.048211177259906340e-02    4.612048432508073404e-04    1.692946540752994977e-03    3.089232395233053205e-05    2.052471357637264144e-05    -3.205711859716173872e-07    1.788398790151116731e-12
2.900004603816891517e+02    1.001883722871446558e+00    -6.120559355257956975e-03    -2.215792016648393829e-04    1.018036547859604629e-03    3.051676876351073976e-05    2.018624487944931521e-05    -1.077069550858741806e-06    2.371025717619071233e-13
2.900008317321079403e+02    1.000946064188368956e+00    -8.312521251886957271e-03    -1.769916687531311735e-04    4.621084126788168743e-04    2.986298375654383003e-05    1.997787413722673999e-05    -3.073262413929105355e-07    7.819656879978070796e-02
2.900000344548193993e+02    9.989666640939819375e-01    6.178539235906312099e-03    1.210373274370913027e-04    5.301463208603876401e-27    2.989572351266673401e-05    1.966617266569908520e-05    -2.412118239055582349e-07    5.238952139725942250e-13
2.899999473035572350e+02    1.000667770027453773e+00    -2.080273275061988916e-03    -2.956839225270761415e-04    2.095687750304899098e-04    3.021875142192018452e-05    1.993118856304805555e-05    3.611303113331179097e-07    1.970286212590773023e-03
2.899997708722251559e+02    1.000007992951436275e+00    8.371085036821577369e-03    -1.590115495110734709e-04    1.024144993294120576e-23    2.957778919732103443e-05    1.952703926946632851e-05    4.197878329468701261e-07    8.993299403175750860e-11
2.900001250454996011e+02    1.002962368022904505e+00    6.997816718634078045e-03    9.017465293252744307e-05    1.120329122456705003e-33    3.223533959634973100e-05    2.104335518076045901e-05    -6.794183857493375400e-07    1.742122624112307597e-10
2.900000169069247136e+02    9.982238939269765243e-01    1.563330571140911836e-03    4.984186605811323132e-05    1.266880107524282623e-03    3.075738927471316226e-05    1.985849137230697082e-05    -6.840207142848718999e-07    7.995360847630815602e-11
2.899997106469585901e+02    1.000565180131343324e+00    1.078216340549146245e-02    6.896054421235046721e-05    1.734992250739593239e-03    3.158593312440222687e-05    2.107181319321132148e-05    1.190690027025422022e-06    4.311910751074606550e-11
2.900000606372748848e+02    1.000914168176355146e+00    -4.276450318303527849e-03    -2.256571494271371249e-05    1.378648992755636491e-03    3.125283547679831792e-05    2.011241900079119931e-05    -4.674233444389931220e-08    2.942750806874130877e-10
2.899998649686238537e+02    9.980626971162449568e-01    1.264773165725130086e-02    8.559755904573751895e-05    2.105491235684400081e-03    3.039411724501424864e-05    2.080533218563518138e-05    2.576518743799299079e-07    1.954915513967074841e-12
2.900005366031888911e+02    9.991779051689319013e-01    1.529996444041665734e-04    -2.481942929083494603e-04    1.156985567045116289e-03    3.188432553555770662e-05    2.004685865246335478e-05    -1.174679915629007133e-06    3.081260403354341348e-13
2.900001411569226093e+02    1.000417467759638690e+00    4.968595734777150712e-04    3.219108031039544997e-04    4.604077022473602771e-04    2.822318086395797306e-05    1.973494260317959321e-05    -2.977232650676826775e-07    4.771933600968861905e-02
2.899998598097049012e+02    9.989055261968605715e-01    -1.236269966821817827e-02    2.752949616746802478e-04    1.733809541664901039e-25    2.985604100981784260e-05    2.005794615047415186e-05    1.194241748110706538e-06    1.800634128032351997e-02
2.899999535075410790e+02    9.957050464143087920e-01    -1.207993859369732581e-02    -4.384880802279722220e-05    1.166630870416699236e-04    3.079670928406067854e-05    2.094341346045968584e-05    -1.135071255991425130e-06    1.104984609856483031e-11
2.900004975116869446e+02    1.000767162751917239e+00    -1.409638720882586431e-03    -2.750790150912217971e-04    3.649611101615988715e-03    2.975208382783927838e-05    1.969824346022367115e-05    -9.644094774018004812e-08    9.621353971729046384e-02
2.899997685933625462e+02    1.001431253016770162e+00    4.526533655511464672e-03    -2.818310086535481124e-04    8.116066205433490003e-04    2.996639056260875432e-05    1.921743117140138404e-05    1.216248567671224475e-06    2.451618215565767414e-12
2.900006733601528595e+02    1.001794357620177323e+00    1.466659123209593241e-02    8.441422602897080370e-05    2.619781896955237455e-05    2.925825017551709592e-05    2.016922299533527050e-05    -5.863115710641984750e-07    8.868712515376910022e-02
2.899998199701580006e+02    9.981179170940078782e-01    8.785851211530306196e-03    -1.106421183075478019e-04    2.845537362133644016e-26    3.002152506138531000e-05    1.958609122579651782e-05    -1.452908966891770223e-07    1.229946631856680792e-08
2.900000370271342831e+02    9.983834765625559937e-01    -4.093643229437287853e-03    2.937816446800549570e-04    9.364579632244047646e-23    3.007243043400546455e-05    1.982438517476474210e-05    6.713434185306299168e-08    2.855628891748697440e-02
2.899999958320831297e+02    1.004217727458922349e+00    -2.563888389625107087e-04    2.533902679431655237e-04    2.055734242504929760e-29    3.115688916756496673e-05    2.080442616646836906e-05    -2.581393032867673654e-07    1.885509318803494727e-09
2.900002377797700888e+02    1.004662173290071570e+00    -4.757233938486752321e-03    2.598442024528582034e-04    1.964035802169011938e-16    2.908209906683266937e-05    1.936739297354231039e-05    -6.625387704444715795e-07    1.441860685661506061e-02
2.900002210119267829e+02    9.995072266732807353e-01    2.239831587053382755e-03    2.447022414069548266e-04    8.866783383681348996e-05    3.094415956854650734e-05    2.081361535175453226e-05    -7.125052689380417729e-07    1.823434142960428037e-02
2.900000928402459408e+02    1.002400793116843714e+00    -5.827426734250928421e-03    -2.222941846889277761e-04    2.455747870961986389e-11    3.131934353229977097e-05    2.035075329764150583e-05    1.000173127840482209e-06    1.610791952957577020e-09
2.899998412757582855e+02    1.000862254537087992e+00    9.171973557578825056e-03    5.151184582988359035e-04    1.751055801483270870e-03    2.970144142761122275e-05    2.040213030694496468e-05    6.992070926490526659e-07    1.310828112063612730e-09
2.900010511076910689e+02    9.997810692967261659e-01    8.194145290392658171e-04    -4.629420755760047849e-06    9.823884665847415433e-21    2.845004157742579825e-05    1.916849927399114518e-05    -5.275688778964956558e-07    1.205955775503350924e-01
2.900006972215942938e+02    1.000767705744140201e+00    6.455488311322526464e-03    -2.087730287888274841e-04    9.761334610383545340e-04    2.794348055876240693e-05    1.883032919214345515e-05    8.788766016192874905e-07    1.209691358491452456e-01
2.900000047260876386e+02    9.977304291549451420e-01    5.965714205617285784e-03    1.181170002523888971e-04    3.016243987346978841e-32    2.870500273304383320e-05    1.926999881105325230e-05    -4.084558643385640167e-07    4.707059497195700826e-02
2.900000410313340922e+02    1.000645359325547545e+00    7.553648348483205446e-03    2.240734184265501366e-05    4.968789069452805642e-24    2.861929898075065399e-05    1.989488610788043695e-05    6.040212065390179613e-09    4.793317497613745002e-10
2.899998711371763420e+02    1.002170415768123046e+00    3.602446467834592280e-03    -3.445686216879675565e-04    9.141176793807057619e-04    3.272202370662359464e-05    2.102427083063287410e-05    9.875498798291501063e-08    1.262968891281279247e-12
2.900009613592159212e+02    9.995073737478430420e-01    -2.954581433841284473e-03    -3.380609497447138625e-04    2.786861660960009884e-17    3.252534593619243645e-05    2.029207279977123809e-05    -1.370034695420340078e-06    9.978664308136933614e-02
2.900002766278536797e+02    9.981436177998219694e-01    8.550753988329369212e-03    -3.810708421110953426e-05    8.441598161585553233e-05    3.291554208835960571e-05    2.094526901345063864e-05    -7.909847801004538537e-07    2.639367019859960653e-02
2.900005137899636338e+02    1.000032977944316004e+00    2.740260737824751387e-03    -3.407744200384247375e-04    8.768650172398921147e-26    2.951966136617327613e-05    1.944870429799663638e-05    -7.708966470812546142e-07    6.655808657718179089e-02
2.900000655438276453e+02    1.000286689899156034e+00    2.411762652405534564e-03    -1.757205930888266717e-04    6.132468634669009156e-05    2.952935838313831544e-05    2.020127941440602620e-05    1.871825918658109477e-08    5.828987324818922021e-13
2.900003551317558959e+02    1.000053804606191754e+00    -5.774615700385322958e-03    -2.741611338239708729e-04    1.184543662441403126e-31    3.042689547104009536e-05    1.946666285223290339e-05    -2.588105729982477404e-07    2.543255697187521851e-12
2.900000997613292952e+02    1.001193252538152390e+00    -1.126259450901689364e-02    -1.739512188766940742e-04    1.407862568994378066e-26    3.027318010613817029e-05    2.011171483105710716e-05    -2.292433322568657026e-07    1.164639645910464665e-12
2.900008685625236922e+02    1.003203498711967345e+00    -8.422291288391592010e-03    -5.227664620441761691e-04    7.156030064516360860e-04    3.216844314356252950e-05    1.961146148273858479e-05    7.217148619511462399e-07    1.114977275034792215e-01
2.900001391584073644e+02    1.004174678740423099e+00    -8.157828171922629559e-03    -8.068667237400000281e-05    3.542164361654172299e-13    3.283773070410637746e-05    2.184277202628564859e-05    -7.805934610604276334e-07    7.086168189323843280e-10
2.899998523099600334e+02    9.994994240874091052e-01    6.522846215934263205e-03    4.550272105678597446e-04    5.295196878692420318e-04    3.020446233255284101e-05    2.033444775412831520e-05    1.421066777079145608e-06    3.880230795146825257e-10
2.899996565684799066e+02    1.001627868798568244e+00    1.180392318067199258e-03    -7.560516787610991002e-05    2.966513697217988105e-34    3.064137132407667764e-05    1.983087890194871561e-05    7.380292453710359659e-07    8.508756283305311844e-12
2.899996967948541737e+02    9.973152235752146266e-01    1.332631718244612143e-02    2.107763586834518390e-04    1.232431273793554863e-03    3.014219669476138360e-05    1.940591211359903376e-05    2.664184316781637461e-07    2.894282948462871367e-03
2.899999691078053274e+02    9.971324533588027395e-01    8.975365063027075652e-03    4.851545292458152065e-04    6.526298358134061724e-04    2.849527336373020232e-05    1.962271996462115401e-05    1.144764116131741248e-06    6.631720718321348906e-02
2.900003834517765426e+02    1.001482022215524958e+00    -4.340225313853088122e-03    -1.487400244421211131e-04    2.459979879461187628e-05    2.766450590223131582e-05    1.989883286923836743e-05    -4.133539872508751606e-07    9.064386823015255223e-02
2.900000098511036413e+02    9.999987790748912087e-01    5.745917936660589927e-03    -5.154242143993643683e-04    9.833797564928079380e-30    3.011772126881023798e-05    1.873343336123339513e-05    2.154484818163036598e-07    1.019885956004938576e-10
2.900012795871180060e+02    9.971226370529790994e-01    6.472172534815652696e-03    -5.242976158677809927e-04    2.167036832266923190e-04    2.878218351673204000e-05    1.914347950237187303e-05    -7.167127630420275323e-07    2.448900132193421453e-01
2.900000963957510862e+02    9.963844053655015465e-01    -6.551134809935628238e-03    -7.518604845765726897e-04    2.370824654661859174e-04    3.098020619092462972e-05    1.974384741705117701e-05    8.471555355145830766e-07    6.481050279934366665e-02
2.900001976529633794e+02    9.982037995014347853e-01    6.719515383531213422e-03    6.569554344837629336e-05    1.215570151379266346e-03    2.908272600316828577e-05    1.979046319116297133e-05    6.929804321611142767e-07    3.419405212908384339e-02
2.900002925942756633e+02    1.001169849768474895e+00    1.470899781408694599e-03    2.833502560834117215e-04    5.650440263556943260e-04    2.789764057417298736e-05    1.923174969602372189e-05    -4.783860544681675412e-08    1.839316700230969502e-11
2.899998299001667874e+02    9.981072868454611280e-01    -7.318872788846173850e-03    6.067951719184913042e-04    8.727406440119191257e-26    2.868613310133332630e-05    1.968481069141185866e-05    7.573951966902924482e-07    9.597700967763095624e-10
2.900001057321112512e+02    9.982667911293711116e-01    -9.742173929112852432e-03    4.335373714094565141e-05    1.994341924907978911e-20    2.819722283857902838e-05    2.000635207099428749e-05    -6.478362817784627369e-07    4.763182080389567169e-09
2.900011548470290563e+02    9.995395221993853552e-01    -4.600323833515821380e-03    -1.544953131696198115e-04    2.401793249426451438e-03    2.990145777560814823e-05    1.984785460191182855e-05    5.832553920949258804e-07    1.969957262199370507e-01
