# f_r [MHz] A m phi D delta_r delta_ere delta_eim a
2.900000086160626438e+02    9.994715597549616026e-01    1.224615508658133053e-03    1.795947896041672767e-04    1.537092686735360033e-04    5.984352390317197365e-05    4.970347072348619270e-05    9.022200033870022061e-07    1.025597638653491087e-11
2.900001639325950009e+02    9.992911035133309472e-01    -7.053267458006405588e-03    4.396403922644312088e-04    3.294354094851161303e-17    6.179604762306917351e-05    4.976860333908889630e-05    8.362663343666118467e-08    2.240440122564679379e-02
2.899999271201007218e+02    9.996931671230169236e-01    8.186597772588753708e-03    -5.218922642968102640e-06    6.005897606480239568e-04    6.019315769860515551e-05    4.969398670497612055e-05    1.404924767984441429e-06    6.421004547677265940e-14
2.900002423830954967e+02    1.001838533168192491e+00    -1.717625968062654312e-03    -2.258967130842579288e-05    1.117411260468837916e-03    6.082957876350609080e-05    4.958144163756043714e-05    -6.504996139222038727e-07    2.247160189216028045e-02
2.900011214812827234e+02    1.002244290421649753e+00    4.849348459464903477e-03    6.692201484105868726e-05    1.081104603939244323e-11    5.863976835010309099e-05    4.965591507042276757e-05    -2.025665559325787126e-07    7.083585066593878210e-02
2.900004604514593893e+02    9.994308034571847132e-01    -1.232844650848221755e-03    -5.419922992380150472e-04    4.578735347596853395e-11    5.949740802288787291e-05    4.898414113049234033e-05    7.320803275119974789e-07    4.602995885645004559e-02
2.900001131100353859e+02    9.970802658953256126e-01    5.187200243948518821e-03    6.688349297617388316e-04    2.627540650730743921e-17    5.769473691778472863e-05    4.840913937374665782e-05    -7.336420664159551962e-07    3.344200145609295672e-10
2.900000484226602566e+02    1.002965626761255669e+00    -5.009967366103783293e-03    2.089412272661557955e-04    3.491553746246636475e-05    5.808118919810906531e-05    5.039505088487788255e-05    -7.231487099121830049e-07    2.715996702604994321e-05
2.899998145115748116e+02    9.995393141850805740e-01    -1.859404735113551676e-03    2.786948080108487798e-04    1.133473392165808367e-03    5.951102443788143303e-05    4.987073521623384964e-05    8.934842989938952298e-07    5.972158827182310475e-03
2.899999114078781872e+02    9.980297300967905239e-01    9.188871287697882376e-03    2.026880380687419198e-04    2.283157698586359835e-03    5.723298158990056534e-05    4.958277038072144886e-05    -9.820890010684297841e-07    1.922469457301245863e-09
2.900002568400641962e+02    1.001506658112517822e+00    4.528599683091824113e-04    -4.133487596144568666e-05    1.114077849358230020e-07    5.665828117078978814e-05    4.986064218629712762e-05    1.788968338702374613e-07    2.324367618442035183e-02
2.899999633427406138e+02    1.003779333168923982e+00    5.696695475510557029e-03    1.110998054566982203e-04    2.580258416807879431e-04    6.109399310241412587e-05    4.955057608174958300e-05    1.446808106268840245e-06    2.590520093665320267e-02
2.900000665152377337e+02    9.995876070144782410e-01    -1.017303320973782753e-02    -8.714493079672832644e-05    5.926802058757460950e-05    5.995322620582175388e-05    4.893229308979148254e-05    -7.670247949849543376e-07    9.508137690907254234e-10
2.900011109684614894e+02    1.004295796819669961e+00    -2.650268867786561688e-03    -1.644548581491442959e-04    7.690776170335946899e-07    6.127968655262373300e-05    4.955783414064371015e-05    -2.986745065668009595e-06    7.088393047226216118e-03
2.900000462488532094e+02    1.001769231988878905e+00    -2.152807318225033201e-03    -4.737425649989349314e-05    1.495275205450282779e-16    5.950553636591349648e-05    4.855279267275441251e-05    -5.623328383916047240e-07    1.069417407992032356e-10
2.900001663194128128e+02    9.978402743495944360e-01    -1.998092743112135552e-03    -8.762541714194621784e-05    1.629679098104215798e-12    6.059130475334585306e-05    4.995651318714558448e-05    -4.451015382429876029e-07    5.086004800913103072e-03
2.899999399751127385e+02    1.000265735100365649e+00    3.347455882203057616e-03    -3.055220752863442905e-05    1.420972507869515270e-03    6.043199357329481021e-05    5.071629410652597834e-05    1.258023871979561996e-06    4.849596636079175731e-03
2.899994966034213348e+02    1.002473378847527297e+00    1.065505938593451669e-02    2.073279940803020587e-04    7.849076071197564270e-22    6.071456906214004286e-05    4.985359693647187674e-05    1.864683457067678712e-06    5.409255114223442682e-10
2.900000968488877220e+02    1.000035930672168227e+00    -1.037795170926168048e-02    1.083575864095239052e-04    1.334668623848518968e-16    5.818762945552551433e-05    4.844530250550872823e-05    5.454511875023449944e-08    9.936302348460337996e-03
2.900001694680523201e+02    1.000549502234725718e+00    -6.321964793230372241e-03    -2.054889347843659228e-06    4.877790690191974675e-23    5.903838495438601478e-05    4.955940738772163142e-05    -3.678684199524366752e-07    5.001808919273104144e-10
2.900002219531162950e+02    1.000941895605997889e+00    1.431130026136154948e-02    1.914332346724387571e-04    1.170154914995895749e-15    5.801501100793571899e-05    4.895903390334782460e-05    7.978916115218895836e-07    2.652725983116414540e-02
2.900009421896305071e+02    9.988294199415961305e-01    5.781625714327988559e-03    -3.377625686624372578e-04    6.262640780969965003e-04    5.892598433401271879e-05    4.983605493412987877e-05    -1.375008800986379519e-06    6.703223921257805973e-02
2.900001640968267225e+02    9.998789575651834127e-01    8.357948360810852143e-03    -3.065713261907938880e-04    1.653811060900912459e-12    5.869398639775961709e-05    4.933976242770379882e-05    -7.651324116697617964e-07    3.822790347838341207e-10
2.900003424337165825e+02    1.000961404578914360e+00    -9.224943266614661977e-03    2.473864381763344559e-04    3.051372752002650433e-15    5.918661466907633109e-05    4.959291600398872007e-05    -7.134802814963613805e-07    3.604831063263115218e-14
2.900003350508167159e+02    9.981953667322555068e-01    -6.887557593302513770e-03    1.627248874704712662e-04    4.682200679258335637e-04    6.113120997432587144e-05    5.118518279533439624e-05    -1.734342051354109144e-06    2.122714915543785254e-03
2.900001324132771856e+02    9.997189390789016361e-01    1.600651720239101242e-03    2.588364823410400743e-04    4.292153345432073077e-04    5.866382462439373669e-05    4.802741016083765958e-05    1.152569457423571576e-06    3.074758909970150625e-02
2.900003029292540191e+02    9.990398460644708267e-01    -7.329362844222420993e-03    -4.609368054765061382e-04    1.137208808351802698e-19    5.760268189750997631e-05    4.808030652899929327e-05    -4.131424957681932946e-07    6.240008736474391222e-12
2.900002945089499349e+02    9.966959728539183105e-01    -1.532846653256172932e-03    -3.883340526959406548e-04    2.052331248224071008e-13    6.030806451899083684e-05    5.029426672084037710e-05    5.663863592533306723e-07    2.913380681613171597e-02
2.900009641936220532e+02    1.001169493278105671e+00    2.496302201202537860e-03    -2.000961488525335467e-04    9.151785907191634702e-04    6.014139585681209800e-05    5.118085233773713387e-05    8.425528878767382615e-07    1.072915098190060923e-01
2.900007916974632849e+02    1.000668405465623634e+00    6.419374007626769268e-03    -4.446903260507072391e-04    5.284392573193320075e-20    5.947155413555737320e-05    4.968490190151636157e-05    -5.981929832578558936e-07    5.507402452800407716e-02
2.900007281754861310e+02    1.001263670203472733e+00    -7.550129902371513491e-03    -3.837529049023839355e-04    2.091672975820857016e-12    5.933667980866406217e-05    5.096661181859003250e-05    -2.705224474189686256e-06    2.939254702917569115e-02
2.900004448753206248e+02    9.986642950056787704e-01    2.295133180751897806e-03    -9.591606108644099710e-04    1.203176317603729442e-14    5.925011073752979953e-05    5.102230606365107428e-05    -1.321757414940889744e-07    2.235531318727218900e-02
2.900002378358670967e+02    9.977915323563439909e-01    5.460578903775825665e-03    -1.444570986602995374e-04    2.709972478745093169e-17    5.922266456765989159e-05    5.085676643813856387e-05    1.440920053725686949e-07    5.349722880479264482e-03
2.899996577171036165e+02    1.000472114176968574e+00    5.748734170766793203e-03    2.842872070470308711e-04    4.257752320059146243e-04    5.831840851190353065e-05    4.962449820931959525e-05    2.161201277304157279e-06    4.691865757638320753e-10
2.900002221796236768e+02    9.995870523909623495e-01    1.383181642917244219e-03    9.919922934859546401e-05    2.407867990198870990e-14    5.987821487301092974e-05    5.003176331763109708e-05    1.385602116312312872e-06    2.932193526794551336e-02
2.899999999999855618e+02    1.003444690484347923e+00    -3.852753364108674194e-03    3.190501114525712148e-04    1.953246166313902111e-04    6.322281633422496166e-05    5.130007146045452437e-05    1.394754508176445340e-06    8.092455464569857761e-13
2.900002363646563026e+02    9.972224389406095790e-01    6.237463443467860906e-03    -6.420291433508728543e-04    1.796853818573585437e-04    5.950743204193578099e-05    4.918163040326732323e-05    7.311179537156895675e-07    4.603538287629369702e-02
2.899998624339082198e+02    9.991823679776452583e-01    5.333971441443487518e-03    1.996474693188837312e-04    6.590411890444712635e-18    6.062420813234374459e-05    5.017595113957822392e-05    1.201467086465782242e-06    4.440609099934817501e-10
2.899996152040014294e+02    9.996788075802881535e-01    2.046702361110652735e-03    -3.880708155311078308e-04    2.125338010594193209e-17    6.171616743389765538e-05    4.966935856882460400e-05    7.723771115970672650e-07    3.114479759993563241e-09
2.900002678776860421e+02    1.000110065036875051e+00    5.919689737782313221e-03    3.260476847472714075e-04    6.982749218437431888e-04    5.780112785917810388e-05    4.903182182278052829e-05    -1.928537658619423611e-06    1.227877822465024810e-16
2.900006200263320579e+02    1.001434734106199320e+00    -3.640966786073944472e-03    -2.261630403060342902e-04    2.526610662729221497e-09    5.825013841672208064e-05    4.931880284080191368e-05    9.290290446197602179e-08    4.123944408524765626e-02
2.900002361757194080e+02    9.954140737909136227e-01    -2.989035837742776754e-03    4.790565108212360885e-06    1.505350574949080884e-03    5.892700536680891931e-05    4.937213678877433925e-05    5.547429910097186974e-08    1.287734798039724335e-02
2.900000413359834965e+02    9.989290427948720463e-01    1.169207557275317617e-02    -4.369237607967137995e-05    1.041649305458473580e-03    6.042072711198906139e-05    4.966849346196225022e-05    -6.867686701070527828e-07    1.474740147019576294e-10
2.900002951522621970e+02    1.000738577109945959e+00    -3.301391573537880691e-03    4.214270460123858694e-06    7.111084977828006591e-13    5.817402813605423919e-05    4.898190930086114672e-05    -3.900560161815936869e-07    7.342855731462301014e-03
2.900000774919445803e+02    1.000516482007353103e+00    -5.892119431226332200e-05    -6.049566364413043614e-05    1.381123248835972820e-03    6.092646300716465086e-05    5.100729305179475982e-05    -5.597055874154268391e-07    7.349732854471064747e-13
2.900001431851351299e+02    9.955858305023345123e-01    -3.397569117300541265e-03    -2.011727261441457397e-04    6.229167162386203306e-04    6.291496970044553898e-05    5.112441775406933417e-05    -7.469760697246616905e-07    1.177822648914801477e-14
2.900000336050954957e+02    1.001983149622896807e+00    2.573626102985298323e-04    -1.187660960170555744e-04    5.540259877781049065e-12    6.352424585166665844e-05    5.200820845477223647e-05    -2.134965026454823203e-07    9.527849827904374936e-11
2.900001526259486013e+02    1.002604138842773107e+00    -2.389072292422925615e-03    -3.739733950305831065e-05    2.070625377710384111e-04    6.037100753989029737e-05    5.073794283209129529e-05    -1.205255337537987477e-06    1.219894290207740230e-03
2.900000458738209659e+02    1.003981357920730177e+00    -3.107270991122593152e-05    8.714151805261270104e-05    5.652959281731825738e-04    5.958967918615336486e-05    4.936838354470472322e-05    1.389614431073093219e-07    9.175132103397664739e-08
2.899996645681721361e+02    9.992287007632693063e-01    6.136064466743351535e-03    1.391724474406910673e-04    1.169849835413116004e-03    5.740885156812459923e-05    4.923619924586962096e-05    2.341743981148216941e-06    3.172954198663706246e-11
2.900004128631111939e+02    9.981360032152239992e-01    1.451551990592972160e-03    -1.034523547494285749e-04    9.269927941461585940e-14    5.796356820049640619e-05    4.961649893299519340e-05    -3.248589498011362133e-07    2.249370856734037374e-02
2.899997962088719419e+02    9.994219396442114434e-01    9.910666457165470677e-03    4.497106845813365807e-04    4.980464262656433697e-04    5.994061905599577469e-05    4.968711039132677002e-05    6.876829629192658247e-07    1.111124061053903040e-15
2.900000273674642699e+02    9.975717049396981562e-01    8.148706085504428542e-03    1.562096378362149514e-04    6.605862668021853275e-14    5.934245294208124354e-05    4.920490035776087950e-05    -6.714116725770186746e-07    5.563617670311695331e-12
2.900002006888120718e+02    1.001948541640543588e+00    6.435203093418774903e-03    8.533195864712779608e-04    1.672970943006342904e-03    5.894337372324156378e-05    4.960690829825788130e-05    -9.120245958249052462e-07    2.461672633170111971e-10
2.900003497672908566e+02    9.974783597060480345e-01    -1.007747656119102435e-02    -1.611963272951976237e-04    1.109037660738232140e-03    5.909314426687210125e-05    4.955071330119589887e-05    -7.268982257611902847e-07    1.998433430363242072e-02
2.900001485225547526e+02    1.000378737589570965e+00    -1.036662064769339545e-02    1.232699276213106066e-06    3.186351398321467622e-12    5.911827455204265265e-05    5.050912811500268362e-05    -5.853443319889086497e-07    3.940274767537886233e-03
2.900005027791065686e+02    1.000398422626450623e+00    -8.214699091078785792e-03    2.421452519491191808e-04    2.763449829423738291e-17    6.050625238357019222e-05    5.018313203122090756e-05    -1.001803354191383046e-06    1.748609299296249170e-02
2.900001499530303590e+02    9.992272791684797539e-01    5.994814364722001951e-03    2.791186520667746193e-04    4.651897038546276893e-09    5.995383798685929258e-05    5.012071595933046504e-05    2.549512736402810743e-09    4.525673361208599613e-10
2.900002918145584090e+02    1.001670874272787337e+00    8.384894948935246728e-03    -6.116155227928742359e-04    4.320458739328841998e-11    6.090576842251543789e-05    5.067618947375450357e-05    -1.422843132842194622e-06    9.901586114310381020e-03
2.900014140838500225e+02    9.960134765036072757e-01    6.031477304759116746e-03    -3.046632060622931444e-04    2.653216647960994098e-12    5.996789227600906420e-05    4.999532898074695962e-05    -3.906752821088861779e-07    8.451581188170829984e-02
2.900005078014300466e+02    9.993980978336142185e-01    -1.035207996213777758e-02    4.065352124565935741e-04    5.541473228800359406e-15    5.989619475682137812e-05    4.972812046908328578e-05    -5.242015091662069921e-07    2.597157807429869084e-02
2.899998466231886596e+02    9.996059511894112015e-01    4.776707904943620735e-03    -3.439570938250656844e-06    1.255092763307167156e-20    5.949250559382150791e-05    4.985787186944049557e-05    1.282195130515053097e-06    9.439755148658522318e-03
2.899997847523498535e+02    1.001141870484191010e+00    4.456431708174925233e-03    3.171998623606129555e-05    9.710831044130339035e-25    5.726966235218379145e-05    4.913111698522089571e-05    2.857382164672684816e-07    2.155956834469333168e-11
2.899998504660156868e+02    9.964132731916846009e-01    -4.830343969937620527e-04    -5.255801345731731948e-05    1.495421869973200500e-03    5.848142735780384666e-05    5.032798941925166258e-05    -5.366970144251209817e-08    2.160743133919240276e-14
2.899999444636403609e+02    9.996116601540128155e-01    -2.738753590893489433e-04    -1.841522055641589106e-04    1.268128027672999402e-03    6.144140324994688579e-05    5.045671385729741767e-05    -3.282983404233775687e-07    3.847669956585739683e-12
2.900000927570068257e+02    1.000710490474999270e+00    -4.440152123230398269e-03    -2.935295492086095813e-05    6.007074458217357521e-14    5.878038292219119163e-05    4.989839238247031542e-05    -9.227661480937251485e-07    3.973031337894239339e-10
2.900002903981279587e+02    1.000341263506954403e+00    -4.793192557703004376e-03    -2.310056862335966145e-04    2.304566247265502424e-03    5.951068482795753034e-05    4.894672208296905607e-05    -6.785523377374377415e-07    1.255217976440301149e-02
2.900004906407048679e+02    9.967032674039121298e-01    7.615506529334678705e-03    -5.503500940838822333e-05    1.672850181240718557e-20    5.928824763874954574e-05    5.044957054045512863e-05    2.151808268778007346e-07    1.409014042096241194e-10
2.900005134604782597e+02    9.976261743615500999e-01    -8.275921999871238208e-03    -2.205541691897469321e-04    2.518688739755040684e-15    5.709798509961430701e-05    4.768226115400779050e-05    -1.380355250481467961e-06    3.034199961197979814e-02
2.900011487249733477e+02    1.000654875482923423e+00    1.002271068301695441e-02    1.995710114002170374e-05    3.929296075511478237e-04    6.083388184477898084e-05    4.854694036916801106e-05    1.008364180901006979e-06    9.244518045330916978e-02
2.900002152746160391e+02    1.002085634111719470e+00    6.361170002243928326e-03    5.214716514350974021e-04    1.181893384580378827e-08    5.956023606105546083e-05    4.891144543524714514e-05    1.259253443552028470e-06    5.211739364823315609e-04
2.899999862263051682e+02    9.992087955173803993e-01    -6.162215858734168376e-03    -5.619175973776136104e-05    5.161952172937360646e-04    6.110275467432400810e-05    5.063767670365585549e-05    7.654042967941145947e-07    1.255034732101555884e-11
2.900011143987127866e+02    1.000021757359890850e+00    -1.150033329002388225e-03    1.557702904749177001e-04    6.128723400897919605e-14    6.058539799822040297e-05    4.911389033125546658e-05    -2.038735652037187506e-06    5.124467320204525306e-02
2.900000186893685736e+02    9.974532763119327017e-01    -2.706427466158203149e-03    -4.350965307045699670e-04    8.170660371802410615e-11    6.325347451075428301e-05    5.098282715220321107e-05    -3.946866468640245394e-07    1.261684647094291736e-08
2.900000134486460865e+02    1.000873437213912975e+00    2.938855350458889973e-03    -1.705945459855044070e-04    2.193807331129089518e-04    5.893487245873478276e-05    4.918142674662591331e-05    2.884821669597218089e-07    2.726923170285431436e-02
2.900007982933423705e+02    1.001112165820300159e+00    -3.246032801202638780e-03    -1.316732128746957739e-04    4.157404087525090865e-10    6.420955810528150727e-05    5.061350900477464048e-05    -1.927708697705147603e-06    3.664787701222149002e-02
2.900000528461831664e+02    9.974210705908845842e-01    6.261706530400906918e-03    -5.368390356508518057e-05    5.356570188874892674e-04    6.080722229461066596e-05    5.017059137842386739e-05    -2.739696100323898242e-07    7.859988242472156113e-12
2.900006286289620903e+02    9.991037322382340102e-01    -7.905469766381052407e-03    -3.503135230938059206e-07    2.901892690403548775e-04    5.820161083569053498e-05    4.853197016523030379e-05    -3.872696253075644022e-07    3.380238553541953933e-02
2.899998833042549791e+02    1.003861736682268413e+00    1.064425652172429869e-02    -7.779528747590229161e-05    5.818873440563071065e-04    6.186205684683340473e-05    5.004548000579781090e-05    1.558284383189380386e-07    5.288471577809482683e-12
2.899996414718740994e+02    1.001333015249871172e+00    8.144576262836416419e-03    6.563326880847921915e-04    2.552344381508866326e-11    6.023125360979624253e-05    5.039269725966673334e-05    1.597850937970326205e-06    4.920682286965355782e-04
2.899999126803228364e+02    1.000428835976119535e+00    1.717920945166680332e-03    3.963376372669950029e-04    1.203881126755561117e-11    6.279218531864422389e-05    5.154549612957286486e-05    4.352715459372156440e-07    3.656657076077499077e-09
2.900000036888160366e+02    1.001529449398153249e+00    -8.487021895625425361e-03    -5.832429094831746003e-05    1.453906874663569757e-12    6.161420727767739978e-05    5.137355717000893280e-05    -3.892796425671757239e-08    7.805147672825031059e-03
2.900006578794628922e+02    9.993860483447331022e-01    -6.611289958424250782e-03    -9.642791428893490225e-05    1.840422075452622017e-17    5.796414646141343451e-05    4.898504867493750666e-05    -1.324936188513792603e-06    2.614898315622361802e-02
2.900002536238503126e+02    1.002725227119803497e+00    -1.057591687876391541e-04    -1.502945225097355195e-04    7.140992859058904302e-15    6.005773731256364194e-05    5.017633695978893082e-05    4.014633563043856776e-07    1.807710958887972369e-02
2.900002393152440163e+02    9.986690534342996806e-01    -1.778839135402486256e-03    1.733725650911256461e-04    1.244212024848579757e-04    5.816188600219986447e-05    5.001352320844847359e-05    -4.048433576896188278e-07    2.503968858485135490e-03
2.900003817948191340e+02    1.001105205171802348e+00    -7.122946485467239984e-03    1.754088362367984470e-04    7.019100045214546422e-04    5.858227201572808714e-05    4.889635608562810690e-05    5.801401378152089395e-07    3.843531565676439749e-02
2.899999787259969821e+02    9.986610276297693822e-01    2.853247188224008156e-03    -1.397307879951775647e-04    2.609553229544815605e-19    6.064879579743053602e-05    5.099488759368550763e-05    -2.041769493102004749e-07    1.313965583193817468e-12
2.900014425399487550e+02    1.000187736236790137e+00    4.843241150555412620e-03    -6.155112738565652556e-04    1.021623254868187034e-03    5.957995682404345841e-05    5.012352037109410951e-05    1.210960888950283647e-07    1.098354547216532917e-01
2.900002502249555505e+02    1.003535634547590094e+00    -5.972488099023011768e-03    -9.596470502937413352e-05    6.800688376822785586e-05    5.726060194308012869e-05    4.907694384288107157e-05    -1.310938139676820496e-07    5.582187997596275021e-05
2.900011508801685522e+02    1.002462450212576739e+00    -1.180153632727271723e-02    -9.579992309012287611e-05    3.595384313445466141e-07    6.222493012581735569e-05    5.148356221967142755e-05    -2.333456488913070075e-06    1.012790638098057423e-02
2.900001228137707017e+02    1.000880328001719111e+00    -7.173280726902633332e-03    5.191385072702187119e-05    7.252803412028438292e-17    5.886823306520793379e-05    5.037701993542141225e-05    -8.592665438127217046e-07    2.686058398908922751e-09
2.900001904455343720e+02    1.001576481538860808e+00    1.151488901086815397e-02    -1.356557686390015831e-04    1.214911400064950511e-03    5.766001655451888467e-05    4.868036636574581388e-05    2.119500714790119628e-07    1.145793639451031694e-02
2.900001812122168872e+02    9.995301104303185857e-01    1.431800584440254655e-03    6.969051518576010616e-05    3.504873818537469686e-12    6.008866539030609098e-05    4.951110770050035396e-05    -1.742168564607093575e-07    1.022270196229922365e-02
2.900011616006115673e+02    9.982267395744937044e-01    8.038004410805666897e-03    -4.408982812722624860e-05    2.617956608792493239e-14    6.280344791412834234e-05    5.053791267362260474e-05    5.690927733956587475e-07    1.102431766557773196e-01
2.900000261707185132e+02    9.994622597911498874e-01    -1.046544985270369751e-02    -3.634274137547097898e-04    1.627464575685235338e-04    5.987696439409493092e-05    5.022257454676665021e-05    -6.970689000420116573e-08    2.741359692236099025e-08
2.899996180125494334e+02    1.001604213983976477e+00    1.068899221976534614e-02    6.269456785829876071e-05    1.255398810584288077e-03    6.119385658848477646e-05    4.947000040197082758e-05    4.898067390172030731e-07    2.131917419612709385e-11
2.899997905268153318e+02    1.001373077427507807e+00    1.173737016435342454e-03    6.637957668176246531e-05    1.234163183380985020e-04    6.125423662759278459e-05    4.986489219864061943e-05    1.313207585908879553e-06    1.064819131972175288e-11
2.900002008221239294e+02    1.000378478246296776e+00    3.917596373972907949e-03    -5.432834730126653681e-04    1.022598539205726678e-17    6.316185723597530675e-05    5.068531389137565359e-05    5.328450889368184192e-07    7.747548672118366391e-09
2.900008268805856915e+02    1.003121564807999855e+00    -1.052959120919719389e-02    -2.101772081849566907e-04    6.508660884540686702e-19    5.948998029260469230e-05    5.017105846551038500e-05    -2.624707277248725797e-06    2.624040060344163747e-02
2.900005748052665240e+02    1.000964606282552571e+00    -2.960521310364545508e-03    -3.933131482066450969e-04    5.790964063710433946e-13    6.003522792430057811e-05    4.821593746428753870e-05    4.312995893622024540e-07    2.232219916052775519e-02
2.900005267240945841e+02    1.005960855114613084e+00    -1.210695614006862542e-02    -2.615280217741934175e-04    2.934454613657068217e-05    5.857541243757443663e-05    4.969510069366984414e-05    -1.198406877239881103e-06    2.576323472690338103e-05
