# f_r [MHz] A m phi D delta_r delta_ere delta_eim a
2.899999422113074274e+02    9.999029529331667776e-01    -7.221366596049058964e-03    4.620653423801925584e-04    4.260906363406009889e-04    1.978816235780018212e-05    1.004356419789606123e-05    7.383805901326544596e-07    8.878399478087974111e-11
2.900005061502673698e+02    1.000119543638844588e+00    -5.214380578497514011e-03    1.339952301223945358e-04    1.227074076141476460e-03    1.726407988956108798e-05    9.554824725198356685e-06    -5.693555429919655645e-07    2.803772841514316425e-02
2.900002114310559023e+02    1.001606001643432275e+00    -8.922770377095772367e-04    -1.752671206234129517e-04    1.006980499484173841e-03    2.182430976517458381e-05    1.087977015510698434e-05    -3.675658674718350359e-07    4.661046516226108350e-10
2.900006621511274716e+02    1.001124980800570441e+00    8.942670468998546816e-04    -2.190589560195298937e-05    4.794073818643170665e-26    2.258721233585313993e-05    1.075690238781262452e-05    -7.321661756981375444e-07    3.889579128145830011e-02
2.900001098543266380e+02    9.999169511233507723e-01    -2.969646088020735496e-03    5.961181593761080959e-04    6.417366347923868015e-29    2.051606782470446558e-05    9.571798462351434943e-06    -2.293324501065325742e-07    7.593670488973541043e-10
2.900005694174207633e+02    1.002329997747776646e+00    -5.046572629767016351e-03    -4.784308875079988535e-04    5.180864517655915831e-04    1.899515629131871711e-05    1.029619882673262798e-05    5.565135189919367808e-07    2.432346979558607236e-01
2.900000063611651058e+02    1.001035779488419486e+00    -9.925147310374088025e-03    -9.975444912134794810e-05    1.444760896044850905e-04    1.838921433469018336e-05    9.719972373108330170e-06    3.277906628148933061e-07    4.216622268166569237e-02
2.900002647153768862e+02    9.999660205660074741e-01    -4.740834579929163045e-03    2.427804694395139506e-05    2.022099822887422900e-21    1.804906412222992179e-05    8.880814416926645095e-06    -3.050842714648979616e-07    8.014360967890205023e-02
2.900004434015313564e+02    1.001938317509683873e+00    -1.134872753745263130e-03    1.979177837505025767e-04    4.699840620423116491e-31    1.628590796386177427e-05    8.326260345165550737e-06    -6.764706378418374619e-07    8.443295918558344561e-11
2.899998235767995993e+02    9.969787540364227763e-01    3.863080525772894045e-03    4.137018896616741800e-04    4.751314137332566575e-21    2.276233704440829938e-05    1.013641745441032653e-05    7.940437096100614938e-07    1.201822321375023043e-09
2.899996356946674609e+02    9.967808967052365077e-01    -7.193141170442732095e-03    7.352744561607203700e-04    2.363013886765074310e-03    1.941347191060342764e-05    9.391719739381048716e-06    -7.102925699757804113e-08    1.059056951195520575e-07
2.900006832747425278e+02    1.001283833709773807e+00    -6.269443846606327989e-03    1.983464841833380507e-04    6.408480671244118918e-04    1.951767683230911467e-05    1.007668892202557517e-05    2.509775585902504861e-07    2.123913133347535565e-01
2.900005393222010071e+02    9.969918948259349767e-01    -3.986893230095765392e-03    -4.093875651165077771e-04    3.575790888827252072e-20    2.156051065267644196e-05    1.063107672540296482e-05    -4.070382514283883215e-07    1.112021480691756659e-01
2.899998131031464368e+02    9.973300632403017119e-01    2.285658093710551345e-03    1.421749586623762733e-04    1.695905936964518443e-04    2.109787886338055426e-05    1.050698197009436029e-05    9.789852390452262601e-07    2.037458361798556846e-12
2.900000249123781941e+02    1.000735767705391410e+00    -8.673141880404652490e-03    1.687605961494369211e-04    5.765516317330161803e-26    2.031226049047527775e-05    1.047993415517311463e-05    -5.312762913216936593e-07    6.888782125686112971e-03
2.900003134074788704e+02    1.002392972904943447e+00    7.545915945114617905e-03    -1.074374782383261595e-04    1.441889864437492349e-20    2.170507880071853053e-05    1.108587698520611432e-05    3.910147245844197414e-07    6.704207049044035027e-02
2.899996066003531041e+02    1.005064827083925527e+00    -1.864711288093450154e-03    -3.049119134833492878e-04    1.455950594953698118e-21    2.195472417689114269e-05    1.016048188241229380e-05    6.629764986167265155e-07    1.114843507193197480e-08
2.900005647479378013e+02    1.001600627722843306e+00    -1.012731555564918250e-02    -3.839207907829289904e-04    1.353156506119643615e-17    2.102768974253124522e-05    1.026109808164816065e-05    1.671354257598311971e-07    6.471114571703180662e-02
2.900000725181451458e+02    1.002008335202073885e+00    -7.736010287059047301e-03    -4.882723800019048242e-04    1.277853767123669627e-25    2.099135954393870540e-05    1.035459300926475315e-05    3.706566064547768947e-07    7.493257261633889943e-02
2.899999909072877813e+02    1.004269156890735148e+00    -5.915784950809613654e-03    3.141667646086635478e-04    1.064624434807287957e-03    2.044744760405934947e-05    9.752373279063282843e-06    -7.882979565963068885e-07    2.952862248454435328e-15
2.900002148906791604e+02    9.970308163712987559e-01    5.004552169393084414e-03    1.148063170267117926e-04    1.117356630292575387e-20    2.335367536089456007e-05    1.044345336541976514e-05    -1.102631082219813628e-07    2.725896239025220657e-12
2.900002777888216769e+02    9.992607174905701051e-01    -1.532278421959285854e-03    -2.175458154822925653e-04    3.714468537677258902e-04    2.086378311148121326e-05    1.080200324859085377e-05    -9.348704193492666945e-08    6.888082740846657170e-02
2.900005247634425132e+02    9.999035077091538160e-01    1.189154487778482615e-02    -1.793077270197690628e-04    3.787845683191512829e-23    1.829439879652607352e-05    9.927878539470322275e-06    2.858055174047822555e-07    1.390520073721913941e-01
2.899999410207276469e+02    9.997793893817507049e-01    3.104673110678202782e-03    -2.872311470432326874e-05    1.779879776929422940e-22    1.914143520191665093e-05    9.778036626435063124e-06    -7.422970078422616290e-08    1.612969211206179115e-09
2.900011711095338001e+02    9.993836804652459493e-01    -1.163856558899961646e-02    4.086211527039016237e-04    5.106006940257893636e-04    2.401917586092689675e-05    1.085990657798472283e-05    -1.377665351153451186e-06    1.599740063227128029e-01
2.900004970184076001e+02    9.962000160605943844e-01    -5.788457694593455993e-03    -1.219485220016853447e-04    6.248923251323502385e-06    1.906792239239256750e-05    9.825370363508130136e-06    -6.406024856225733127e-07    5.202865220355747111e-02
2.900000308349065676e+02    1.001431678049122587e+00    2.415699223972488769e-04    -6.205556897196519265e-05    7.194764274052311149e-05    2.023678832156061155e-05    1.058357159987370409e-05    1.219783619496204110e-07    7.553824116732012088e-13
2.900000899008186366e+02    1.000372081243702693e+00    -7.566567986163123989e-03    3.329935879190446262e-04    1.713516291283489242e-04    1.833485222014247210e-05    9.739262485459431777e-06    -3.954035823134091559e-07    2.697483100104543460e-09
2.899998349131386135e+02    9.971182119205862504e-01    9.131422582929073217e-03    -4.826058634423544989e-04    5.862815018192689087e-16    1.872539951090167041e-05    9.337941797809292432e-06    3.973272663605213697e-07    5.932873430266208005e-09
2.900002359196481052e+02    9.985873962171976093e-01    -6.127814285439474665e-03    -7.885355056340362259e-05    6.110577491166991811e-22    1.607045247807294087e-05    8.440073950389821966e-06    -3.150619023382639650e-07    7.066694983961438470e-02
2.900005639037897822e+02    9.969394123913771777e-01    4.723865975619585822e-03    -2.515229463309117536e-04    2.792898428741009545e-20    1.972889564658790925e-05    9.561047683576373614e-06    -5.833285824807662800e-07    2.879003011774273931e-11
2.899999406028293265e+02    1.003379172467038227e+00    1.661840238251062691e-03    -2.246724985723859449e-05    1.604640957567527308e-27    2.321580888411973337e-05    1.170619919510436164e-05    -2.118926680487371809e-07    1.775140988384170294e-09
2.900010300879822012e+02    9.986315958337224075e-01    1.338691034736446024e-02    -9.084846399661004965e-05    2.953114345926357559e-27    1.968809105860778254e-05    1.021776967655301546e-05    2.319735175990087083e-07    2.655455488651333740e-01
2.900003627137357967e+02    1.000227395591303692e+00    -6.246569833387750730e-03    2.656480901332695699e-05    3.897292793264424236e-05    2.040287012930634418e-05    9.324468593637843061e-06    -4.267397148734466008e-07    1.270004566776541943e-02
2.899997811124603118e+02    9.975992470494446929e-01    -1.048692119561075824e-02    -7.937976206859734057e-05    5.759895808912505092e-19    2.019113437493501772e-05    9.446266141238945856e-06    3.738291463553168007e-07    2.823794001314339555e-08
2.900000542095961009e+02    1.001059520473019049e+00    3.016387864736905493e-03    2.459690091791554988e-04    1.185821494295250595e-24    2.159303599085450726e-05    1.035748698900394512e-05    -2.288697601959178607e-07    1.237224132795344949e-08
2.900004673234679444e+02    1.002165753178139829e+00    3.248428310778096652e-03    3.487487775382393219e-04    3.123509654648854231e-04    2.004995786133648619e-05    9.972830431076253719e-06    -4.033170670097651674e-07    4.750773950996836636e-02
2.899999586944400676e+02    1.004363636794123105e+00    -9.949725580865140251e-03    4.042789480939320244e-04    1.285423687474924592e-03    2.096518889530688055e-05    1.062102728041896230e-05    -3.829869593265930316e-07    8.293600917216468939e-10
2.900003050315839914e+02    1.003120169856042798e+00    1.044193785328407197e-02    1.962150982591814353e-04    3.203076299303210275e-19    2.024702118636702007e-05    1.049197761285658682e-05    8.062186155017570997e-08    7.212740466125013017e-02
2.899999442173493094e+02    9.968187424897287929e-01    6.391710231547500457e-04    1.456917896848713523e-04    2.097819881112270718e-03    1.833472387822502234e-05    9.390366196043240717e-06    4.231833178680279527e-07    4.153816457071120936e-10
2.900011029466454033e+02    1.001893878085355460e+00    1.776839139337589970e-03    -2.701213221157070031e-04    2.441854351148551780e-04    1.972627951997545781e-05    9.841493573383091833e-06    2.376602981646459675e-07    2.280573503195962304e-01
2.900000382532086860e+02    9.977461802086013964e-01    4.103943820997507479e-03    1.442074069377999009e-04    1.051014250070402850e-29    1.911440056107549957e-05    9.253169344167646828e-06    4.920302400431507333e-07    4.498124884800142748e-02
2.900010323169299795e+02    1.000565356930525729e+00    -6.617837227605097425e-04    -5.304760783495318942e-05    8.619592291932088891e-24    2.053493708828398767e-05    9.860698999859564544e-06    2.293388995464461972e-07    2.091193100576053954e-01
2.900003759793682434e+02    9.990280768221498908e-01    -7.530966488982878543e-03    -1.148345325903805893e-04    6.651188433758043307e-04    1.832171309924600001e-05    9.206640449991886335e-06    -5.129036630918497579e-07    3.144132147332825434e-10
2.899999884591455270e+02    9.988167718448539567e-01    -5.694588031901888676e-03    -6.043351492751661280e-04    1.320644542669359611e-27    1.828802822581774876e-05    9.617108387048344233e-06    3.182276692081671608e-07    5.600705125881162358e-03
2.899996795039670019e+02    1.001170521299572513e+00    2.486889074057013933e-03    1.188955645378745972e-04    7.231988919104840371e-04    2.173082262327619962e-05    1.067010772395864551e-05    8.365231193100402776e-07    1.237399577531833753e-09
2.900002247896207450e+02    9.978324087048661140e-01    6.351366457997317805e-03    -4.212954183421064778e-04    3.596778136057478800e-20    2.075442766024865991e-05    1.074530125810636994e-05    6.720045155545659723e-07    1.841278904437110270e-10
2.899995110649232970e+02    9.952807390934166332e-01    5.750760930786700913e-03    -2.582677359728777737e-05    8.380196882129694290e-04    1.888388076280535897e-05    9.508907444501944132e-06    5.464497049994524609e-07    3.982814531334983418e-10
2.900007455028365939e+02    1.002873050070483218e+00    -4.679671299223295820e-04    8.552013915619387295e-05    1.986006894573642823e-03    2.108821813724548878e-05    9.881355608689585475e-06    3.813907890512720219e-07    1.904320378758374843e-01
2.899999327762621988e+02    1.002293670394186043e+00    -1.656549341033618228e-03    -3.473918594011398331e-04    5.668583527008092589e-04    1.755582253867485394e-05    9.815988497716904765e-06    3.971635550642774881e-07    1.785637687497594078e-10
2.900002658633026158e+02    9.989343530181588049e-01    -9.847104302909628556e-03    9.980637208354944999e-06    4.594989746902883366e-18    1.643724327999513996e-05    9.390121393130631210e-06    1.208965834925695078e-07    6.816526972818554020e-02
2.900000931848256300e+02    9.995755854616992231e-01    -4.159041247453853889e-04    -4.400365595017651627e-04    7.679801023068140919e-04    1.991364649374051369e-05    9.241884025248444450e-06    1.409737593630924534e-07    1.012903641536371117e-13
2.900001343660001112e+02    9.973367827943764308e-01    -1.105081560207257438e-02    -4.526559825980852223e-05    2.357701026751713720e-30    1.768927061149074166e-05    9.469458117805491207e-06    -5.271055781122674538e-07    2.164789616502894083e-12
2.900005478356891899e+02    9.974740350924279353e-01    -2.223496492565763503e-03    -7.753344313676705879e-05    1.916802018447811857e-03    1.748335472191949635e-05    9.634855051981741221e-06    4.421956338360769103e-07    1.789282551610395788e-01
2.899999214362330804e+02    1.000596784863917010e+00    -5.878182617961985428e-03    1.920648079204438532e-04    6.853476865588059800e-21    2.128178195016306237e-05    1.050184273794412780e-05    5.050698001681606815e-07    6.118786678574182386e-09
2.899998457212820426e+02    9.979457900919898039e-01    -2.132286972277921532e-03    1.035879780590347182e-04    8.538203969432792790e-04    1.764887277193453159e-05    9.363601325404595510e-06    1.163469281694716585e-07    7.387139162558500004e-10
2.899996434584501799e+02    1.000281288086432241e+00    3.873188381115179411e-03    -3.429295442367315911e-04    1.315609096997989075e-22    2.094809479790619216e-05    1.076292116191141243e-05    9.826158103945471938e-07    4.419322173370635622e-10
2.900003075673151329e+02    1.001333751742371492e+00    -6.491777137725891246e-03    8.472143271724959603e-05    3.341172755244929096e-04    2.305177132256411128e-05    1.118196047107293982e-05    5.881469697478526409e-07    5.866216638929357130e-02
2.900008676133347763e+02    9.986736168605964137e-01    2.256881340758390333e-03    -4.366957676074869650e-05    5.566285490354842252e-19    1.960853303212876334e-05    1.055235080559813922e-05    3.235159239127281958e-07    2.054025510705745072e-01
2.899998441501037973e+02    1.002767428708388309e+00    -1.199629689364236848e-02    -5.874475970503523561e-04    3.617559949364746331e-04    2.075186242932854574e-05    1.003258126279603848e-05    5.448268117285260646e-07    2.681871741287215725e-10
2.900001859992822801e+02    9.981139024395551118e-01    -4.969034104683701589e-03    -4.449337812032920004e-04    1.528915723910309141e-21    2.183549549449301081e-05    1.049171608954124398e-05    -7.293280060949782805e-08    4.007958593373868308e-12
2.899997821926283450e+02    9.986609434647086836e-01    8.427223848543293969e-03    -2.170263110502781371e-04    1.783811681788915299e-24    2.337488425839728544e-05    1.132529326400393779e-05    2.024921381642890632e-07    2.685657063657862712e-09
2.899999472497684110e+02    1.000918521294442254e+00    -6.341416486442605707e-03    -1.949829609045092391e-04    4.088959963034082034e-04    1.986248813380356748e-05    9.679397438926375631e-06    2.076309223431787303e-07    1.568091535337403503e-02
2.900000323959488924e+02    9.979796560292917285e-01    2.891185371275932416e-03    -5.987626229197021187e-04    1.389386901635184239e-23    2.118380582468710243e-05    1.105879378568718312e-05    8.731764511545072051e-08    6.566314523182878207e-09
2.900007719264829120e+02    9.984295388742343569e-01    -3.978001160202946501e-03    5.694203249147995532e-04    8.227807507006097004e-04    1.902710598420809314e-05    9.476688105246322885e-06    -7.370774100818959180e-07    1.144148937868731536e-01
2.899997201875945052e+02    9.993759527648022889e-01    4.497514974160553639e-04    3.509334667179171848e-04    3.498552574345028410e-22    1.892276296083674384e-05    9.828196076653230049e-06    7.846185401772880112e-07    2.090226513132784538e-10
2.900007983751069673e+02    9.992184669182953005e-01    -5.502749826659554533e-03    -2.207588309540228918e-04    6.194483036580052492e-30    2.117612222846013302e-05    1.072472472908825429e-05    -1.077309066271888156e-06    9.180911014753170840e-02
2.900005711110742936e+02    1.000243347055965071e+00    1.550649896725706141e-03    -4.763342179168192705e-04    1.998879912166883236e-19    2.055269172561058382e-05    1.010883161151141826e-05    -6.498464466626148009e-08    9.971788680481204203e-02
2.899998662251351789e+02    9.995982791346634810e-01    1.241634162813578558e-02    1.662862273967730424e-04    9.751310357297314144e-05    2.061048557957846649e-05    1.026622191585713132e-05    3.957094491635587806e-07    1.171056669545606260e-10
2.899994188349375008e+02    9.975403454544740089e-01    1.195902111090927245e-03    2.184720645603661928e-05    2.305088327004742579e-30    2.043375771415232580e-05    9.900079420437506679e-06    9.201335353331185563e-07    9.188255423371993053e-03
2.900002735515072914e+02    9.975368356486825627e-01    -1.736987629074877512e-02    -1.618722055420116187e-06    8.255795531081915743e-22    2.193680241612642481e-05    1.083661805619121176e-05    5.052458354767404046e-08    1.570024034743084119e-11
2.900003308345625896e+02    1.001268772890318903e+00    7.434666083326170113e-03    3.444397396760441425e-04    2.134074285456549702e-21    2.024503316912753655e-05    1.074027115808175910e-05    -1.041688732734871000e-07    9.782618089078680412e-02
2.900007924783553790e+02    9.985322815177388733e-01    3.802154780613332952e-03    -1.436764420889349023e-04    9.546263653827519180e-04    1.758029701079122703e-05    9.185111360585538704e-06    -9.484161572089431767e-07    8.848604316810394776e-02
2.900001399883310569e+02    9.998450057740384533e-01    7.641351111906612668e-03    2.888686623985770832e-04    2.031120199280648706e-04    1.919093941569126769e-05    1.016872087751735414e-05    -1.639186330447481078e-07    3.177482578048824438e-10
2.900002073783617789e+02    9.981904390278443229e-01    5.653787256731146287e-03    -6.053997890589172810e-05    1.221674819051556346e-23    1.912828782867328679e-05    9.197463140220773361e-06    9.119300134394094932e-08    3.423749726805491028e-02
2.899998409561674180e+02    9.988465888028073003e-01    1.415313734343728175e-02    -7.763524065239317963e-05    5.683839944944870824e-04    2.275717549803558072e-05    1.041527934460802193e-05    5.437231237414149273e-07    1.337867416873084132e-12
2.900003369766981223e+02    1.000757705702343126e+00    -3.427030744822452592e-03    1.282965295144656334e-04    1.287940931378253252e-28    2.240440042249485211e-05    1.050454689516124748e-05    7.400931785076457371e-07    9.056194841069464818e-02
2.900000357665521733e+02    1.003742925384626394e+00    -9.099935405524386609e-03    -6.709083689955903571e-05    9.406600914749662365e-25    1.777304570712816013e-05    8.757237625384419331e-06    -2.311209464505457828e-07    4.822482512968622066e-09
2.899999106295153979e+02    1.001834263219694821e+00    7.905591991308082503e-03    1.463592804592739002e-04    1.272206536410971632e-33    1.966907644680642255e-05    9.857276962989046192e-06    -1.526256049460851910e-07    2.153082410490442785e-11
2.900005994001347176e+02    9.978634884728867505e-01    1.140133929439858876e-02    7.895625308496725698e-05    1.606866893105206324e-34    1.881222026352112557e-05    9.445018657130155518e-06    1.663638393042225685e-07    1.540101083542681493e-01
2.900001792900795294e+02    9.998480308705876007e-01    2.670497096764814018e-03    -1.246565603757589593e-04    5.550354356706410073e-28    1.985783783714996950e-05    9.711617335493307965e-06    -1.121729942805205165e-06    6.627125438898063075e-10
2.900005628855067243e+02    1.000213967930793979e+00    -1.679747801046939815e-03    -2.723905594034665550e-05    7.051136011670782951e-26    1.746280455620532240e-05    9.285493270935479086e-06    1.091403197023726394e-07    1.955209584193659533e-01
2.900002289873481800e+02    9.986129881405215736e-01    -1.215461981318050923e-02    -2.076089343148676626e-05    5.607604066809097381e-25    1.954880665490549318e-05    1.037923924452214598e-05    -2.909034648004180871e-07    5.139902313092037687e-10
2.900003133818502192e+02    1.001662109457867267e+00    1.119289263665874251e-02    -5.099053326408471091e-04    7.579976645501253240e-05    1.981457394258249324e-05    1.087022938662263295e-05    2.422987711475628483e-08    5.658329491062344396e-02
2.900003239409241473e+02    9.986870717412840159e-01    3.577118986603664876e-03    2.428350118283827304e-04    2.991671519048425920e-31    2.152665505112571809e-05    1.033565457039978531e-05    1.284985684769960024e-07    9.868970940013614690e-02
2.900002970438403054e+02    9.984880691783631912e-01    6.214827478434183788e-03    -2.768736318476641592e-04    2.515952882931732548e-26    1.592025943207980921e-05    8.698397367294622511e-06    6.946175340998138433e-08    9.884812509124296653e-02
2.899999590751079950e+02    9.997760220677325282e-01    -4.684144568906120458e-03    3.776736835190143112e-04    9.886889107219747671e-04    2.148803859446044706e-05    1.003750425886416929e-05    9.155304208024213974e-07    2.727521571666762998e-02
2.900003720278223227e+02    1.001529959497170053e+00    -1.430039875815441357e-03    6.872941101641854688e-04    1.388428649720249751e-03    1.738464266572337422e-05    9.559718510404854376e-06    7.053411183664136621e-07    1.155494108935449819e-03
2.900005183219499258e+02    1.002648342571546447e+00    7.003556600000962300e-03    3.178174918222180121e-04    1.826195124454770801e-23    1.935491347854046456e-05    9.434207876197016061e-06    -2.743153174562210941e-07    4.809330367408454904e-02
2.900002051089970792e+02    1.002212745560262519e+00    -8.333707647101618043e-03    -1.394433794498995609e-04    5.576469767154535716e-26    2.332816095241748510e-05    1.092463579474224524e-05    -2.167572708871025158e-07    5.037494820186716449e-08
2.900003296757244016e+02    1.004112407617063774e+00    -2.090954567232935872e-03    -1.719909572530809588e-04    7.326440308681039315e-04    1.700065913868110547e-05    9.240427246642170004e-06    -7.621549503406994568e-07    1.001076628300784782e-01
2.900007790700456667e+02    1.000532511849267836e+00    5.958261173091653276e-03    -1.982429073858532533e-04    2.424922716545447905e-03    1.951278184659389141e-05    9.329091774096499271e-06    -6.670327356619371698e-07    1.476397804439312511e-01
2.899998281949763168e+02    1.002488296576973470e+00    9.009377005228216134e-03    4.574447149030937479e-04    9.520356349783560784e-24    2.042418641713533576e-05    1.034781718832595388e-05    4.390024019792417950e-07    5.428805133083139141e-10
2.900001300174576500e+02    9.980738447484664988e-01    -2.355347377391388795e-03    -1.239168736401274559e-04    1.225835231580168008e-03    1.939295422690541496e-05    1.057051672537867736e-05    8.555466228538352404e-08    1.590353675455141030e-02
2.900008007713989286e+02    1.000592335601576011e+00    5.525960001049002798e-03    5.463886833491668038e-05    1.126288065610893276e-25    2.047569882137876112e-05    9.964105391411307971e-06    -1.983147584302060834e-07    1.645075970917682928e-01
2.899998592211937307e+02    9.996219730880276932e-01    -1.874398166611677789e-03    -1.262052124306309222e-04    1.190116770712594182e-03    2.048877910709764844e-05    1.030031403252840663e-05    -2.454121573819200235e-07    6.216186002689798395e-13
2.900000632906932196e+02    9.993746121918029024e-01    3.509254936331470103e-03    -4.022860553639134222e-05    5.150520208966623313e-04    2.011496336942429755e-05    9.844936000127310434e-06    -3.586783728996897598e-07    8.849286212871404079e-14
2.899997241284419260e+02    1.001352425552245240e+00    3.736202032021026555e-03    7.560368961370483257e-05    6.975659581088314559e-04    1.921943476701619841e-05    9.600526110378955637e-06    1.108048767999546100e-07    3.077651443854873641e-11
2.900005838377292662e+02    9.995091942776160865e-01    -1.184808173445577213e-02    8.230629694317625957e-05    1.279053549252955014e-03    1.929563346039084916e-05    1.029315560638621323e-05    -4.556414764344520161e-07    8.884339216805617334e-02
2.900000506347715259e+02    9.992856273051452520e-01    -4.606130169100343158e-04    2.357292593176254570e-04    2.362396816767101900e-27    1.907057421047807073e-05    9.686472625917403215e-06    -1.791519004537998830e-07    3.508829715897209147e-10
2.900001643322568157e+02    9.994556381176008530e-01    -5.740139826024362197e-04    1.817538319239060587e-04    8.939164347832122791e-04    2.000752328926683101e-05    1.028791320335910971e-05    1.887784965706998540e-07    4.176069755414273018e-09
