# f_r [MHz] A m phi D delta_r delta_ere delta_eim a
2.900008804647421812e+02    9.989410574912780394e-01    -1.440873954472085376e-02    -9.409491452813193162e-05    8.359396151503547947e-23    3.222703996519198506e-05    2.176210785311498132e-05    -5.708842114527111744e-07    1.345764788660001599e-01
2.899998842767670340e+02    1.000340880567262891e+00    7.129386054696743372e-03    6.405507931588730374e-04    1.256244658745946445e-05    3.046311151189590814e-05    2.111470397344443348e-05    8.069794012370758281e-07    4.663573993367769545e-11
2.900000646870986998e+02    1.000004589950396872e+00    -6.811432757783634530e-03    2.329131165983740334e-04    1.255329594351797069e-03    3.342805856788730800e-05    2.253050420809741612e-05    -3.333236526287781091e-07    4.897924358233176914e-15
2.899996994572236417e+02    9.997971027201397742e-01    -7.759587008782079312e-03    3.257844178931247506e-04    2.666694035567792470e-03    3.377695019576044266e-05    2.288024651087336070e-05    1.126490675531845725e-06    1.067083552765233246e-12
2.899998448263319233e+02    9.968978525258274104e-01    -8.366205091909165864e-03    -3.819906494800240902e-04    2.079508585715421354e-03    3.120748211486431488e-05    2.257938871460896810e-05    5.490808696081180464e-08    1.862620157050814697e-06
2.900003727339059765e+02    1.000188127717943187e+00    -3.736163284307072053e-03    -2.071342923159945294e-04    4.550542978520920749e-17    3.194573569373674541e-05    2.195117379122419639e-05    -2.508292598621194929e-07    4.047628859709957033e-02
2.900001027109462939e+02    9.979231221538490404e-01    5.676128265208121859e-04    1.115445637608500297e-05    2.468618293483894853e-03    3.389500862244990159e-05    2.242263235905569963e-05    3.416880817782455983e-08    2.144501357434296443e-02
2.899998350213894014e+02    9.984713920080444671e-01    9.112596173425349319e-03    -1.782051125719578239e-04    9.854505412847694131e-05    3.093451406424752189e-05    2.185330950313889975e-05    8.243724633057473986e-07    8.393194415546929305e-15
2.900003158056871371e+02    1.002345654547431852e+00    2.114371389054640199e-02    -3.429186593520996648e-04    4.206016023066535474e-23    3.305849152010443078e-05    2.334338397672955571e-05    2.284078734363754185e-07    5.200399302971386861e-02
2.899994375277336758e+02    1.002030217995396377e+00    -1.524999710120284249e-02    3.145213022846226865e-04    4.447970060633006629e-04    3.280846029717101984e-05    2.155731262165284576e-05    9.987933059944876557e-07    7.246310173115929091e-12
2.899999384239179108e+02    9.985067894699026780e-01    -5.470949175451022758e-03    2.929921144862494833e-05    1.545934125891547649e-05    3.483886293633850284e-05    2.383087277566175720e-05    -2.839810542684260026e-07    1.793768517635847989e-15
2.900000234962736840e+02    9.971202072662633809e-01    -3.395852893168015661e-03    -2.741810267163885106e-04    3.126243888077072576e-11    3.407592793601157369e-05    2.352719442420751791e-05    -7.468589224504693922e-08    4.801112764409799089e-03
2.900004708014433277e+02    9.988124830433360302e-01    -2.198736173914331467e-03    -6.322022052209692899e-05    1.509443141778618550e-21    3.393239972832768784e-05    2.348483315695382899e-05    6.448957399329709639e-07    8.191424308378039698e-02
2.900000711124195050e+02    9.977840875578295465e-01    2.948254406700628449e-03    1.152058076711730034e-04    1.604597191271619911e-19    3.126021467035518399e-05    2.197905422363757424e-05    -4.672942307389250627e-07    1.944735596762623832e-15
2.900003373144613761e+02    9.965664322874078218e-01    -3.976153809274720653e-03    -5.117970884502264921e-05    1.180214039612018848e-28    3.404556786654485383e-05    2.365288562901222058e-05    -1.742683567041232565e-06    7.863219632208231363e-03
2.900004033683611624e+02    1.001075129907969652e+00    6.602835358273403607e-03    -2.319440982980349277e-04    2.382285783657978506e-04    3.056761275815431003e-05    2.185216989931734253e-05    2.848332330527629711e-07    8.470343756917328437e-02
2.899999036933058392e+02    1.003581530798649091e+00    1.650200843260231061e-03    6.295464839510573490e-05    5.647154095294928587e-16    3.305800913500837705e-05    2.367325238308409910e-05    -1.045954659426764188e-06    1.115092994242005277e-08
2.900001940999575254e+02    1.002898876981727083e+00    2.655736918954819045e-03    4.629866248150739898e-05    3.923613999901567526e-04    3.477635713619458039e-05    2.342411334387659326e-05    3.570772862819636299e-07    1.846030703527930250e-02
2.900003670554484643e+02    9.993539716397171757e-01    6.740206547030895947e-05    -2.595221643073775857e-04    1.908876071241500218e-03    3.420033120374772761e-05    2.281917986294999318e-05    5.438862254197355298e-07    5.042683984401671871e-02
2.899996965587251339e+02    1.000015220484973266e+00    -2.484567956323551624e-03    -4.258809649021459850e-04    1.734615305931857220e-03    3.235343362685774867e-05    2.213652212736564131e-05    1.191301288724190453e-06    6.040985776129936305e-10
2.900000022959796979e+02    1.003333349362049098e+00    4.798562654516389143e-03    -1.789064178887780497e-04    3.571967547902076475e-15    3.168088821072149292e-05    2.212735132611721235e-05    -1.495963406342885267e-07    2.599731359752274762e-02
2.900001935316615231e+02    9.985190003822643767e-01    -1.393619959867013758e-02    6.605264277773205493e-04    1.273718721212372881e-03    3.070743194869065157e-05    2.139714230262137576e-05    2.724605566033467542e-07    2.176192628042743910e-02
2.900008186537921233e+02    1.000914798658764759e+00    1.322686132966478974e-03    1.778370698287772032e-06    3.388857770658239375e-04    3.194126005565924226e-05    2.205079886861614319e-05    1.597004228345238881e-07    1.324845587357142140e-01
2.900000479784986851e+02    1.000974319830505443e+00    -1.361704146402772757e-03    -5.757319203406431130e-04    3.912247410761565702e-04    3.094706385520379230e-05    2.184737516760126597e-05    -6.529165663366496284e-07    9.879749763014712780e-13
2.900007769289215958e+02    1.001086894600109689e+00    3.006508426974815280e-04    4.808044139022722512e-04    1.965275631830801651e-04    3.422904076870793581e-05    2.423248952790024895e-05    -9.940813803013729940e-07    6.132002320086964164e-02
2.900002777084472427e+02    1.000097412335521074e+00    -1.210548502152732032e-03    -2.233113351598096588e-05    3.785861865347735489e-10    3.151823800384658989e-05    2.267614183439251545e-05    -1.830886502588090444e-07    4.648128410454184511e-02
2.900007290395795394e+02    9.987030008566296635e-01    -2.317448935160901571e-03    -2.707877042632578267e-04    9.453977488456063505e-14    3.329184890443980899e-05    2.362466054137571253e-05    4.022428367826824759e-07    9.489489471341554239e-02
2.900001993777680127e+02    9.991042736149975401e-01    5.806876316658226428e-03    2.191936033342487856e-04    1.876064987536967552e-04    3.074433472777470227e-05    2.215980347360809702e-05    -3.852539573632275730e-07    1.284138288463799668e-02
2.900000728569367539e+02    9.986890573140053684e-01    -1.568661969299146169e-02    3.019289342633284571e-04    5.979018821639974087e-11    3.258839629267613143e-05    2.292947360140798937e-05    7.497401120729519018e-07    4.145697100665819701e-02
2.900001759433368420e+02    1.001881108436510459e+00    3.710001439210866125e-03    -1.792475497553686970e-04    1.662845091828797747e-04    3.143259417409252290e-05    2.209594683367620887e-05    7.331674852804548611e-07    4.156496281137102289e-02
2.900005361923906548e+02    1.000575635723550461e+00    -6.681972896728560762e-03    8.397170722455651859e-05    2.512431195796855157e-04    3.536747719153516276e-05    2.390739929057570433e-05    3.097244710578026558e-07    8.869304424707166734e-02
2.899997628096023163e+02    9.984506568351404487e-01    2.959407485618213013e-03    -2.850978184631237027e-05    3.422001311115943547e-24    3.297806286411493666e-05    2.320370969156956441e-05    1.687301868061278494e-08    1.467749763111344530e-10
2.899999112033854658e+02    1.001232954092479810e+00    -4.098304275965441133e-03    -1.865395466556514341e-04    9.671846038643395560e-04    3.170846779800611052e-05    2.142506137167082619e-05    -3.230425361313514114e-07    4.737888290867874690e-12
2.900007027097460082e+02    9.958198377725008266e-01    -8.826854243613128231e-04    8.517745815630072719e-05    2.388185826941213231e-04    3.188432069220124393e-05    2.291574717780800439e-05    6.042514828814581168e-07    1.210292819327391800e-01
2.899997615563979139e+02    9.998447389091894566e-01    -2.670808644661821964e-03    -4.549664426133715801e-04    2.840386782728960338e-25    3.209517334420323927e-05    2.202195150593816265e-05    5.020413366206611058e-07    1.033383451885406694e-10
2.899999665176057988e+02    1.002914509969411005e+00    -4.148962055890914255e-04    3.920542534734219636e-04    8.514632281851007003e-04    3.314270513566919669e-05    2.344674004479121719e-05    1.653741765216587788e-07    1.068176498704249744e-10
2.899997603712955083e+02    9.989756967403825572e-01    3.306910273698488497e-03    5.196699991782103862e-04    7.524635972192368009e-05    3.114175271072933636e-05    2.228687760708497159e-05    1.922628477054578554e-07    2.690377764482516470e-15
2.900008682797590609e+02    1.004055651438907626e+00    -1.813229791572329788e-03    1.709362475661918351e-04    2.648060140323164587e-04    3.356793264219755320e-05    2.261854574955779172e-05    -8.616655170281836477e-07    6.771367842342360110e-02
2.900003272881128282e+02    1.000944619344053654e+00    -7.303321586116695747e-04    -6.158184150347526236e-04    3.387358506918575619e-04    3.056099734456128620e-05    2.232708268429854729e-05    -9.278340335837517436e-07    2.117035132955174683e-11
2.900000832698177646e+02    1.002344304524001029e+00    -2.142150819033423331e-03    -5.093804349637810628e-04    3.911308183042520199e-24    3.142464770653441241e-05    2.213779433698559720e-05    -1.289154910725628188e-07    1.611055538178358869e-09
2.899999883657314399e+02    1.000924512348300599e+00    4.272455826063894027e-03    -2.183207305407727967e-04    1.264377481115430387e-03    3.328989711812625226e-05    2.266805385031491409e-05    3.459641170308984527e-07    7.098201545953646509e-10
2.899999480511922343e+02    9.979936179089891057e-01    3.924938682629295315e-03    5.947137312876669469e-05    2.311593706487503737e-09    3.430460067120459801e-05    2.419374177531219490e-05    8.938618569554793639e-07    1.071625187263487418e-09
2.899999661145051846e+02    9.985046355439579635e-01    -4.145231017818267025e-04    -2.457166017507671522e-04    1.476477091889199782e-13    3.513767798678060804e-05    2.395427065300882914e-05    2.712166237654012007e-07    6.545514906203064206e-09
2.899997809682312777e+02    9.999435540477755735e-01    -7.308812708306514278e-05    4.876357275214076898e-04    2.723056428555080038e-27    3.339143893885552421e-05    2.239592316043424362e-05    9.204363996923656995e-07    3.459725002315094138e-13
2.899998270306667791e+02    9.987252118284410951e-01    -4.451740476982974856e-03    -3.815342768266128445e-04    7.204242528367659069e-20    3.242127179375290259e-05    2.246019661204639846e-05    1.228429402600077630e-06    2.811141965108401516e-02
2.900005582791628171e+02    9.984930673702093751e-01    -2.440103768159349821e-03    7.418186833778974744e-05    1.615900117587570332e-21    3.263945619982969317e-05    2.171655859717510733e-05    -1.037559140660910412e-06    5.391905471445379572e-02
2.900002030800328612e+02    9.993809108974507360e-01    3.869840348050178347e-03    1.599321597728717444e-04    5.966058781260321188e-04    3.109475852638514642e-05    2.287755918776644581e-05    -3.961605418818828197e-07    1.917925459164328641e-13
2.900003510996969567e+02    9.996447754157925525e-01    -3.181983061731829925e-03    1.591596842741327297e-05    7.577368418501999672e-04    3.099591819242373576e-05    2.172775547241618624e-05    -7.968839210355316113e-07    1.734917818920094462e-11
2.900001699897837284e+02    9.992289767159517888e-01    5.812218554543885710e-03    3.318998615568175079e-04    1.872625612722483070e-13    3.336838375726597849e-05    2.301353845821623855e-05    -2.212206071210521221e-07    1.907800207315116930e-02
2.900000956120349542e+02    1.003010622718298439e+00    1.087689944827744531e-02    -1.751625475002319672e-05    6.177128213446800645e-04    3.270392501465583038e-05    2.276683768309515978e-05    -2.320201859615523759e-07    5.485349891323765270e-11
2.899996466639576624e+02    9.991763622036903270e-01    3.679574288427385400e-03    1.194021496132812159e-04    2.160057995968330761e-03    3.345647430389613909e-05    2.213723864147897202e-05    4.469570131468485048e-07    3.452421821868592935e-10
2.899998240388502495e+02    1.003066589527728869e+00    2.256186445908196087e-03    4.336636444098806932e-04    1.404949455579672317e-08    3.306746136988533718e-05    2.346103780243583830e-05    1.980604967985730680e-07    2.634507318336906941e-09
2.900000709590334509e+02    9.994800013265808802e-01    -9.353562968967667549e-03    9.003763091266921397e-05    1.631285845117619445e-03    3.389632481818911219e-05    2.245172938781465818e-05    1.227168005991438895e-06    5.080433195976549049e-02
2.900001056128331243e+02    9.998647189253313528e-01    9.763148377956434518e-03    5.601952938656996092e-05    3.583238929920292445e-04    3.059434914871635977e-05    2.248442889098910982e-05    5.208104104604240496e-07    1.345564988913928143e-10
2.900004209989997435e+02    1.002025761898301282e+00    5.946671591810918575e-03    2.440467737125866894e-04    1.604723553387265432e-11    3.223794300870083364e-05    2.202992807540816916e-05    -3.379127312032227851e-07    8.369934336036641276e-02
2.900003682048035785e+02    1.003275145552734005e+00    -4.659630090282545004e-03    3.174296605101938886e-04    1.245421065983515832e-07    3.427166692762212115e-05    2.386821887607933215e-05    -1.232475624069379347e-06    1.848856765408762183e-10
2.900003038658757077e+02    1.000792260022205449e+00    -4.430542401150532918e-03    6.544470980650542906e-04    1.248905980088415953e-14    3.245226620844004415e-05    2.339076320862676806e-05    1.105959338257979520e-06    8.860246064876189931e-02
2.900000625389841389e+02    9.996460127027075870e-01    -1.059875433431900450e-03    -4.377386161961638799e-04    2.356730034431390921e-03    3.122789393590909946e-05    2.171596489598083825e-05    1.321235553546133657e-06    3.601404432125171473e-02
2.899995569271308113e+02    1.000179229197961428e+00    -3.109068704627252367e-04    -9.454834086219142191e-05    4.151325387566139969e-04    3.201450126579048809e-05    2.232760965386805342e-05    1.469974471901664183e-06    9.721817851079154690e-12
2.899997411036589483e+02    1.000135967251176483e+00    -3.505470061046216806e-03    8.798218692509965859e-06    1.973142829381278711e-03    3.148906166062016875e-05    2.152762713223142898e-05    6.432876125582814322e-07    8.410244490531669850e-03
2.900004563900141079e+02    9.981504443580628827e-01    -3.577248938149114703e-03    5.816204426725154293e-04    2.266566021521337172e-05    3.280310176219731257e-05    2.188921381778522753e-05    -6.348270578934030702e-07    3.895547817354300807e-02
2.900003787892678133e+02    1.000937680575788580e+00    -2.515635007134146579e-03    -3.284284945330639342e-04    5.738163052954167718e-16    3.238849728560824271e-05    2.270385941670073401e-05    -6.272583275655886077e-07    2.494895347743953523e-02
2.899999671915621775e+02    1.000928915638243266e+00    -2.992567066442683508e-04    -9.880932695054493438e-05    8.829650160108033458e-34    3.646198330544622452e-05    2.312023291899781871e-05    6.706008786131536954e-07    4.680332622261028096e-12
2.899999215218944641e+02    9.990578912882519536e-01    -3.236213870521817762e-03    2.793735526705392398e-04    5.550400884154983640e-04    3.376549547759559049e-05    2.350818985044539523e-05    6.042535071799500227e-07    2.819837127381962080e-14
2.900008958152603213e+02    1.001655799464335583e+00    7.883587737018324035e-03    -6.026986078165904703e-05    8.839338148792816526e-20    3.292740612398410439e-05    2.275622732496398822e-05    -1.309906210550969545e-06    8.047305769994743396e-02
2.900002338807974525e+02    9.990751640310365778e-01    -2.087407332334923794e-03    6.499209259152028111e-04    2.324949827203498585e-10    3.191696780149005507e-05    2.202260020079364758e-05    -4.427214196272592861e-07    4.670559462994923340e-11
2.899996884143430975e+02    9.999769633568753591e-01    -5.993101358206538894e-03    2.505684874110239804e-04    9.260894026038858508e-12    3.477151693182643522e-05    2.335483917281132521e-05    4.965258114954642575e-07    1.390238901558474045e-10
2.900004192215849912e+02    1.003772897057136682e+00    -4.770640648161760520e-04    2.171128583725065822e-04    9.038892024101167217e-21    3.166111964308633233e-05    2.159994364555051498e-05    -3.692051815385534453e-07    2.249838384288740251e-02
2.899999117977746437e+02    1.001144401594382449e+00    1.186583820526506718e-03    1.728681303905532933e-04    1.564133449433334185e-03    3.245903335291290868e-05    2.231765843610244123e-05    6.220370710943607867e-07    2.285842667826898378e-02
2.899999926046367591e+02    9.980415819631033303e-01    9.468031104842653672e-03    -3.842630283031719571e-04    1.446997207967555391e-04    3.196771072595671226e-05    2.301821228535357410e-05    -2.292997832626021857e-07    3.284516898700829293e-13
2.900000225887332590e+02    1.000610628876074104e+00    -5.778402974730051421e-04    5.120397200117772453e-04    3.428215904426171325e-14    3.622474792686183252e-05    2.461645324097473959e-05    3.758723949674201309e-08    1.292304402480066489e-09
2.899999107829153786e+02    1.001010623071975081e+00    2.061677996544647624e-03    -5.298209349272980885e-05    1.337144014077344505e-03    3.201824693695030271e-05    2.245872528363399413e-05    -7.522619988498349149e-07    4.686552191462967087e-09
2.899998760016464416e+02    9.987174981890460934e-01    3.437118917945261760e-03    3.210426914299529589e-04    7.854264646783505784e-04    3.417262447262593049e-05    2.350483297012150158e-05    1.356278774051097387e-07    6.560585559375560588e-12
2.900000804054980108e+02    1.000832125087331326e+00    -5.760587713874755489e-03    -4.544238628358881018e-04    9.969145693039653013e-04    3.164637757079394060e-05    2.266707293210943312e-05    -3.564629221537044667e-07    5.740899197117301260e-14
2.900005072425954609e+02    9.995720208863744238e-01    1.237973429973519097e-03    1.463107296921953662e-04    1.161194575858154614e-04    3.326891708866721486e-05    2.348779845801904294e-05    -5.586855759972477000e-07    4.980590424504766078e-02
2.900001018231623107e+02    9.972798243039182609e-01    -3.639720149157800629e-03    3.925292338779390647e-04    7.772719610591010011e-22    3.118598090624927931e-05    2.202161963837505229e-05    -9.878455502696926954e-07    1.533190287924636109e-10
2.899999610949013800e+02    9.995486764233874055e-01    -3.199874243359517988e-03    -7.354897879679162627e-04    1.940787735115926489e-03    3.471663309405181700e-05    2.373319495765750537e-05    -1.831370068694881374e-07    4.831335196614342832e-13
2.900002231762586575e+02    9.978686331011690225e-01    1.313316560450222999e-02    -1.269695836008525366e-04    9.301847738181064041e-04    3.399530747337987555e-05    2.341357124907922295e-05    -2.896320210321350594e-07    6.643348740493980670e-14
2.900001544233613799e+02    9.977458719067544557e-01    -2.480759349833098169e-03    -8.007245766621284486e-05    1.537301444481800573e-03    3.439631004827373108e-05    2.350008306722361351e-05    2.498895071901848714e-07    6.683640376846678656e-10
2.900005902077304540e+02    1.003452596872395297e+00    2.428120545113358723e-03    -1.356670664005486138e-07    2.955139742640412481e-29    3.039876066880604276e-05    2.032896134716744588e-05    -9.970909605834235672e-07    3.591521299322444211e-02
2.899999081502415947e+02    1.002016743675895105e+00    -8.855481392660874418e-03    2.570951257842234682e-04    1.207284924211263320e-20    3.355652540856704486e-05    2.267434356921056040e-05    6.603979745479691388e-07    4.000185897554140204e-09
2.900003281277860765e+02    9.958922449629038498e-01    3.608789004989643515e-03    4.417084132133239295e-04    4.244132884495234012e-19    3.154881667710186381e-05    2.197630180713413558e-05    -2.461710061877383244e-07    3.787145047188161806e-02
2.900005132390582503e+02    1.000762521411030503e+00    -1.759031021971651371e-03    1.809929579125022132e-04    2.653853207798736238e-15    3.144028180043526521e-05    2.113345427821699515e-05    1.169716756143213743e-07    9.661309640140457178e-02
2.900005720228122641e+02    1.000521359649020559e+00    -4.780611185731399593e-03    -1.025406126366508865e-04    2.065157596825594979e-07    3.008818213290802288e-05    2.158944558089840050e-05    -8.365730490972985972e-07    8.055811803489731915e-02
2.900004926699677412e+02    9.988348365295250941e-01    5.376892104546973812e-03    -6.617582803062450414e-04    4.344336631557618993e-20    3.037383509702435409e-05    2.248182351128384741e-05    -4.892327474571393468e-07    6.391306911767018206e-02
2.900000615365217413e+02    1.003223180533813208e+00    -8.260364961883114032e-03    9.464500446341488006e-05    1.834010671243624390e-04    3.362875589134886660e-05    2.254919397037535923e-05    5.206158138706465496e-07    1.916572094122103581e-02
2.899999914426263103e+02    1.001144209514266414e+00    5.189438426961476801e-04    1.066679944754311360e-04    6.010422999421648191e-22    3.383517808970658693e-05    2.260752017701468818e-05    2.221389267329079476e-08    1.332856688767233115e-09
2.900000504083878923e+02    9.976944051204360564e-01    -3.688138358605964895e-03    1.657545228885919889e-04    1.887945017207752181e-04    3.056860628274707246e-05    2.176588407989407271e-05    -8.841358366156255683e-07    2.191865723375706048e-14
2.900000885145532266e+02    1.001607547479033800e+00    -8.442027530765351326e-03    2.665490413038603822e-04    2.329803243606342808e-04    3.263198878816252684e-05    2.188797764398817046e-05    -3.151432036860327100e-07    4.737700227374804061e-13
2.900000139516334343e+02    9.959799018006998406e-01    -1.872719734181341872e-04    5.174743804134005138e-04    6.744428159351765146e-21    3.379540910637592320e-05    2.310658597311872673e-05    6.498558238263464297e-08    2.433598113229264864e-02
2.900001037976122689e+02    9.982068632033307409e-01    -4.795435037965116096e-03    1.680634781911269750e-04    3.201953563885581437e-25    3.478593144604148518e-05    2.325567040916267657e-05    6.020090283346278269e-07    3.988116119629606798e-02
2.900004387230722500e+02    1.000394819959239179e+00    -3.761048608907596562e-03    2.218610410366346844e-05    2.347285991426717477e-04    3.699630705150961442e-05    2.534114291749662735e-05    -7.496881317899503727e-07    5.256302633305252187e-02
2.900000190357629890e+02    1.001770970563062635e+00    -6.609774810766521312e-03    2.364699335132114226e-04    6.612040377209196949e-22    3.583608340058877658e-05    2.477250375145650263e-05    4.198534183085303235e-07    1.807795278543022233e-10
2.900001679557641978e+02    1.000921967246647615e+00    5.815883808617933887e-03    1.181208629738580778e-04    1.625971985850964158e-03    3.083140204567056276e-05    2.188396643975652064e-05    5.072439064344936126e-07    3.361994738358069552e-11
2.899999164135261367e+02    9.988745623874145663e-01    -9.841033752414649147e-04    6.775003544307320932e-04    9.634730440562903250e-30    3.043195624365845880e-05    2.133786161676692986e-05    1.617961571006765515e-07    1.947487504677917183e-10
2.900000546736562796e+02    9.973562336080519231e-01    -4.514106821529334512e-03    8.541387827058359626e-05    7.315164925835399099e-04    3.134073822898172370e-05    2.216507737887828388e-05    6.789515534194815233e-07    2.040800131404948287e-02
2.900002145072818394e+02    1.000073665420155855e+00    -5.018997659946004180e-04    -2.552256604322839309e-04    1.046123021559735758e-15    3.273656298586387364e-05    2.168137195393811341e-05    -8.127396828328698367e-07    5.408735583709155038e-11
2.900002112185803753e+02    9.982827302135052205e-01    -8.777127309748469514e-04    -1.135717746247796449e-04    3.366591602518944834e-03    3.464978938549181421e-05    2.320711663706475250e-05    -9.405848807821262117e-09    4.372221039037904600e-02
2.900002140325498772e+02    1.001781648722519957e+00    -3.601961526611584946e-03    -1.349236314925870723e-04    7.015944183476359936e-21    3.112718735724515133e-05    2.261677844419133137e-05    -3.211583805671159792e-08    2.189276713254266482e-02
2.900003737961064871e+02    1.003404337751781172e+00    2.551861901077221405e-03    -5.346496479051775306e-04    4.150679046303395695e-11    3.237090037910147979e-05    2.348383621717807081e-05    3.061519629983328792e-07    6.085524305522212185e-02
2.900000318614848993e+02    1.001269552618652137e+00    -6.193954352904047778e-03    2.328362732542964871e-04    1.911243635364085552e-22    3.312999099524603603e-05    2.263163277269705407e-05    -2.798798040622178713e-07    1.872850063387569780e-09
