# f_r [MHz] A m phi D delta_r delta_ere delta_eim a
2.900000368284595993e+02    1.000174929323734307e+00    -2.560910030735233378e-03    9.666318341019650097e-05    5.692136105858065651e-05    2.884629573699204250e-05    1.886054457033855292e-05    -4.446056245659722914e-08    7.968186798888162586e-03
2.900004062860663794e+02    1.001257263579975687e+00    4.474122743972621871e-03    -6.206681016486665628e-05    2.942237047004332175e-03    2.892542303974004707e-05    1.962963363982940938e-05    2.342681764283591399e-07    5.253071892527266286e-03
2.900002974138354830e+02    9.988729894544481347e-01    1.515054552066437063e-02    -2.503177878554412148e-04    6.074522121735681816e-04    3.076882099721034105e-05    2.081853569713786650e-05    2.657820307709551414e-07    4.533009333885789499e-02
2.900009479170334998e+02    9.979197837752262767e-01    -7.494349093374625716e-03    -2.381389596828055975e-04    3.411449318923604097e-04    3.082435828203095068e-05    2.072973264182871930e-05    -8.311082053763631908e-07    9.526628983863900946e-02
2.900001720839257473e+02    9.998559749873164870e-01    -2.349508007434147634e-03    4.482432624117417476e-05    1.612670709958725999e-03    3.005275285889929271e-05    2.013737186218680241e-05    -1.022178943886273538e-06    9.098230062016391897e-16
2.900000698640809560e+02    9.976778587883033955e-01    5.461887207328421263e-03    -1.821360693047841938e-04    2.988810413946001239e-21    2.850039019485236895e-05    2.009880356433480964e-05    -7.526027476134524035e-07    4.471351380493410565e-11
2.899998290699634822e+02    9.976430415714870881e-01    4.123607017842301908e-03    -1.711992252518430824e-04    3.913572076418446090e-19    2.904336552708991216e-05    2.093189415433904446e-05    4.004670252156046067e-07    1.194036168411347773e-10
2.900003580625363497e+02    9.997376052371939048e-01    -2.097985322477005296e-03    3.888409083627598450e-04    7.290745760714899010e-04    3.319935467996802458e-05    2.128795498998371042e-05    -8.804459239433827398e-07    4.679591027334156078e-02
2.900010099654138003e+02    9.997966373303207588e-01    2.640135459034129769e-03    -4.520024431012077980e-05    2.188430692841573813e-25    2.952337362123118073e-05    2.071758050520423444e-05    -8.589403775204812899e-07    5.458280761344711657e-02
2.899998113740177814e+02    9.987721316180625530e-01    9.189021228635362720e-04    3.228064873388594925e-05    2.156226757620171339e-10    3.336967550001437551e-05    2.222730617337639522e-05    4.602189266954013403e-07    1.175942382087182393e-08
2.899998297303743016e+02    9.995857197091174706e-01    -9.633295985657801958e-03    2.415119915190531400e-04    4.923834477905920760e-31    3.085608245993430452e-05    2.109734588569947124e-05    5.839120992489832003e-07    9.118065383996709064e-10
2.900000506030457359e+02    9.979216809958906254e-01    2.298901389228234175e-03    -1.148097146527195483e-04    2.002966741916513264e-04    3.170953633699531444e-05    2.209730754063248543e-05    -6.739938072860645277e-07    1.189090588601701172e-02
2.899999769286262108e+02    1.000389550858310050e+00    -4.287354547703453936e-03    -5.478331668307110953e-04    3.658345257440960487e-26    3.204132605877908443e-05    2.084582725267515273e-05    -3.071161271735901839e-08    3.724880811574907377e-14
2.899999149407379946e+02    9.983911065646332572e-01    8.633613241618470074e-03    -2.959069681723292228e-04    1.062728765767475885e-03    2.954926966164414409e-05    1.997189713224753471e-05    4.478917866149299214e-07    1.572956669241667458e-10
2.900001008028587535e+02    1.002024948867713539e+00    -3.017617240915645396e-04    5.850662857141249651e-04    4.493742555033074021e-28    2.962195010153086651e-05    1.956751531886425497e-05    -6.115805357435275423e-07    1.391611821987792929e-12
2.899999402974589771e+02    1.000093514399308381e+00    2.793901655721846723e-03    9.956340325473725817e-04    1.721602519084944110e-03    3.103645276537039452e-05    2.081616110309901974e-05    1.825231980412530485e-07    1.120541550663086902e-02
2.900001693733483421e+02    9.993468377099730127e-01    -5.148883491431931539e-03    1.313963200957589676e-04    5.736619412331191534e-07    3.065082672694694415e-05    2.031724564175744558e-05    -9.455010852206903129e-07    2.723381383828733786e-12
2.900000119884116430e+02    9.948494032534971332e-01    1.419411079209938068e-03    2.692238443096613230e-04    2.911225746042050996e-30    3.225409843832357983e-05    2.112396605603228996e-05    -5.652083406208316112e-07    3.759509657453891869e-09
2.899999876088019164e+02    9.989646134895686647e-01    3.550336317308872610e-03    6.767781907550879245e-06    1.946774136170760749e-05    3.039557002660349096e-05    1.989739403518406865e-05    4.894516612017102246e-07    3.568638026653487293e-12
2.899999293657796215e+02    9.988372132314995433e-01    4.232740083483836624e-03    -1.501998515020678063e-04    3.620286655244577452e-33    3.139986060253983598e-05    2.091105798132487730e-05    9.243552454097888850e-08    4.628238257111249387e-13
2.900008077059020479e+02    1.003315870904390783e+00    2.525389805761799143e-03    -2.058332185953998846e-04    6.988211225703865864e-24    3.395867321983768781e-05    2.186740798481244373e-05    -1.485994054862123497e-07    9.640483872195233783e-02
2.900005408995214111e+02    9.979688894998534066e-01    3.333981749142313038e-03    -7.553057682601669698e-05    1.290740166570507460e-03    2.908329547214107372e-05    2.064734545350912874e-05    -4.366877098087031470e-07    6.884383586494563501e-02
2.900003482192307160e+02    9.992430752127102744e-01    -3.633157028136600828e-03    1.088766838261389356e-04    6.331527210716626644e-04    2.961227907041146732e-05    2.114452505948170860e-05    -8.145550679680605703e-07    2.479364752513892739e-10
2.900001553034892936e+02    9.981348428589364996e-01    1.298921977306087376e-02    2.184611914560556883e-04    1.514917798440527860e-27    3.233265202032799620e-05    2.104200130340048527e-05    -3.838348279732144429e-07    5.520134227253386356e-04
2.900008260550887940e+02    9.997662220821647017e-01    -6.417042964766040899e-03    -2.973297942193508072e-04    1.065307253767823958e-03    3.049468127433493638e-05    2.119486195976926082e-05    -4.434469946362566516e-07    7.821204516542756835e-02
2.899999764599369882e+02    9.990116436911623543e-01    1.618271052934536864e-03    9.147115042328749271e-05    2.789958794496960343e-03    3.334593237112460886e-05    2.105754169588475104e-05    1.254572245552195424e-06    7.051703053208211423e-10
2.900003663487387939e+02    9.989800879646453247e-01    3.102957698957662953e-03    -2.263237133298752924e-04    1.404673220033889679e-16    2.918713852080432767e-05    2.047357589060314797e-05    4.988346824970494329e-07    6.964230601438030355e-02
2.900000952830786787e+02    1.004136416289349576e+00    -1.909600819778749020e-03    1.550793014838065852e-04    3.206250837822417985e-23    3.130350239074112482e-05    2.029731177183107153e-05    1.052626032586305620e-07    6.080392414582663015e-10
2.900000548488931145e+02    1.000029012671356021e+00    -3.663545398606304470e-03    -1.131375219049075674e-04    5.253000279310389127e-04    3.254565641810499909e-05    2.164843577025857890e-05    1.685334038482525660e-07    1.673268828129445518e-12
2.899999880507933199e+02    9.953380209577358251e-01    9.162430571937036847e-03    -1.804731995078474187e-06    2.215556139406477934e-04    3.049711729771681704e-05    2.104169013368833980e-05    6.462980983602511125e-09    2.968513208705872776e-11
2.899998287242893298e+02    9.995018352178841603e-01    2.410210469494205535e-03    5.488410402317206232e-04    1.627766808979830991e-28    3.070945924365181486e-05    1.971866354781152850e-05    8.413442773424013084e-07    8.270163251697179929e-11
2.900001886617740752e+02    9.997110170391305672e-01    -5.213631412747104545e-03    1.495638137306579878e-04    1.017885312611131683e-17    3.146754079477607553e-05    2.005386151183065748e-05    7.652388308772368513e-08    5.003133998941130221e-03
2.900006251469132508e+02    9.966552350249121561e-01    2.007229489434553781e-03    -2.095484197988450121e-04    6.525510077038429786e-21    3.162565068383239983e-05    2.195333863897730420e-05    -6.588068149748891739e-07    3.356095246432116291e-02
2.900000443166285891e+02    9.992126145007632632e-01    -7.875422043229406144e-03    3.303223366713599796e-04    7.299880803474205482e-04    2.918349617598828117e-05    2.008796423478543359e-05    -4.847441096471320214e-07    1.846242410310092869e-02
2.900000729387055571e+02    9.996576034709541148e-01    -1.531109003318952000e-03    1.453040212156245466e-05    1.167539520764843959e-16    3.203566748288776269e-05    2.236089604403179181e-05    1.082789118380075145e-07    1.803197575664004099e-02
2.900007588924704578e+02    9.988689839597493236e-01    5.193771059693065697e-05    -4.425340560763377077e-04    8.652808076112739272e-04    2.975578889605400105e-05    2.060437605271642680e-05    -1.409338171437787366e-06    5.535852240214913372e-02
2.899996204543632530e+02    9.996003060135694174e-01    -1.816757069977296968e-03    -1.547433895162615225e-04    6.655753185158377926e-04    3.097409496295396893e-05    2.123325620548078597e-05    6.202888136493812896e-07    8.251389786000140928e-15
2.900001526282708255e+02    9.981648024731789581e-01    -2.918917856311532139e-03    1.001436265704087907e-04    4.219535700914978577e-27    3.100407087642248477e-05    2.142208228519314073e-05    -1.680705382692077848e-07    2.144701892628252028e-09
2.900000184223177939e+02    1.003357011309085278e+00    -4.275484194764126236e-03    -4.754944991412340125e-04    3.666864764976015520e-31    3.165886258367212714e-05    2.099188981378691216e-05    -5.746144580817534031e-07    4.525803181126522752e-03
2.900001614060925590e+02    9.997586874741754004e-01    -3.638966236113169370e-03    1.078069464321304653e-04    1.130008122236418958e-03    3.202873830316346402e-05    2.109512151261459012e-05    4.363316659135189934e-07    4.967382918653812790e-02
2.900000806015942203e+02    1.002506921451278732e+00    1.106487860748772874e-02    2.166976541998925161e-04    5.071703761231886553e-27    3.052501674628016075e-05    1.994829695533955279e-05    1.448442909480993995e-07    8.212860040896170662e-10
2.900001790501663663e+02    9.987814753297055148e-01    4.222961553983231261e-04    -4.610564635016239075e-04    7.886119325321454048e-04    3.040564892925953495e-05    2.060896679621464895e-05    6.488914851673831296e-08    4.472747520257005019e-12
2.899997582351637107e+02    9.993087821043095120e-01    -2.233037245909959008e-04    2.399591487899727310e-04    5.198953641435767903e-30    3.215008034764930565e-05    2.098067413088742340e-05    1.020120772165229182e-06    1.953025429259786197e-11
2.900002024912704996e+02    1.001867013274458929e+00    7.982276413953702868e-03    -5.685963166968424588e-04    1.010516817136018070e-03    3.168631599007563237e-05    2.097795915029257872e-05    3.151259399883042018e-07    2.994960555304139807e-02
2.900001434261415625e+02    1.001257981107967376e+00    -8.827349826060439304e-05    3.616098109074098376e-04    2.509088300617643764e-04    3.223852317408018792e-05    2.117523556039111531e-05    6.794011202372844435e-08    1.077189764962364557e-02
2.900003656634764866e+02    9.996209216715437051e-01    7.082329194385231924e-04    -1.148041240038617662e-06    1.388816779233245874e-04    2.786161331765833106e-05    2.089403347750041815e-05    -1.139668795265949562e-06    7.016011739740397169e-10
2.899998621578665734e+02    1.001723363862268235e+00    -9.913685838497193759e-03    -8.082272676221461359e-04    1.741942607200473508e-04    3.112469684462266357e-05    2.137359237852099885e-05    6.675376056755031653e-07    1.253820066358543595e-02
2.900000239739504195e+02    1.002123018972087998e+00    -2.793076581672198494e-03    -4.697239613140185432e-05    1.662672087362759379e-20    2.938193550434907826e-05    1.999574517334722941e-05    -5.803939989534382799e-08    1.633120447538112877e-02
2.900002048678916822e+02    1.000012163732195924e+00    -3.558230519619754242e-03    -2.187372117289620977e-04    6.735047528303848922e-29    3.066351030176317456e-05    2.110486650446467358e-05    -4.944924441589784502e-07    3.639749416012351413e-02
2.899995925418693332e+02    1.000708368944592364e+00    -1.112580626134172281e-02    2.342907690823405184e-04    1.270016448023308395e-23    3.164693950244478940e-05    2.094737590733644522e-05    8.066687318834749637e-07    1.089613262505705406e-10
2.900004326811060196e+02    1.001229213294053899e+00    -8.681310676137259921e-04    3.793513968925620494e-04    4.042891893430720273e-25    3.220229734652174804e-05    2.182301967546365864e-05    -2.786317859566883147e-07    8.928108451993109485e-02
2.900005441509491675e+02    1.001405866837584258e+00    2.290699014472253898e-03    -3.995288526511779756e-04    2.217368913080687123e-29    3.287434969558103583e-05    2.166412419599516082e-05    -1.231107462334871851e-06    2.306349105512445468e-11
2.900009111364090018e+02    1.000684540799648525e+00    -7.010741573468768154e-03    -3.522583823963680301e-04    7.601768012304654797e-23    2.987952934635539079e-05    2.056360326165391093e-05    -1.264361867049181880e-06    9.023370945325331904e-02
2.900006211357043640e+02    9.972440411256989767e-01    3.303620048356039826e-04    1.881873764994487026e-04    8.394406620395912250e-04    3.004600015584141777e-05    2.011431135069331568e-05    -1.546279127767391425e-06    7.639032587805348606e-02
2.900008993331202873e+02    9.986465569272838794e-01    -4.736765794587773602e-03    -2.872159921089428576e-04    7.206839251907536883e-11    3.005207559116185941e-05    2.157865152663108983e-05    3.953495411578633327e-09    1.439883671496860196e-01
2.900008092836222318e+02    9.961846997143103399e-01    -7.355468356863119339e-03    3.973653369290815868e-04    9.395713536320637839e-04    2.794315599443803949e-05    1.983567486452403808e-05    -5.048983174337209551e-07    9.478769145092962034e-02
2.899999066730528057e+02    9.983594592080853314e-01    -1.022292016582796240e-02    1.325037406517851708e-04    5.798427800433031800e-04    3.222318050750665338e-05    2.078400996660914154e-05    -5.521439522156120866e-07    2.379882593050880755e-15
2.899998749148653587e+02    9.977251150580416228e-01    -7.878941689715359895e-03    5.648719838844371314e-04    6.985447332006915420e-22    3.082214879772142213e-05    1.991785361369176810e-05    1.270979694463691688e-07    2.552933656928832798e-02
2.900002836286938646e+02    1.003587977113419738e+00    8.166725025018299177e-04    5.846166662203979522e-06    1.093033948192845806e-27    2.818324463254666989e-05    2.055603295600062755e-05    3.308312976727358261e-08    5.910030803706413371e-02
2.900002968913917698e+02    9.996980215004229731e-01    -3.339876546735170895e-03    3.245630030058511452e-04    5.423005785797964948e-04    3.147946057613385326e-05    2.147841096760071632e-05    -5.614482824583255604e-07    4.329144473992529302e-02
2.900005043157472073e+02    1.002344686099788884e+00    4.367623872969032296e-03    2.972921175960150644e-04    6.149715234681399332e-22    3.057268357034712073e-05    2.082229752873211855e-05    -7.727258528026189859e-07    6.954647554391617248e-02
2.900003622664911518e+02    9.986552364128890025e-01    -4.255260316795309028e-03    -3.244728415926336558e-04    3.948861258598631674e-04    2.878970048456235819e-05    2.016750958632910901e-05    1.190156248566291030e-06    1.014175855599894066e-01
2.899998024169334485e+02    1.002740448411590712e+00    -1.177452517069726111e-02    5.330234685380017814e-04    7.582598808861168221e-04    2.976730199200054722e-05    2.049813436631096425e-05    5.305760751469617846e-07    5.820124930963157563e-03
2.900002067591007062e+02    9.969401415544569822e-01    -1.643128928424393564e-03    5.986149153736019211e-04    1.427088889171895206e-04    3.290209701096467523e-05    2.137310022126720865e-05    -7.156017760508792169e-07    4.741025543276967090e-13
2.900000198642848659e+02    9.983065741622937361e-01    -6.759154596511626409e-03    1.010650475927414430e-04    2.745822761252279248e-27    2.730646048506087871e-05    1.990295268734863692e-05    -3.253825414655627378e-07    6.773992453759899894e-11
2.900007688791727105e+02    9.987154255985778439e-01    -3.124190348678568003e-03    2.061737848512450870e-06    3.006044474969478789e-24    3.192644919962184762e-05    2.020828904128928936e-05    2.824142448620949817e-07    1.274539577162724646e-01
2.900003844490184974e+02    9.998067588198719102e-01    -2.650680462743014356e-03    -4.581682933286480006e-04    8.986896598894122188e-13    2.898149659376811327e-05    2.064522972802465838e-05    -4.688333774724533964e-07    2.757771633232761546e-02
2.899998942596646998e+02    9.984281442589787448e-01    7.679345783590986983e-03    9.573999512161968193e-05    5.868997159185290963e-04    2.938802996315623104e-05    2.046222637746772038e-05    2.863838217856531725e-07    5.231995049966141223e-15
2.900000423008294206e+02    1.001213800562377410e+00    9.670440160794786105e-03    -6.896144842166439179e-06    2.478154187659474900e-14    3.251185075225851830e-05    2.155127228312342049e-05    3.775334047660740473e-07    9.457973432229463862e-09
2.899998559963694902e+02    1.004743614807906749e+00    -3.785852078773695607e-03    8.513191979786789818e-05    2.594356550339062002e-03    3.205505911204530679e-05    2.048981122037879434e-05    1.434447832949338917e-06    5.158017638901739657e-11
2.900000899255290392e+02    1.000205040944430745e+00    -3.977368994752998946e-03    -1.235112800161758590e-04    2.923396095792716133e-24    3.086899989399549232e-05    2.112184797271601802e-05    -4.298712025604528921e-07    8.227820440994040440e-10
2.900000192610398244e+02    1.001224866147834458e+00    7.235318977405190768e-03    3.939880029573033572e-04    3.033657332371499057e-19    3.044871691702365489e-05    2.021170758673594898e-05    1.422397996522546128e-06    2.711634848655400734e-02
2.900000728510139538e+02    9.987501662594138185e-01    1.221922419173395412e-02    -3.277448291950558102e-04    1.235685084149161853e-03    3.000061061176878321e-05    2.075562902495613270e-05    1.384772427785272275e-06    6.068059895899823031e-02
2.900001836574923004e+02    1.003500279026419584e+00    2.918500667685551683e-04    -2.929039949112124676e-05    2.363495389287388721e-30    3.217949302622024368e-05    2.068185477705521542e-05    1.034959402217534101e-06    4.040760100336542732e-02
2.900005187275325511e+02    1.001612864064489905e+00    1.604344162388933416e-03    3.639262522793481670e-04    2.463410956721667764e-11    2.931506045770766378e-05    2.127765592410950463e-05    5.764094235712550959e-07    9.477047695209689371e-02
2.900004789523620161e+02    9.964274126062803161e-01    -2.755569106595095411e-03    -1.712316867464018933e-04    5.908552034173252364e-27    2.895350082578591845e-05    2.002157327554139425e-05    3.425019516055047180e-07    7.760327142594222738e-02
2.899998837796589441e+02    1.000780827916023519e+00    -2.102309479714002151e-03    2.993315888304375451e-04    1.116172783849987176e-17    3.239176239909526676e-05    2.140660413643088897e-05    -3.882438873916573999e-07    1.351959269319554495e-08
2.900003120156400200e+02    9.997103391573330944e-01    -2.334982374481262175e-03    2.556845389706219850e-04    1.160700916889916608e-03    3.101341725670518981e-05    2.098138643209538639e-05    2.673905401773437258e-07    2.955328427786483091e-14
2.900001661218049662e+02    1.002714588868218515e+00    5.205088981038722556e-03    2.245767607871049850e-04    2.391649120386411960e-15    3.181952065558329832e-05    2.112246605310949446e-05    -5.490267841413620903e-07    1.360749728601539213e-13
2.899997148504536426e+02    9.973287673489632521e-01    7.663084421307449342e-04    1.051980250906698895e-04    1.233254187631433211e-03    2.991825272433327904e-05    1.980230219975451678e-05    1.509062600502876628e-07    2.249489522016038696e-10
2.899996329867519194e+02    9.984466001232097376e-01    2.060710723634665530e-03    1.530437773233182125e-04    1.084447225965716859e-20    3.062796344888924827e-05    2.021258511219191186e-05    1.138019786247348166e-06    1.447156273136382022e-08
2.900002030292480981e+02    9.978465708022885572e-01    1.073136312187144246e-02    3.555583974236832773e-04    7.184467678749918620e-04    3.149062142195200762e-05    2.156481396902350595e-05    -2.668457671991803083e-07    1.067584181923849317e-02
2.899999473993489119e+02    1.001099967795381129e+00    -1.443424282013177143e-02    2.392184895991747185e-05    1.947093639048126801e-27    3.290175020352137050e-05    2.160072948429498467e-05    1.623152541381275713e-07    6.660756622987886285e-11
2.899998779847655328e+02    9.987329208682471648e-01    1.237293315841854480e-02    -2.956589799684620308e-04    8.504561645232037430e-09    3.301627767322611116e-05    2.245384769503163834e-05    -1.829106167440423163e-07    6.825564887111863963e-09
2.899998165164595321e+02    9.995928730037290100e-01    1.353383623720068839e-02    -1.950591020923940315e-04    9.547577914749647254e-24    3.158266242446812640e-05    2.110718452645237922e-05    4.658994275314316696e-08    6.369608910850875402e-10
2.900000184084516945e+02    1.002594153237099883e+00    -3.714770129603755730e-03    2.645010934155576183e-04    1.194738482215224523e-05    3.197865397741455777e-05    2.129234064115393784e-05    6.126751904023958921e-07    4.542534039694238329e-04
2.900002129002430706e+02    1.000873067435112729e+00    1.182094492790002884e-03    2.257681978731699137e-04    2.404994641775814058e-03    3.027560882137376175e-05    2.049211271670888423e-05    -1.872758936394412899e-07    3.275671251725890124e-11
2.900000941361186051e+02    9.993717683941765184e-01    -5.130258668848370306e-03    -7.768488996086514813e-06    1.113504067495935026e-03    3.045219149411325282e-05    2.113767719098268329e-05    1.585740244442140897e-08    2.301961217336547758e-07
2.900002033738019236e+02    9.966045778256329424e-01    -4.565498667025444726e-03    -7.765846673349153042e-05    6.537444581130197893e-04    2.930521825002633949e-05    1.964435057767881230e-05    -7.786175918036357598e-07    4.629235518796324751e-20
2.900000148054052715e+02    1.002605011904561749e+00    4.971103885332171443e-03    2.361833767738407764e-05    5.305929395903406223e-04    2.975450359616488790e-05    2.047680873559979865e-05    -2.341100935046682550e-07    2.490461022710402719e-02
2.900002364702734781e+02    1.002157630402223498e+00    2.025601843980197065e-03    4.452859848236218662e-04    1.489408503498513181e-04    3.121562020680028308e-05    2.076638115219870816e-05    -1.393801251990574630e-06    1.908966740280170448e-09
2.900002723672018305e+02    1.000711290868230741e+00    -6.556404723001289965e-04    1.105272567966590824e-05    4.146881544613469496e-04    3.106026808843025041e-05    2.055466680071398923e-05    -4.727832351764343800e-07    1.296782109262311147e-02
2.899998514638903657e+02    9.989199184883248428e-01    4.734990938376093528e-03    1.260295271308059705e-05    1.080646234832024913e-03    3.079016150359640034e-05    2.042408866778167706e-05    4.298961176525264963e-07    9.541162277428805004e-11
2.900000822786103640e+02    9.992412929740989158e-01    -7.206628042474412521e-03    -4.821486596971285139e-05    7.353179109526370606e-24    3.208946244996412300e-05    2.059355727454630690e-05    -4.196044186386328361e-07    1.229288506740719564e-09
2.900009269083805066e+02    9.973404256507103494e-01    -8.239060983823043305e-03    4.908472262373339730e-04    5.440551682804829672e-04    3.220775953164592279e-05    2.151323221764715561e-05    -2.752711316015866575e-08    1.240886070711161998e-01
2.899999167224892176e+02    9.998735598551091730e-01    2.644685817641919366e-03    7.905130256452310409e-05    5.038773715111248865e-21    2.996832481422527210e-05    2.047235471781251278e-05    -4.969284736625795419e-08    2.360111397434380405e-05
2.899997461370256246e+02    1.000313842921883412e+00    1.349290715766204851e-02    1.241138251068547437e-04    1.255108337651942869e-03    3.121595730726495194e-05    2.155469627777593513e-05    9.421006525831745425e-07    1.394833675508666201e-11
2.900004279268871983e+02    9.998093935795161480e-01    8.742271223209948164e-03    -4.305814759183443824e-05    1.107981209249926945e-04    3.274395141171030770e-05    2.139331151882482827e-05    -9.453963567965228886e-07    2.074695078320241276e-02
2.900001630181355949e+02    1.000762417171055629e+00    -9.377045656472737800e-03    2.516313333433106811e-04    1.011006059487301299e-29    3.076476988488889184e-05    2.060974118585590393e-05    -1.634712949532211826e-07    4.245788389381188223e-03
2.900000800797227498e+02    1.000184611528926570e+00    8.998569288311839345e-03    -1.204704568806070540e-04    1.617463451521847879e-03    2.908167917370714408e-05    1.992589099783923976e-05    -3.147149664982806525e-09    2.180694362878456832e-10
2.899998076446211712e+02    1.002099667359027668e+00    -9.836085744566252023e-03    -1.985815332227356073e-04    3.451307270568870083e-11    3.235855225806833429e-05    2.064710740554300713e-05    4.011538568013900215e-07    1.813683162510060579e-02
