# f_r [MHz] A m phi D delta_r delta_ere delta_eim a
2.900006792438787784e+02    9.993878189946626689e-01    8.506869003570170437e-03    -2.807303176808180435e-04    9.520339497298217204e-04    2.398038801627558781e-05    1.453177593975498291e-05    -5.547305747072540972e-07    9.991413172020559286e-02
2.900001848181554465e+02    9.994224439775790669e-01    -7.103431863341932995e-03    -2.030073471383845283e-04    1.080408825285714723e-19    2.554848467243520525e-05    1.533868611818294729e-05    1.630727217783156401e-07    5.002996536859189575e-02
2.900004370281808406e+02    1.001652540060207208e+00    -1.430346635075689828e-02    1.286111087712790040e-04    8.666303340212275193e-19    2.694789241086436085e-05    1.504802481436811054e-05    5.063777173213485132e-07    7.539382926171760146e-02
2.899999814644118601e+02    1.000320952525547868e+00    1.081326300078660563e-03    -2.977376471739904629e-04    1.493419119373309151e-03    2.420184707605802364e-05    1.430435343692872660e-05    -7.035741568872500527e-07    6.079480385988326706e-12
2.900000240847798523e+02    1.001502968236808622e+00    5.899829612914419402e-03    3.890123052831633271e-04    9.168792080556142335e-26    2.606464183563200231e-05    1.495043809785452375e-05    -7.771360427138346323e-08    1.493135152403751199e-02
2.900000767514925997e+02    9.987773230684745540e-01    -2.961348246547084763e-03    3.655242710670683875e-05    1.293827696550944742e-04    2.563958077300197247e-05    1.463826005565940132e-05    -1.202277602981624974e-06    8.359238795452815090e-11
2.899997884264180357e+02    1.000905853352678010e+00    -3.125471040154112132e-03    8.757953654132240794e-05    5.485406137308940483e-22    2.468706555588640560e-05    1.512487636296563814e-05    1.035424101804593966e-07    6.517813884692921288e-10
2.899999362382049526e+02    9.989475228384236960e-01    5.897247543185272362e-03    3.661551090046466245e-05    6.205379738897606049e-31    2.284456756350649093e-05    1.355536946222117410e-05    4.342950440285320794e-07    6.685132701317484564e-10
2.900010896558014792e+02    9.987879627733677879e-01    -3.736989553260599249e-03    1.005786847518217033e-04    7.679260805310977134e-12    2.422449191999520010e-05    1.457021110157689232e-05    -2.191790288565595292e-07    1.932711582095573422e-01
2.900000181346090926e+02    9.998334309933324393e-01    -6.934387598133469159e-03    3.841929147981335089e-04    1.021972355600593619e-19    2.471628508478854500e-05    1.474256242636668476e-05    2.443940531425122527e-07    2.416406585507661214e-02
2.900001232965224744e+02    1.001250778437840383e+00    2.936004452927541480e-04    -4.926604853002967098e-04    4.074166867694739031e-30    2.672556730892765775e-05    1.553128738468202821e-05    4.248873912108501121e-07    1.609736129092130186e-09
2.900000479898440631e+02    9.990145783218860043e-01    4.535951052802464530e-03    2.895793117494713307e-04    4.982740446829158351e-04    2.737904406233703091e-05    1.511781161774992869e-05    5.840771973631898569e-07    5.581035877710650933e-13
2.900002793830990981e+02    1.000027509296822048e+00    3.684101800193460060e-03    3.355578283227631897e-04    9.553984649198895182e-24    2.335748062795115840e-05    1.503848442576700764e-05    -6.054251927969919000e-07    1.233411527931848803e-08
2.900002160649842153e+02    9.999436652615411036e-01    9.097927305203173942e-03    3.410160987698686156e-04    6.618772294843271463e-29    2.567185831092557702e-05    1.447587756850931045e-05    8.208128683105046267e-07    6.471378816725996408e-02
2.899999610086621260e+02    9.995863927713025676e-01    8.419309818465492250e-04    5.023779147172909845e-04    6.505870772706286423e-27    2.558548855304520399e-05    1.450035793557375353e-05    3.053879524244795427e-07    1.952287820805378091e-11
2.899999763373041901e+02    9.996549994440682152e-01    1.964562655695611514e-03    -4.026996927694098324e-04    6.974787295786768430e-04    2.757908881862278333e-05    1.445517211832064345e-05    -3.734266499805434020e-08    1.097302983354568898e-12
2.900000729179381551e+02    1.000895354286143624e+00    1.274856981484788834e-02    -1.107213999883614591e-05    1.773233104740451407e-16    2.640767515743878933e-05    1.484793872550494211e-05    6.779709613923503403e-07    2.536822828630144989e-10
2.900001400122925475e+02    9.994202039245415614e-01    4.181552767101365448e-04    -9.776448523023066454e-06    1.282692433235101646e-03    2.581453636824425691e-05    1.530109005633538297e-05    -1.065240477645482898e-06    1.492783393295640892e-10
2.899997313816959377e+02    1.000502543113742648e+00    1.496056108173364312e-02    2.518266649345101468e-04    3.755102269282976262e-23    2.593655126251835749e-05    1.525216862325131177e-05    2.717120476658274567e-07    7.716965635239632334e-12
2.899998368500757806e+02    9.989770459105071776e-01    1.728422124357979067e-03    -3.791195598521997288e-04    7.087213999978275538e-22    2.308367737757134082e-05    1.398052744851354915e-05    -7.113331374165530175e-07    1.686015128931286323e-09
2.900006996680273801e+02    1.000030610670642695e+00    -4.406499399635272277e-03    1.717472616349132591e-04    6.179160762927630524e-04    2.435240415934484610e-05    1.475622180954622876e-05    -1.208419051483726662e-06    1.048354970425470351e-01
2.900003807555631852e+02    1.001811485505118116e+00    -2.033688406409017192e-03    -1.960996645845547134e-04    2.495309527904907422e-04    2.342274497221898119e-05    1.423285684246189688e-05    -1.074443940367313697e-06    4.348060790538985903e-09
2.900003054661870578e+02    9.990996228898657572e-01    -6.860929739266990708e-04    -3.698684328741473241e-05    1.390162591818913445e-03    2.688246192933169723e-05    1.607532055643222279e-05    3.156976283102176903e-07    7.803829985747337550e-02
2.900007854604634190e+02    1.001323659783788678e+00    -3.744609881486984405e-03    3.983654577626015046e-04    1.256106127785115120e-22    2.161150457880409682e-05    1.332349491097812989e-05    1.022277850534189642e-06    2.166882725662441223e-01
2.900002760031528055e+02    1.000178940397756788e+00    6.585661054330520583e-03    -5.079564460838327685e-05    2.115451335319861088e-04    2.572640504063452037e-05    1.434262568121451871e-05    3.925636763312816893e-07    1.760947693713926853e-11
2.900003243575642955e+02    1.001328173792684018e+00    -8.686543014251309897e-03    1.960304642139726328e-04    4.013488353805485837e-04    2.384902295348105330e-05    1.524037578291347701e-05    -4.278682211042555527e-07    2.618980949876649131e-02
2.900006460894895213e+02    1.000396271379290658e+00    1.864232891525171134e-03    -1.572913603899893310e-04    1.678282407094838760e-19    2.475126962329087462e-05    1.427543449813666467e-05    -4.590297668063366668e-07    1.081095888183651876e-01
2.900003109858865855e+02    9.989245041193983710e-01    5.932625382101604228e-03    -8.967482675176610999e-05    5.538094821511084311e-24    2.207131485428768099e-05    1.330832769739222720e-05    -4.571040265794384869e-07    3.167065014934344324e-10
2.900002192413285798e+02    9.991344759619169569e-01    -3.184981804263480824e-03    1.250342312967946199e-04    4.460747683321158232e-19    2.468979197234071182e-05    1.337896895046655714e-05    -5.377547558050337167e-07    3.374129666089774751e-09
2.899998950263922097e+02    1.003061667347430186e+00    3.367699112777890798e-03    1.236280406925547432e-04    9.563547031623735952e-24    2.530161374020955723e-05    1.491888225379295275e-05    7.533783058925342131e-07    4.290307017380325105e-02
2.899997705527662788e+02    1.000214468168618254e+00    1.222996309388428354e-03    4.756548450333096534e-05    2.302854659025183129e-25    2.504155760002415020e-05    1.406955597873637753e-05    -8.777065201921573038e-08    1.556439712125766705e-11
2.900000346987824855e+02    1.000452577151956124e+00    6.008204908489127305e-03    1.057326817049143844e-04    1.027059870416739207e-03    2.404876679010143310e-05    1.425924319467423100e-05    -3.397682103336761850e-07    1.049218664085790030e-10
2.899997607898834531e+02    1.001412852585346069e+00    2.371137188047341311e-03    9.124196323372592483e-05    2.229246583303549337e-04    2.459833158708970243e-05    1.453177161433794252e-05    1.392205335889451896e-06    2.324088343484872685e-02
2.899995446401440518e+02    1.001154497017222811e+00    7.497644026653121040e-03    4.348019157879835458e-04    5.207080183563565171e-04    2.468186015076742162e-05    1.515227935943454818e-05    1.105072952649672520e-06    1.178707738458276491e-02
2.900001264690748144e+02    9.986383693328242384e-01    -2.741249885973950310e-03    2.499913447194715676e-05    2.420989417580700180e-03    2.478582956855007806e-05    1.441628769693043921e-05    -6.360112616472528255e-07    2.322323095207078601e-11
2.899999918974111210e+02    1.003315352888398682e+00    6.605310373677763733e-03    -2.517237810361449678e-04    1.361329622694794047e-03    2.575497232239813437e-05    1.467023303616650184e-05    -3.356021038753877651e-07    9.946118737605508323e-10
2.900007902349943265e+02    1.000273719048498045e+00    3.226076198161891007e-03    -7.742942258571280814e-05    3.195360765938924282e-27    2.435328514222120428e-05    1.462122928807775278e-05    6.376053969302981171e-07    1.753868840969434462e-01
2.900000341745145533e+02    9.981886895144869154e-01    -1.527936473897139550e-03    -4.755669723813644675e-04    3.176670840293298738e-04    2.475618634442063216e-05    1.435930500673396977e-05    1.142550794982881963e-07    7.087204960922417907e-12
2.899999657039030012e+02    9.992498258597499738e-01    -8.486804161294998761e-03    1.316137114746564131e-04    1.301049201153420272e-28    2.562595859657501858e-05    1.466911991169077717e-05    4.757336087811895269e-07    1.798275066300728647e-09
2.899997533752419940e+02    9.990500004488289676e-01    2.362618045360021651e-03    2.639508338935276808e-04    3.267644213391559053e-21    2.526466941353788754e-05    1.483196919255540002e-05    7.680273647027672975e-07    5.149606597233921387e-10
2.899999954653163172e+02    9.999414392752462577e-01    -9.276200185554801629e-04    -3.730915001687611543e-04    1.192985982551353786e-03    2.317726459229929177e-05    1.407126851194251821e-05    -3.563235427116845347e-07    1.503191186548106217e-14
2.900002555429115887e+02    1.001843914771551658e+00    -7.973166094687948735e-03    -2.352887338674881283e-04    2.206373793973047219e-03    2.480762909363601486e-05    1.500628478142067083e-05    -8.068733344323904099e-07    1.964823852544720891e-12
2.899996380246230956e+02    1.002749507611627289e+00    -1.745449076793316109e-02    -2.653433097027424253e-04    5.857043851256063614e-04    2.589971996046602478e-05    1.479510359405693854e-05    1.614092588418128008e-06    2.394502971116883178e-02
2.900006630998917672e+02    1.003301832711531505e+00    -1.257503956150151769e-03    1.026876032998053914e-05    1.881631084688259372e-03    2.599337664262893022e-05    1.544330961347684911e-05    -4.236236460796319183e-07    5.757215570220834688e-02
2.900001850333555922e+02    1.004461556718546422e+00    4.677656029446722492e-03    -1.363672259595520174e-04    9.861130247128925899e-04    2.185616478037635769e-05    1.365820975298242244e-05    -6.244531782249087381e-07    8.405713679358189916e-12
2.900000991784628468e+02    1.000858152146638869e+00    4.112934039457495812e-03    3.924908801898041848e-04    1.503785113053197165e-20    2.202588323088003149e-05    1.377958713387758117e-05    -2.410307154675710622e-07    3.835852276037512304e-02
2.900000561709267686e+02    9.996023264409671372e-01    -5.289592509184901569e-04    -6.038052794686114979e-05    1.142717745597951560e-03    2.244929304702274222e-05    1.387821426476216239e-05    8.052162794098574403e-07    3.121372500492119439e-13
2.899999155556450319e+02    9.963655991103077536e-01    -4.151074003422726769e-03    -4.244300469035878934e-04    8.742671588856854851e-29    2.454975525838813940e-05    1.420884927933605265e-05    1.306116270436290810e-07    2.806552153409060926e-06
2.900001577794970444e+02    1.000336324207230509e+00    -3.654738324732348040e-03    2.319718876511434578e-04    1.070107965571922594e-03    2.321330140183729170e-05    1.438749766785916077e-05    2.687845083152660498e-08    1.179207323050873460e-11
2.900005834000014602e+02    1.000001004856475140e+00    4.992117640576569995e-03    -8.567198147860196136e-04    1.103075478884334330e-15    2.495923962435126498e-05    1.510777703198677794e-05    3.258172103847714720e-07    1.082752539471405484e-01
2.899995926025084145e+02    9.987541497453448214e-01    5.331694553658772795e-04    1.459566240235813533e-04    5.377024979674321914e-04    2.559783426898873664e-05    1.432058680117961803e-05    1.145463154007764375e-06    6.924872156373203856e-13
2.899998054535990377e+02    9.982922323586080893e-01    6.061525203103902519e-03    3.287872574345117316e-04    1.024079788208730277e-03    2.273986891018512312e-05    1.394867826224678483e-05    4.294543896514911135e-07    3.927792793761768402e-10
2.899999054934795595e+02    1.001251572761281183e+00    5.588655135080876704e-03    -5.816525526784060724e-04    1.399600382594920456e-04    2.150959780456134307e-05    1.380060958666759018e-05    -2.083721750982631350e-07    1.375423888381793549e-12
2.899999972425625288e+02    1.001538063166871551e+00    2.283248300442661943e-03    4.138976182740387215e-04    2.153470319803710391e-28    2.645603978092446397e-05    1.517981914724441307e-05    -1.001538617846724064e-06    3.783200040234342023e-10
2.900002312352957574e+02    9.969357323895848833e-01    -8.865703608746331940e-03    3.459268539774673352e-04    1.093775147057957146e-23    2.292229553526759921e-05    1.433637440121305702e-05    1.054498869286065459e-08    5.976695180767859633e-02
2.900000258685751646e+02    9.990660500836618940e-01    -3.821083832446691623e-04    -2.802822077812333243e-04    3.188514376331928551e-04    2.526623586760414985e-05    1.445237223319694985e-05    2.819800308544559642e-07    2.606295632052833729e-14
2.900000879234540889e+02    1.000689081910132838e+00    -8.461324882471780648e-03    5.988762768173635500e-04    1.128351469311135837e-04    2.250771351584590776e-05    1.430340027714854266e-05    -6.003423080376221816e-07    2.533678718137069699e-12
2.900000483616472025e+02    9.972165395378368435e-01    -3.764851244846189379e-03    -2.075414013588070808e-05    2.984219492320373465e-03    2.388590276016892223e-05    1.458583328089345098e-05    4.524758615114631700e-07    4.085063288215040531e-12
2.899996979401339559e+02    1.001154578435847986e+00    -1.655801787670763397e-03    1.584282979859839055e-04    2.052475292783851528e-04    2.515735607228992223e-05    1.573838889147936347e-05    1.318237790001508573e-06    6.911218719428940695e-11
2.900004163288231780e+02    9.995691794407968178e-01    1.996929141516791927e-03    -3.619447546020647020e-04    1.007540024379473395e-03    2.592321603098410253e-05    1.496337034821961465e-05    5.908167867060459348e-07    1.033424352401974278e-01
2.900003945331611135e+02    1.000969869486030284e+00    9.636082003508768604e-04    3.230434843738960444e-04    1.226059507473092629e-24    2.476653994646143964e-05    1.423279526021375605e-05    -1.953171648365730888e-06    2.182032100592252642e-09
2.900001912453915907e+02    1.000143707679024274e+00    7.523976171397945244e-03    4.035381855432507376e-04    7.457696486698722932e-21    2.409993306134601871e-05    1.487988518628031442e-05    -1.064300457740741732e-07    3.284300073830104943e-02
2.900004467930432952e+02    9.989645956931312298e-01    1.826882650608791306e-02    -3.310080492954640724e-04    7.222484599892208543e-04    2.506624945083936248e-05    1.479611929701554952e-05    -4.387287370865806733e-07    5.655473411158717933e-02
2.899996313455594645e+02    1.002603871706071459e+00    -1.622077093206491767e-03    1.998837965538951471e-04    1.669450898611033894e-04    2.468173051193952024e-05    1.416360044742491815e-05    6.812776514528741845e-07    3.158277712969797049e-04
2.900003328528719635e+02    1.000659835720941304e+00    3.300333801350207891e-03    3.996687116830808986e-04    2.184426844279192823e-25    2.786108232832820261e-05    1.560448091557777871e-05    -6.059106692826286849e-07    4.339256973147841839e-02
2.900005223209582823e+02    9.988832436828648520e-01    -4.037121320457337167e-03    -2.776657046311412688e-04    2.544133412749813516e-14    2.581154054784792480e-05    1.478583023779662120e-05    -1.385736567427768057e-06    7.079014409735498448e-02
2.899998379242852025e+02    9.985429511491504817e-01    9.445835048793158398e-03    2.021994645016313250e-04    1.727923048222544254e-19    2.568999045585876212e-05    1.443905316239107309e-05    -2.665663813915406475e-07    2.751110142456751884e-09
2.900003153809793162e+02    1.001016242937409206e+00    -7.160517501868603890e-03    -4.120271586320553309e-04    2.805847209272757708e-33    2.803562423404071111e-05    1.676842882413558350e-05    -9.614732335882834610e-07    2.297675120122504255e-09
2.900003473374445662e+02    9.994968909079047226e-01    1.217079933794195865e-03    5.895122779780552231e-04    4.641239803426800152e-04    2.702765603267187858e-05    1.534488268707693157e-05    9.585814934499944200e-07    7.461651511130698577e-02
2.900003043772909450e+02    9.997058200891322244e-01    5.471847021835851330e-05    5.645618736055367515e-04    8.384596819501897351e-04    2.370965509296609901e-05    1.370460007655659372e-05    1.322774824859201325e-07    2.477434190794250771e-02
2.899998023175391495e+02    9.975889925948629999e-01    1.895048962991841956e-03    -4.712431931596129664e-04    9.799787454030730888e-04    2.525764896340678510e-05    1.483984379763867570e-05    -1.434763760624146761e-07    4.934177980362011162e-11
2.900013078882130912e+02    1.000721006655100220e+00    -7.210004126290773738e-03    4.211170420838276744e-04    2.364959236540685375e-26    2.307056723978875463e-05    1.451723377601847487e-05    7.250877985544196412e-07    3.264329261610706134e-01
2.899998591658729197e+02    9.993329178633899579e-01    -1.107389252896346168e-02    -1.756252191702900166e-04    2.234429510136559747e-03    2.337298874997996147e-05    1.434035444370001002e-05    -1.223158372706222745e-08    1.041013687957443331e-11
2.899998313373059204e+02    9.997198100127617781e-01    -5.116190243229141316e-03    4.121435306705474502e-04    7.465175192445471343e-04    2.571622952661849172e-05    1.424225200530688963e-05    6.093156082279251400e-07    3.376480939768824895e-11
2.900001682332281234e+02    1.000637497366590356e+00    5.317126245705323419e-03    2.974301237451094861e-04    6.282584823819806338e-04    2.399642061163128755e-05    1.470147169082090726e-05    -1.333263431101830374e-07    5.985215107582471260e-12
2.900001290086293579e+02    9.985411615182427925e-01    -9.510473599996313457e-04    -8.930607817777844811e-05    3.975946199655742819e-21    2.223331854136825227e-05    1.387200838629120913e-05    -3.196375405651003523e-07    1.074988053645752756e-02
2.900003626668163292e+02    1.000385339531715045e+00    -2.292096021050538460e-03    1.112073007036240097e-04    1.712578828052828753e-03    2.368417129760092300e-05    1.407642988367330279e-05    3.118628435227471024e-07    1.001782187638341759e-01
2.900006972648226338e+02    9.983658400777403186e-01    -2.369206404465356176e-03    -1.731735527105943237e-04    7.220312478878134167e-25    2.499666632776014879e-05    1.508460623248331627e-05    -3.584404642799264702e-08    9.114207724907799624e-02
2.900007485557174505e+02    9.998572930288653904e-01    -4.247274872795801445e-03    2.771057108493547318e-04    7.168848060375515223e-19    2.306150720495860377e-05    1.381776043355224093e-05    3.216619290926931903e-07    1.115153712546686215e-01
2.900000983323492392e+02    9.967730788589459490e-01    -3.677967559364201527e-03    -1.819131218059122715e-04    1.287924517645410013e-03    2.313289188153964525e-05    1.345386706044833665e-05    2.240729989608567749e-07    2.115895594821376577e-09
2.900001650631465964e+02    9.994180930604800173e-01    -1.880655987907408396e-03    4.453203044183891225e-04    2.878341671453520609e-21    2.426531997052113683e-05    1.430975311894478242e-05    -4.610435387626636091e-08    3.593898945265131158e-10
2.900001575473492608e+02    9.987820764720787281e-01    4.658289006249734590e-03    -1.059603783275716584e-04    1.339910149627919867e-05    2.437351536836406188e-05    1.423897518157457551e-05    -4.259753490556657577e-07    6.996118498076333550e-12
2.899998658722176970e+02    1.001841753739135754e+00    -7.444475731669450598e-03    8.481326891896367873e-05    2.611876017604056749e-21    2.217942501251115927e-05    1.377722877514906327e-05    8.347157008128207755e-07    4.442445225532740127e-02
2.900000576702925059e+02    1.000031963439174998e+00    2.619626664729988834e-03    -6.703078569394552459e-04    7.700016416213975893e-04    2.529850946228367380e-05    1.391804067485520039e-05    3.679403204787515920e-07    3.124606340723704717e-02
2.900001279408746200e+02    1.000553836621339787e+00    8.653506487191573587e-03    -2.074304238821660188e-05    8.857613986415051641e-18    2.487973285374230797e-05    1.515793092858546041e-05    -7.949498761368848999e-08    4.779140413036178647e-02
2.900003998882434075e+02    9.977171192169692615e-01    -2.149242870473251632e-03    -3.140784681230572150e-04    1.177338651147569462e-28    2.603488576389555829e-05    1.527605560049104621e-05    -8.631077734238074020e-07    3.371763950578356790e-13
2.899998322418875318e+02    9.998016899240754762e-01    3.879677507563711325e-03    2.905290935573046269e-04    1.017472588892750197e-26    2.263512048158456411e-05    1.354880320413889896e-05    6.049455122092439777e-07    2.364334749281296377e-10
2.899999243250613858e+02    9.985997874794244611e-01    -4.522267905074193605e-04    -2.015475463579243702e-04    1.939260933093396270e-19    2.401227714158928975e-05    1.490484814931911634e-05    2.798402270335049435e-07    9.721436028617833496e-12
2.900001947440105710e+02    1.004119959857892486e+00    -5.967562456606553822e-03    -4.559225918182033743e-04    4.933442554466337606e-20    2.641494098831092394e-05    1.486091358804266509e-05    -1.463443887305574017e-06    1.260744863258920459e-08
2.899999058303847050e+02    9.998587743333723354e-01    1.603539357132351822e-02    -2.532929271203547853e-04    9.303368829845898823e-04    2.483650841078005630e-05    1.399985703891456922e-05    8.789281864691642773e-07    3.725590374872573933e-11
2.899998772991763758e+02    9.985548367533303438e-01    7.048126239598852087e-03    3.989877066617516913e-04    8.987774320115115597e-30    2.591618746507479544e-05    1.450718090838333787e-05    9.714703555890820536e-07    6.593720478092714988e-12
2.899999925773532823e+02    1.000914520655243445e+00    -8.244083311988214050e-03    -1.518455534307002819e-04    4.959774893230641625e-05    2.339907167544827524e-05    1.434026422652643287e-05    2.615833756418133259e-08    6.295341606472552864e-02
2.899998012451389968e+02    9.991495388265562161e-01    1.336864352893321443e-02    -2.690948162077500238e-05    3.429099347575391302e-28    2.453963400431259811e-05    1.417848498983088208e-05    7.283748176262944740e-07    4.382744449508888681e-12
2.900007567267971922e+02    1.001715533465608043e+00    -1.586430973066879288e-02    -3.927816335029503397e-06    9.371479098852139849e-04    2.511907474803618193e-05    1.469385638135990271e-05    -1.295343795112837553e-06    8.890012133741735656e-02
2.899998726587155602e+02    9.984537576610064136e-01    1.690529636688592116e-03    4.971894572555404920e-05    1.803604808955353033e-22    2.639679821569335770e-05    1.459462772536196987e-05    8.422255412757947646e-08    2.048709345801674425e-10
2.900003154294981869e+02    1.000839869681834138e+00    -1.343228528171890035e-02    -8.520376069465997648e-05    7.137559763125283897e-22    2.692200661055884519e-05    1.564707731388526531e-05    -1.269285468565147877e-06    1.890579477698850186e-10
2.900000128712298988e+02    1.000432030596821731e+00    7.891087778752959442e-03    1.973689568360400453e-04    7.024008851104725107e-18    2.426828243847300209e-05    1.444263183817609231e-05    1.258867100250853477e-06    3.394864904083839258e-02
2.900006599106850445e+02    9.961649156431551244e-01    8.465730722859407184e-03    -2.907995337818426794e-04    3.065111527454058256e-25    2.121912398831751881e-05    1.301985412496013268e-05    -1.443478650295151309e-07    1.593812903259794744e-01
2.899998709718066152e+02    9.996243541491652840e-01    -3.596779499537212818e-05    -9.626360456338909299e-05    2.104342594398430568e-21    2.337291341946349892e-05    1.371800336799974179e-05    1.029282216612667091e-06    4.102951953532739393e-02
2.900004305719252784e+02    1.000937459165655685e+00    1.337719658283061976e-03    -1.127660666962788954e-04    2.014735779898016598e-27    2.393625596979160957e-05    1.359568700527553335e-05    -9.579326870135684704e-07    3.476872037614520506e-10
2.900004316316318409e+02    9.996269429122495165e-01    1.145121912112335300e-02    4.873873290278869547e-04    2.784954033366211236e-04    2.407394034984623309e-05    1.463815685067850373e-05    7.842868687094404501e-07    3.960279143412024500e-02
