# f_r [MHz] A m phi D delta_r delta_ere delta_eim a
2.900000615028101265e+02    1.003782139943257601e+00    -1.039980018053105913e-03    -1.354178280685310433e-04    3.843564923409976465e-04    3.800739038104838024e-05    2.742532327161672305e-05    -1.027937831266932320e-06    5.498630666528846111e-10
2.900002684586348778e+02    9.991838520890155007e-01    2.461187689180944181e-03    -3.590219083065577382e-04    1.207579708210847029e-03    3.597959820861518698e-05    2.603571078691965202e-05    -1.094939358207906285e-06    3.140639369663550395e-10
2.900001260489453330e+02    1.001927318989695337e+00    -5.882885690665897761e-03    -8.663531721776742084e-05    5.013027508983510997e-05    3.677925813378228831e-05    2.717719431436783331e-05    1.500718127784642078e-06    6.178206896996294356e-14
2.899996630364158818e+02    9.987208265416268604e-01    1.607355283164113666e-03    -4.347595487932246253e-04    1.363440900978678872e-13    3.726206181012279900e-05    2.775839948376697308e-05    6.437552630471378178e-07    4.555083810788870741e-09
2.900000377566541943e+02    1.000426493240839987e+00    -1.371587227804902396e-03    1.222505903838199738e-04    7.285660744571139128e-04    3.726974984298510622e-05    2.745117550007441896e-05    4.069667181552105323e-07    1.142723646437522821e-14
2.900003286562635481e+02    9.954188530477660057e-01    1.220592362193736666e-02    3.561830262462199748e-04    1.534346171642104766e-18    3.438828524412759042e-05    2.579837032882942327e-05    -2.045009379041361191e-07    1.587518235251598325e-02
2.899999749163550860e+02    1.000142297069296360e+00    1.263886479671548664e-03    5.961979031181699267e-05    5.199116737095292090e-12    3.824347932986184642e-05    2.786062875134717119e-05    -5.447744915852229638e-07    1.001186637291002785e-08
2.900002988220117572e+02    9.984387206991619523e-01    -3.099235044664473606e-03    2.672439461389074710e-04    9.750292581919938065e-13    3.808603994328605216e-05    2.797761312807801575e-05    6.904283916638160769e-07    5.906906918273888141e-02
2.899999487852783204e+02    9.997748296526982603e-01    2.899335741005560144e-03    -3.786283100029526642e-04    1.040413646137739248e-03    3.817621916465256703e-05    2.848660733544271465e-05    2.948835179427519620e-07    2.013673527075103206e-02
2.900004112579446200e+02    1.001666597186306795e+00    1.636299387528171358e-03    -3.614361128436991474e-04    1.477853386759823950e-13    3.667822179016763570e-05    2.724988195595781602e-05    6.814335169026089267e-08    5.147561729292299965e-02
2.900001928208808408e+02    1.002848716366735005e+00    3.039311303916149027e-03    1.487190469947984983e-04    1.923501357741087933e-04    3.593714443074286973e-05    2.679301559700046639e-05    8.257549428778050450e-07    1.601351198790237212e-02
2.899994367721157573e+02    1.000661536672843743e+00    5.039679505141484231e-03    2.043792841473162476e-04    5.369467441962538345e-04    3.660630471208102191e-05    2.775905409959258293e-05    1.474841683596336136e-06    4.655322006175255057e-10
2.899996857019170875e+02    9.989207354217608525e-01    -1.092228128520465096e-03    -8.189776620110770632e-05    2.890072730877420348e-21    3.655443763535471584e-05    2.701794171740314336e-05    1.131790335339332089e-06    2.777227017947717785e-02
2.900003082981079388e+02    1.004596970971685543e+00    2.620721332560283900e-03    6.189178832993244138e-05    1.571100791673905462e-22    3.901414606290279667e-05    2.821573082281387341e-05    -3.641590575072629589e-07    4.930012973284186167e-02
2.900004796545723025e+02    1.001402423355841398e+00    1.009131808987911733e-03    2.803867382083667583e-04    5.099208598229034620e-15    3.846518870120039547e-05    2.785048563762119097e-05    -1.529337680724416891e-07    5.881202164768868645e-02
2.899998164911750678e+02    1.000934519820752211e+00    -5.069084418290588324e-04    5.954349564818387511e-05    2.241066456559549409e-14    3.928254796184502823e-05    2.832609217789222432e-05    1.581855274500549052e-06    8.705396553665036355e-03
2.900001312933632107e+02    9.979135650325496876e-01    -7.205702561953353236e-03    2.259889749452123292e-05    3.946344712736719320e-04    3.727159224352198809e-05    2.703570421029551625e-05    1.957204655892519967e-07    2.245421204732809680e-10
2.900001011904044503e+02    9.990975351122424186e-01    -4.918950665967316074e-03    3.784226233654182744e-05    4.117824085802848622e-04    3.683962395613205975e-05    2.737268683379950559e-05    -6.640419947112256032e-07    2.339245670877428844e-13
2.900007171875605536e+02    9.991548393350018209e-01    2.667588712737134753e-03    7.315976143623898007e-05    3.135912026274693600e-09    3.659915661951807463e-05    2.642541892858144611e-05    1.294672721962426902e-06    1.300126516229833940e-01
2.900001974124877506e+02    9.987751817117963560e-01    -3.601203795299330493e-04    2.411088481813022076e-04    4.630361343207044119e-17    3.442120365461928607e-05    2.698003439888763089e-05    -1.322555599887513316e-06    1.232615456598882168e-09
2.900002205029733204e+02    9.965216937720052792e-01    1.462467022100489471e-03    9.320292056463951123e-05    5.678912347558863013e-15    3.507709172379790558e-05    2.609841099989659163e-05    -9.256610208135300804e-07    3.988774663707486522e-10
2.899998409947247069e+02    1.000529907402686325e+00    2.903787627048576812e-03    5.292669966355227238e-04    3.398185988689970285e-21    3.437674581538430196e-05    2.711434833399878276e-05    -6.252343629838369094e-08    1.933828063516387562e-10
2.900001016785629417e+02    1.000974367711798374e+00    3.926799593705161337e-03    -9.845974070740184068e-05    7.122471995929037922e-17    3.905074149997380181e-05    2.784244007029204458e-05    3.318882230054926930e-07    1.745526191319989236e-10
2.900003900076233663e+02    9.986372911378019745e-01    2.911040549482987478e-03    2.781151521768168320e-04    8.108785985698737991e-04    3.714169625199932156e-05    2.696122800458917223e-05    6.482062563859416982e-07    3.908565155797225077e-02
2.900008832611017056e+02    1.002696760255531006e+00    1.036434733339161238e-02    2.217744073852594459e-05    9.641407951494920788e-15    3.770664043998987383e-05    2.697464000876620855e-05    -1.337894977333097638e-06    5.319591140475558866e-02
2.899997849056122732e+02    1.002071464283158742e+00    2.634005822227169624e-03    2.082262670081791792e-04    1.228947132510739262e-18    3.876411264244179831e-05    2.906229805655531493e-05    1.025753755720740387e-06    7.519171122060797064e-13
2.900000561118069413e+02    1.002793796546147531e+00    -8.454158466783358306e-03    1.700090027844077597e-04    2.679664066945997481e-15    3.788526714486617237e-05    2.758931985834860837e-05    -1.173659475540210658e-06    2.961555169023833869e-10
2.900000429149516776e+02    1.000889744401576520e+00    1.193040540188540846e-03    4.231675406224094790e-04    6.225957021354560977e-04    3.493106790287210157e-05    2.594129998026253834e-05    -5.977028250341200645e-07    2.646595348084313712e-16
2.900002941144954889e+02    9.996367487365434013e-01    -2.653989346315892891e-03    -2.712911303537843548e-04    4.990675634227772486e-04    3.709084095138310693e-05    2.762718441507505332e-05    2.352028299770934735e-08    1.526088826761025015e-11
2.899998561941607136e+02    9.997599492621357387e-01    -9.118301271289284970e-03    -4.146569158168591520e-04    1.231716852766080294e-03    3.738446692914314338e-05    2.793504877946274449e-05    -3.236629368782273548e-07    5.077217711741462830e-10
2.900002673373655853e+02    9.986766998541548590e-01    2.491198199141912619e-03    -9.651982137234554752e-05    1.014400992357184122e-09    3.702216055107827001e-05    2.680462211259957708e-05    1.055209352630809274e-06    5.907831987762478254e-02
2.900003868714089208e+02    9.963548254279700478e-01    -5.366232016455379887e-03    1.059596318354494863e-04    9.852423274059419317e-16    3.733053879630138109e-05    2.727355983098302518e-05    -6.951435262983040882e-07    3.989991070592326460e-10
2.899999209722245723e+02    9.996373145322471343e-01    2.076536363919626992e-03    1.040061297458854018e-04    4.594350329111987041e-05    3.769722211220983150e-05    2.763453455210196100e-05    5.611535233105309475e-07    1.806112126394072649e-13
2.899999048769032584e+02    1.000939347588008399e+00    1.472564733163314013e-04    -8.858582837401825011e-04    7.024518356739371543e-16    3.771861241873325266e-05    2.833395927925721626e-05    1.727211571537681798e-07    7.732799121235408124e-11
2.900009520315484792e+02    9.990974681449571460e-01    3.578178868217071155e-03    1.216228929756472791e-04    1.618287302572104245e-03    3.601576736085242532e-05    2.649423355727622509e-05    -3.053987931463083028e-07    1.268027177495421043e-01
2.900003756329473958e+02    9.950015003271355241e-01    -1.920855943632492416e-03    -2.199884628267300204e-04    2.927604285679521081e-08    3.784425461910552945e-05    2.735895025893246289e-05    4.061032868700499281e-07    7.290232080989561547e-02
2.900002104730569386e+02    9.981931773109017358e-01    1.579592478050674455e-03    -2.789585866417288959e-04    1.234889798721798635e-03    3.831527386180401775e-05    2.694685013045012561e-05    -1.332741257094219513e-06    2.465029791999934756e-12
2.899998968924688256e+02    9.990956229241546582e-01    8.456020398653400078e-03    3.170998355441033011e-04    3.709780765192868720e-12    3.556479266717958894e-05    2.700570152913606524e-05    4.557476464815182446e-07    6.865846340770930735e-11
2.900002335783211720e+02    1.000200342761824901e+00    -5.474346876283747547e-03    4.548141618002726695e-04    5.024347360705917332e-13    3.489688033317470405e-05    2.616018132749086108e-05    -1.144579644082935406e-06    1.362760110566294290e-10
2.899998400059125743e+02    1.000185674056415230e+00    -5.455704636798067858e-03    4.787758248704670387e-05    3.305450140740704280e-04    3.777207798311983639e-05    2.696409312812621083e-05    3.419742648605080704e-07    6.288680853191157098e-03
2.899996482908917983e+02    9.989020030925078730e-01    5.544064814755719078e-03    -1.342929296513580592e-04    5.509061064454252692e-04    3.842108373941545023e-05    2.675406003651217084e-05    1.340338711114230472e-06    1.938172491694912375e-11
2.899999710510419391e+02    9.994521103463875900e-01    6.235003768341677854e-03    2.262681115174403383e-04    1.750429737194517197e-03    3.644200679317119023e-05    2.573724924934118579e-05    8.891172303404848189e-07    6.554653790649520376e-03
2.900004315977573128e+02    9.983675903390011319e-01    3.625106230627261113e-03    -1.379200432406316504e-04    3.877115912433580796e-15    3.881524457857098528e-05    2.864927985753142886e-05    -3.483069879733105274e-07    1.227197882077951489e-02
2.900005241630295814e+02    9.999635475915016336e-01    1.134063952233473407e-02    -3.493278196071739300e-05    5.807163374552836784e-08    3.432857364871849356e-05    2.539955648287684701e-05    8.423361873623298274e-07    1.021051011211156490e-01
2.900002989256620367e+02    9.983894403915675175e-01    -5.967264678888855190e-04    6.308617628219305440e-04    1.169201381986258815e-04    3.563898481620991131e-05    2.743807040675369028e-05    -7.993931768040157901e-07    2.392179914066157667e-02
2.900001411998059098e+02    1.000515472117831983e+00    -1.168850380731042624e-02    5.122530783823361607e-04    1.618242105347055082e-05    3.631233024071767326e-05    2.629877029112314801e-05    -3.275933746444509301e-07    1.623851792498019753e-02
2.900006234476176132e+02    9.991807450499919918e-01    -5.352272785658622294e-03    2.976664048335208516e-04    1.398470849975666717e-12    3.692327164678593565e-05    2.754218560995520256e-05    -7.371338154552857733e-07    4.960811109555651743e-02
2.899997344538578545e+02    9.995814169992043308e-01    -4.954124906489780662e-03    -2.901359299900300396e-04    6.753444805359304509e-09    3.874146279887975884e-05    2.739935511238380375e-05    1.688809750863695183e-06    1.629913158341431828e-02
2.900002671519312116e+02    1.000738110354193466e+00    1.138703639141817707e-02    3.732165313324741114e-04    1.063008158837520594e-15    3.833517932254289679e-05    2.734417410743447121e-05    -6.340266258050244605e-07    2.366733643470991105e-02
2.899999725909279960e+02    1.002616474739353114e+00    -2.412107188004296732e-03    -4.768063193979879994e-05    2.839645132492280848e-07    3.482324512223219264e-05    2.639178073713517142e-05    6.283454951038364472e-07    4.833982217932011508e-11
2.900001390168180819e+02    1.000590944659442982e+00    9.153875039314368287e-03    1.285610570070825308e-04    5.365373489409721111e-12    3.692610249790619103e-05    2.668442737138374587e-05    5.938777328256562177e-07    2.636646406481408927e-09
2.900007028362109054e+02    9.991599599472066329e-01    -9.655606512590004685e-04    2.172738974216526745e-04    9.109660246730150314e-09    3.859784548844602959e-05    2.796067774411208317e-05    -1.019816004155274473e-06    2.761072003629475718e-02
2.900001728502928700e+02    1.001813683694860124e+00    6.929771982407188953e-03    8.514029986365560896e-05    1.167731139968372129e-04    3.763968654518719302e-05    2.790184577789330781e-05    6.933507946169402784e-07    3.761823811638343590e-02
2.899997300765534192e+02    9.966160850844806296e-01    2.894486611386184668e-03    4.961641427619165479e-04    1.009352113702957675e-03    3.569991059966676081e-05    2.678605383513551469e-05    1.258746459149229826e-06    3.602328978592443738e-11
2.899997616451565818e+02    9.991412885272179523e-01    -9.751990521590264346e-03    -6.352507392708054519e-04    2.445916602749836131e-12    3.669805569479621415e-05    2.628763075213201035e-05    -5.070503065706017621e-07    5.277764846712974163e-10
2.899999413912639170e+02    9.984238543157875068e-01    -2.386434139571178177e-03    2.924046722401105430e-04    4.883649681139812628e-04    3.891109695578677004e-05    2.700445885408641811e-05    -4.204652509536220715e-07    7.462261262130821047e-21
2.900001749619718794e+02    1.002613310202483676e+00    -6.233104886041842055e-05    -6.184364270240524973e-04    2.981672098868667093e-12    3.634734381883904334e-05    2.717152132807873689e-05    -7.583340970950940868e-07    6.349994833884168964e-09
2.900001622838427693e+02    1.000373944759263223e+00    -6.840114211661189013e-03    6.091254651166000400e-04    1.865457092445004392e-13    3.535253203605010674e-05    2.635271330664656556e-05    4.642988060916343586e-07    4.761760554058237782e-02
2.900000777197229809e+02    1.002026050343494346e+00    1.905288135741434533e-02    -6.921627478586639577e-04    1.339279481352127505e-04    3.722728645238326518e-05    2.765127267139114576e-05    2.742196388851008712e-07    5.644659787240724480e-02
2.899998166582641943e+02    9.969663619792493714e-01    -4.833091792433957291e-03    5.939273918504665243e-04    1.146211570223936490e-04    3.757679769784793541e-05    2.752546432890891497e-05    9.561452846308423865e-07    6.742380698427234199e-15
2.900005331170133331e+02    1.001579252415204069e+00    -4.625649559383258370e-03    1.372636686400941018e-04    4.462097432912423481e-14    3.658700941273233998e-05    2.699260869430256113e-05    -1.343230678139526883e-06    1.669888001281671788e-10
2.900001133709204169e+02    9.973010270753006612e-01    2.022190184946106705e-03    -4.644663051299984381e-04    1.347484495783321604e-24    3.611206379366636979e-05    2.673822723273184130e-05    -1.035260497458301612e-08    1.644417564768629521e-09
2.900000872335897952e+02    1.002473999767584223e+00    5.974006947964754025e-03    -6.100206000870457866e-05    1.344676488045079121e-03    3.822031642919118888e-05    2.747933397886661197e-05    5.898812977376174450e-07    1.283041275150385678e-02
2.900002213601679841e+02    1.000606370722992411e+00    -5.904978173973707799e-03    4.251446255129719522e-04    2.267015784972553584e-04    3.804758987764217821e-05    2.758865621172509270e-05    -1.038242665709579131e-06    1.222588099772366335e-11
2.900005089453422897e+02    9.998706791906637470e-01    2.605104355332494345e-03    -2.169905882806403685e-04    4.888596123363954729e-04    3.766306294592401471e-05    2.760157178064117752e-05    -3.445341518897323530e-07    3.107874325307510496e-02
2.899999564065524851e+02    1.000289404562465512e+00    9.214429128168073052e-03    -6.332255674020602148e-05    7.275139012348938271e-09    3.489833259337396087e-05    2.646266037835717005e-05    2.060844734022968453e-07    7.021377486463462915e-03
2.899996304731911323e+02    9.984578334264494481e-01    -4.054067573421428136e-03    4.773942382799107936e-05    2.616888370504261295e-20    3.714418102450850251e-05    2.755437078078054708e-05    1.583777272658615671e-06    4.320677597956393298e-14
2.900014541860864483e+02    9.988741193374004457e-01    -2.192520581546988836e-03    2.706719326574671502e-04    4.774670077819038929e-04    3.834166468286573842e-05    2.746886532873489439e-05    -1.518161891535720454e-06    1.218891976124382576e-01
2.900002418570182954e+02    9.990362339104734701e-01    -5.335208630752685463e-03    5.384746418684592436e-05    4.752980687720604496e-04    3.801405199996586238e-05    2.772151147339991988e-05    -5.270054952618615281e-07    2.767690902018940523e-11
2.900003626398600431e+02    9.975545707971238407e-01    3.959131766570166133e-03    -6.327984832994839378e-04    9.836180977157123818e-16    3.622842048202496443e-05    2.679197719384718038e-05    -1.412243939883084834e-06    5.960337215594700485e-11
2.900004798743502192e+02    9.971195159062675728e-01    1.696995586422113530e-03    3.774480795152570177e-04    1.085515718918935672e-03    3.693062378163479854e-05    2.748442876255645126e-05    -1.913090690039031545e-06    6.510039976881693002e-02
2.900001462482557031e+02    9.999788756939049783e-01    -5.897774004725313615e-03    -1.603301875972407793e-04    1.590372497673134310e-03    3.447031031177264984e-05    2.593520775319233996e-05    7.309816771355320413e-07    2.069250474772976398e-02
2.900002512920311801e+02    9.990512928644580404e-01    4.421314335536900321e-03    -3.849962549183099698e-06    8.148238495503985638e-04    3.760935547909915815e-05    2.692597128885324109e-05    5.479449932977619671e-07    5.804791088232622714e-02
2.899998094712166790e+02    1.003007181810428694e+00    -2.388754452144278926e-03    -2.436263395256711023e-04    1.731365657561113017e-15    3.826688310890830947e-05    2.803003425963919394e-05    1.490686299954778223e-06    6.807822719764850634e-09
2.899999013484053876e+02    1.000971780023868662e+00    3.988386235356203291e-03    -4.845180597904569534e-04    1.897148279577207618e-18    3.534925337989591190e-05    2.706083330527669873e-05    1.526738193604690450e-08    1.832964875819006982e-10
2.900002190889705957e+02    1.000567589798187385e+00    -5.465475577209200596e-03    -3.584845972461241982e-04    4.677185131144894214e-19    3.367654557532930612e-05    2.526688450234810531e-05    -5.251760706874500139e-07    1.563779638748914346e-10
2.900003102462362108e+02    1.005041390258066158e+00    -1.917398684855885010e-04    1.278250687289214291e-04    2.311059359194408882e-03    3.616788191988368738e-05    2.777410104906287745e-05    -1.107603240908553048e-06    1.126827702257005745e-10
2.900000766706468767e+02    1.001031483916408282e+00    -6.753998889322852112e-03    -1.098576401691444355e-04    1.315329219500731674e-03    3.602936003407296577e-05    2.763516205977710257e-05    -6.730014059446569544e-07    9.716982178593933789e-03
2.899997401072703838e+02    1.002533664814008407e+00    -4.215559837607615011e-03    -2.869392992459123362e-04    2.450999453814111436e-03    3.686237562423718632e-05    2.712371669241596603e-05    1.034761202793317614e-06    7.198750227161819007e-11
2.900002391693025743e+02    9.992294601075250027e-01    -4.538167785269686151e-03    -9.619754145779015812e-05    4.270043761893554634e-14    3.692856066150509959e-05    2.712613540819488778e-05    -5.951690646772909802e-07    1.920276561874284180e-02
2.900005840943173894e+02    1.000899917764525027e+00    -5.925473236818331116e-03    -8.538729763208182310e-05    4.607284692636900670e-12    3.623443791901718959e-05    2.643417709517867199e-05    -5.263612589370457823e-07    7.154433308242789946e-02
2.900005161103954947e+02    9.993458017593065401e-01    -3.469194253337687297e-03    -4.158533349138671380e-04    7.001501157063101709e-04    3.507487867983115581e-05    2.618249229283400477e-05    -1.420561720307956882e-06    1.483018834938789818e-02
2.900000092932564257e+02    9.992789307053838721e-01    4.443171210081215544e-03    -2.767597257241075017e-04    6.052145561364958735e-04    3.741751458798362476e-05    2.778343696916969500e-05    3.189417923014893186e-07    9.245433486383904294e-11
2.899997893294985829e+02    1.001653281119430305e+00    7.075798801673299256e-03    5.540542275756152584e-04    2.059870471978853633e-17    3.854310749846200925e-05    2.844365338022310675e-05    6.587710893544575550e-07    8.599305490503575690e-09
2.900004334521296414e+02    1.000928446436207819e+00    4.786807517818516058e-03    -5.860330629150900398e-04    5.945620131756364629e-22    3.985622790451895262e-05    2.770497245971000505e-05    2.231456314411188671e-07    8.002413392881502219e-02
2.900001108153528548e+02    1.001727707165713799e+00    8.571649131032874416e-03    -1.482568607738556066e-04    3.821393796962835104e-04    3.526134554855200491e-05    2.699985817850614639e-05    1.223389836442732672e-06    4.263342069176344340e-02
2.900002504283628468e+02    1.001071773528731113e+00    8.118910520436615694e-03    -2.600892191103944566e-04    2.873918610691374481e-20    3.598204601140172880e-05    2.611920811939466490e-05    1.186923392062076834e-07    4.101911908510456201e-02
2.900009554061493304e+02    9.978006811855119063e-01    -9.540348379587988356e-03    -8.197195495267217647e-04    8.825485076216555737e-04    3.780102512087812829e-05    2.797879316101230799e-05    1.081776738767744538e-07    6.851764822640360464e-02
2.900001581968363666e+02    9.997228581043019480e-01    1.666723570307123217e-02    -2.160361103095141506e-05    8.501653949352069756e-11    3.847911315478622936e-05    2.730966515901630872e-05    -2.722478579808139409e-07    8.773768989905331492e-09
2.900000532847024033e+02    1.002930934891837156e+00    2.111489148978310405e-03    -2.247449010513522395e-04    3.106235714600506098e-04    3.804894581108140357e-05    2.678306834873210097e-05    -5.917744722287592805e-07    1.866155241743287264e-10
2.899998297888638490e+02    9.996307676238397333e-01    -6.028474552041358618e-03    -3.776742789016434686e-04    1.871193776896638980e-03    3.551440987265920194e-05    2.639343490107775241e-05    4.450737274248113434e-07    8.051887846913024543e-11
2.900002107397584723e+02    1.000283581476372419e+00    -4.107879699260940862e-03    -1.868123854939904749e-04    2.492574566209773733e-04    3.768446500962517321e-05    2.748552337275416782e-05    -8.118127113020989084e-07    2.144144353982257306e-10
2.900005610114357069e+02    1.003075500303955980e+00    -3.231358680409843632e-03    3.007726347582462224e-04    5.128428358889803272e-04    3.839767040244090266e-05    2.847039380066865262e-05    -1.416846199341706340e-06    3.552859393251774772e-02
2.900000175268235125e+02    1.000571258677812159e+00    -8.051251076239212363e-04    3.273551854598187117e-04    1.051328277558227722e-07    3.639628554755230716e-05    2.839617009777603080e-05    4.088094271666537905e-07    1.810636012497882780e-02
2.899997619739771721e+02    9.982579699266846962e-01    5.407248626728404332e-03    3.025483054504275152e-04    1.087690115036955111e-12    3.689188277673584901e-05    2.745928863782081728e-05    8.381111964270671591e-07    2.595635649592139783e-09
2.900003481188330738e+02    1.001116921619450428e+00    -9.526858208331042549e-03    4.618094034537754164e-04    3.087168005894624066e-13    3.677973733343104087e-05    2.691451441549995343e-05    -5.347301928510949793e-07    7.201985043596004029e-10
2.900004036338885385e+02    9.981147772218329495e-01    -1.103982258983815393e-03    -5.526357398148390530e-04    5.485860061027490931e-05    3.950838325862897728e-05    2.820643056248933555e-05    -1.140951121755298431e-06    2.738176874429907934e-12
2.899996743696069643e+02    9.972200170567973032e-01    -2.638864011504894139e-04    -4.243400402029031196e-04    1.402857164115579175e-03    3.586187482397872826e-05    2.792448666539343522e-05    1.322072931707702986e-06    1.087393064263739162e-09
2.900013511339659544e+02    1.002286843781749148e+00    3.564887246177487340e-03    7.942081116183989545e-05    1.938507137474360582e-16    3.835216832437603185e-05    2.750040777206423726e-05    -7.829635295673601459e-07    1.383295426144199036e-01
2.900000696446720099e+02    1.001505041017110464e+00    7.278778827653147911e-03    1.407155846849647205e-04    2.554002774461207933e-04    3.666519613756020210e-05    2.698453672451895630e-05    -3.466666001240585314e-07    1.175491634553273237e-09
2.900005947273095899e+02    1.000077227916601252e+00    -1.054469160905219249e-02    -5.077764494768812094e-04    9.828491935080384181e-04    3.588292018043336227e-05    2.624477859954607773e-05    2.133076148194922494e-07    8.071961843443789530e-02
