# f_r [MHz] A m phi D delta_r delta_ere delta_eim a
2.900000076182173530e+02    1.003119909224176709e+00    -6.605132196192626051e-03    7.759139247043750657e-04    1.664601181399724705e-04    4.687184128563445779e-05    3.546059152783133834e-05    1.402179036096878623e-06    5.433624458163317794e-03
2.900001170797758050e+02    9.971057979842207208e-01    -7.776088597147940915e-03    -3.082666067084088331e-05    3.495866609110418010e-14    4.559293592589647588e-05    3.393589645448526925e-05    -3.788590314766822150e-07    3.929300281316381920e-11
2.899996985759612471e+02    9.992498647032519443e-01    1.634486370723196857e-02    -2.212700768203246316e-05    8.189108310358552042e-19    4.500579494311469870e-05    3.443135810900254442e-05    1.108413509669542521e-06    2.569583203479203050e-10
2.899999558493338441e+02    9.973777745118751481e-01    6.005879772088143845e-03    -1.520559404588247014e-04    1.507447568570554003e-03    4.449863474262648116e-05    3.394818967826923335e-05    -1.582239557755197787e-07    2.100026262992123747e-14
2.900004898191787106e+02    1.002652863518425086e+00    3.697920962626617138e-04    3.611392482832038509e-04    7.157340780799812709e-04    4.429630772424227790e-05    3.375770279035903240e-05    -3.004483397881302532e-07    4.612531772083042908e-02
2.900003268458196430e+02    9.981518123967156875e-01    4.095426321245345530e-03    2.503748513487485906e-04    6.386502716868287107e-09    4.525433809265718007e-05    3.555488282923619360e-05    1.392402974837829606e-07    6.052095374351235818e-02
2.900007485153793709e+02    9.979463322072287257e-01    -2.398125887691220526e-03    -2.318664483465672076e-04    5.079506455131666421e-04    4.482787278476794995e-05    3.557492853843377962e-05    -1.873459208917669441e-07    6.483592881017997966e-02
2.900002598785353598e+02    9.980963429238463025e-01    1.881807308803190798e-04    -1.678348436299403261e-04    8.227494137374480269e-14    4.873695645563252477e-05    3.601515808555040099e-05    -5.680180487601016779e-07    1.203198555602511162e-02
2.900000814832642959e+02    9.983175085678631655e-01    -2.968577287877006976e-03    -4.483325156566969377e-04    7.406759211127072222e-16    4.246189924187676135e-05    3.322506240566861950e-05    2.014725867919809414e-07    1.836211734583670027e-02
2.900003249098766673e+02    1.003919998935720148e+00    1.893206262618593941e-02    4.706084995620051707e-04    1.880251937026978401e-12    4.277611247306198344e-05    3.373458618678576302e-05    1.159625899877336519e-06    6.593139335936398782e-02
2.900004336733890113e+02    1.001242798359982755e+00    -3.467259538516976550e-03    -4.127218844377955240e-04    3.535980463023992215e-27    4.540133542672676668e-05    3.472906422871913047e-05    -1.119597756519952822e-06    2.454357349642708200e-12
2.900006339011004570e+02    1.002186901930761431e+00    4.213143311344738975e-03    3.148844590254447459e-04    6.546484523105893497e-19    4.342677367166606663e-05    3.368712932254217478e-05    4.221365349638077884e-07    1.042747411891461057e-01
2.900001741797581758e+02    9.986851776606505693e-01    -3.311488300526394153e-03    -1.972285595073173788e-04    3.508127155765841344e-15    4.568169575799259282e-05    3.599610472306902838e-05    -2.052694314389705484e-07    6.102119199407853421e-09
2.899999278702003949e+02    1.001066444619423512e+00    7.819046915261815625e-03    5.100442247341973408e-05    3.058082650259377430e-04    4.620578239482172966e-05    3.611341663986277211e-05    3.919773067731586130e-07    1.501968289782093296e-13
2.899995997107292283e+02    1.000311523858963048e+00    5.763906909411230413e-03    6.268205763096015414e-04    1.212234343302353944e-11    4.479565522553420343e-05    3.429153563743079993e-05    8.893879700844881417e-07    7.889802446551517677e-11
2.900002722127470633e+02    9.993377376599683615e-01    -2.903610812748292757e-03    -4.439615909719760406e-04    1.107590571683004581e-08    4.476870923539489629e-05    3.436582476011738662e-05    -1.332362341788522263e-06    8.404178510585145091e-11
2.899998441277309666e+02    9.994955123654479801e-01    3.224312669563057353e-03    3.267446372977906178e-04    1.630946063432439630e-23    4.355289187115793950e-05    3.476948460785776773e-05    -3.767040184972623866e-07    4.036116770667601136e-10
2.900001701468692090e+02    1.000089027775794559e+00    5.913575904767410206e-03    2.812044352765459944e-04    1.082467294836470820e-16    4.633449649748359596e-05    3.631020016217167794e-05    -1.923518541581901798e-07    2.489679059349604820e-11
2.900008081386069421e+02    1.004041110319530805e+00    -9.032286626587152437e-03    3.231981281497765617e-04    2.742587034783418745e-13    4.319581923930749823e-05    3.338281208068186802e-05    -1.311854974459607729e-06    4.228554933516278508e-02
2.900005565989526986e+02    1.000188149303897323e+00    -1.044244146307656039e-03    3.822598871416131279e-04    5.231867976270317628e-16    4.528416320394084912e-05    3.480822744226611415e-05    1.253051019611434126e-06    8.050459225944688046e-02
2.900009450712942680e+02    9.972639923478374691e-01    5.735881900040096237e-03    -3.152661259705613747e-04    4.400043582826050517e-04    4.512647225762834969e-05    3.416874031770929178e-05    1.864543472136358369e-06    1.489262015071526613e-01
2.900008090971471120e+02    1.000776254737332671e+00    -6.070394734417191782e-03    -1.397003714837986013e-05    3.223944522469678215e-17    4.638181493696020110e-05    3.562684383300955798e-05    -5.090728006006550289e-07    7.489782809128518737e-02
2.900004992146514269e+02    1.000008127236196698e+00    2.527912412612901526e-03    1.809141943969053482e-04    1.020832079004948580e-03    4.466673411661425486e-05    3.490304414074877612e-05    -1.103583506177283995e-06    5.371254361140144005e-14
2.900004072952358456e+02    9.970871353639888524e-01    3.155783232266096659e-03    9.091971778778205012e-06    1.160005679096996279e-03    4.460336698340001461e-05    3.421556469854582157e-05    8.537104722476912316e-07    6.328778632834321238e-02
2.900000554258182319e+02    1.002220381087499224e+00    7.804483256598383246e-03    2.062531217696227787e-04    6.997813129496753028e-04    4.326232432169704840e-05    3.447915710986605085e-05    -1.739688466789586461e-07    1.271747952167977258e-02
2.899999675296456871e+02    1.000884580025201531e+00    -6.453194197023322774e-03    3.122512542189496320e-05    5.237300512666734855e-17    4.435768461961852623e-05    3.524706516087623004e-05    -1.214111301894982812e-06    3.092126776075984089e-13
2.900002816667864636e+02    1.000563823576668732e+00    -2.497549653894011804e-03    9.949811726611614438e-05    2.185052706541075707e-25    5.058824500826765246e-05    3.756668308279714617e-05    -7.817266098425238008e-07    1.138773398935966182e-11
2.900001587008572983e+02    9.977480910956852966e-01    -1.563960220584083858e-03    -1.275948584502532639e-04    4.476838189685854825e-04    4.484454038372335714e-05    3.496949335009276976e-05    -2.266342292194352404e-07    1.462103467231072942e-02
2.899999413234903045e+02    9.994862405374861369e-01    1.480977759002104948e-03    -1.045387294824601769e-04    2.336366958199552403e-04    4.679374998708100844e-05    3.694451019247849209e-05    -2.163866080025910984e-07    1.821340344438702973e-12
2.900006311023681747e+02    9.997911421688484568e-01    1.538192047076305602e-03    -3.889079863570896688e-04    8.934164484195669128e-09    4.499248239452403750e-05    3.541647654249450576e-05    -3.821407231334416051e-07    6.938630232754922078e-02
2.900003243483973279e+02    1.001038987244784018e+00    -8.945041359093564709e-03    -8.791434892338779463e-05    1.650170398076870361e-03    4.587387980170045938e-05    3.424158865735860233e-05    -7.329781238619348609e-07    6.875578879302310029e-03
2.900000774910719770e+02    9.985277538470170855e-01    -2.064953209536797649e-03    8.184328276844698579e-05    6.199096082199771806e-04    4.381184029823918498e-05    3.314812113848796861e-05    7.159696196585324542e-07    1.172506585095394712e-13
2.900002591343403537e+02    9.996367874864271474e-01    -1.468179050222749148e-03    -2.042550375838174620e-04    4.672175991574503982e-12    4.388531134827631386e-05    3.490818882587016055e-05    -7.452533666759982684e-07    2.893090683190148796e-02
2.899999466604976419e+02    9.978978590636363721e-01    3.362028537218654956e-03    -1.267888381414130911e-04    1.185394471076728974e-16    4.697408238066263619e-05    3.550054227111981508e-05    4.223232529214181400e-07    6.230355561744985532e-10
2.900005839198398689e+02    9.989354631500755310e-01    -2.052953733880442250e-03    8.227419145255493265e-05    1.187249093758078479e-04    4.380620994682644438e-05    3.466349265367840113e-05    1.104228343656206330e-06    9.083068879922356897e-02
2.899995364866665000e+02    1.000018846352816348e+00    1.027641673263471681e-02    4.460047159132610271e-04    2.939064165023615454e-04    4.330188211240910241e-05    3.401797167404496620e-05    9.175969271431384906e-07    1.919501388945085013e-09
2.900009897159578713e+02    1.000649798766582776e+00    -1.698120357033352113e-03    3.347376023416866642e-04    3.401598052172905777e-16    4.332459793141485769e-05    3.405352374642074551e-05    -7.654478316312815675e-07    7.264191823850067731e-02
2.900009978836885693e+02    9.984992634108323939e-01    4.928698538959080944e-03    -6.979687971769226818e-05    2.418627085341828100e-07    4.384275921485949643e-05    3.403947507619939215e-05    -5.155438919325771494e-08    1.162714948203735915e-01
2.899999901177197330e+02    1.002614994721859221e+00    -6.225335322776253018e-03    -6.176970363026901886e-04    5.213623736880602455e-04    4.681232054156694768e-05    3.526380808617872578e-05    8.857653594996778608e-08    5.900632495710557009e-11
2.899999776319402827e+02    1.001059272225935270e+00    -4.903400739867363588e-04    -3.180416532271982712e-04    1.249249033265489124e-03    4.367360695360451628e-05    3.378964680033791655e-05    9.418499066008022790e-07    4.386378571094903811e-02
2.900001249487877999e+02    1.003791023726843923e+00    -1.770975761460594114e-04    -6.393892321045175449e-05    9.428234190915192690e-04    4.174319725846795223e-05    3.487382925930886135e-05    6.046775226615281754e-07    1.279258810485563516e-02
2.900003300453348061e+02    9.993011195659075030e-01    1.288591142396895229e-03    4.040308584447708812e-04    9.492260146583857876e-04    4.374718353027542923e-05    3.363794940939824973e-05    8.289802817600069451e-07    4.956256862689439879e-02
2.900000185008168501e+02    1.001157854879939135e+00    -9.411214375904300086e-03    1.644124066180645066e-04    1.134121142938619768e-04    4.278928973778369855e-05    3.344678210513229668e-05    -1.635331948480123836e-07    1.224682771731980222e-11
2.900004553393769697e+02    9.983018101616726314e-01    -5.446148271708558912e-03    -8.525923210963231398e-05    2.311478711794945747e-08    4.806930753306145899e-05    3.607808127739701954e-05    -9.182344809307899832e-07    7.654108079647818901e-04
2.899999525580592490e+02    1.000974940812998648e+00    4.201948069000506318e-03    5.925362364429666935e-05    2.017295404033518560e-03    4.458052831181299515e-05    3.410326525180217358e-05    8.389630909830555085e-07    3.622884434626430565e-10
2.899998560307877824e+02    9.996175398733594397e-01    -2.081806364268086462e-03    3.384678041690361138e-04    1.509717439385745722e-27    4.521798284668320785e-05    3.484153436081707697e-05    3.328173818266265610e-07    7.474181260843557300e-11
2.899998078827221661e+02    1.000468823734611989e+00    -5.892516932778368854e-03    6.566802172284514347e-05    7.852228358705569675e-16    4.231018388468905770e-05    3.436035233365693621e-05    -5.267396492009708630e-07    1.344967414960986773e-10
2.900002461100425535e+02    1.001247199366886109e+00    -3.179453545975731692e-03    4.529825540780244497e-04    5.302324737467259195e-16    4.549999934017919098e-05    3.488100988483935303e-05    -1.912351583765407896e-07    1.064518582885234766e-09
2.900002356595748552e+02    9.970245969228888061e-01    1.169506636092962869e-02    5.072300810517328239e-04    4.816274877994515904e-04    4.388067395786840203e-05    3.320262629463172760e-05    -9.265947161768242112e-07    3.276642674244798983e-09
2.900001377085858394e+02    1.000743641159647535e+00    -1.048329165912906952e-02    -3.617533683082714449e-04    1.632652434069826516e-24    4.452421665016374053e-05    3.418898243440108236e-05    -1.307242716782703975e-07    5.393370623847249526e-13
2.900004701583650331e+02    1.001179888606428259e+00    4.930574203228835738e-03    -1.113075311852844754e-04    2.390464503850886057e-03    4.367517784657162121e-05    3.356565816509885224e-05    -4.904784894495305562e-07    2.026884690666175270e-02
2.900002428328356814e+02    9.985453100353963718e-01    5.385519349685623409e-03    -5.837866091855668836e-04    3.613271110070941707e-21    4.267707842627623389e-05    3.468894624349840283e-05    2.773124016090314202e-07    3.686427761689994932e-11
2.900000597272423875e+02    9.996503264213925100e-01    -3.639963062857849859e-04    -2.074624787237071603e-04    7.757326841244700975e-17    4.605847679601271109e-05    3.526722104601252801e-05    -2.651029324815773063e-07    4.629529174407148884e-14
2.900000213115747556e+02    1.002870556696563220e+00    -5.053178849976676899e-03    -6.098576018878021842e-04    6.247066559835538072e-16    4.648386376734312811e-05    3.654487981019045531e-05    5.115360204121629517e-07    4.540169071523169481e-02
2.899997471966289595e+02    1.002484418348581707e+00    -2.726213046396802533e-03    5.823434762962494344e-04    2.017511690197662955e-04    4.467000982379890349e-05    3.473686889549266630e-05    5.593116427961306852e-07    5.123887823385720126e-14
2.900002175458876650e+02    9.999605875262699284e-01    9.205861082071331580e-03    1.899036549670036209e-04    1.198027186792007684e-05    4.557922125403934637e-05    3.467147282633278177e-05    -1.752720985345051008e-07    4.874014942481185581e-02
2.900001061626460910e+02    9.987757609332429398e-01    -2.098021030804513715e-03    -1.529204813263964301e-04    7.590153798070111393e-11    4.472994567635190174e-05    3.426448331954621901e-05    -1.203589395764729583e-07    6.877117309416043718e-09
2.899998666165775489e+02    9.991652759405884598e-01    4.579810153775775664e-04    7.719175242727135695e-04    9.279883182562292410e-11    4.338512286321694750e-05    3.399488664617758007e-05    1.283246227010156697e-06    2.172858636752860589e-02
2.899999590640676388e+02    9.993468727487494485e-01    -3.225313246201726158e-03    8.873144948313692348e-05    8.690973706717873322e-25    4.477307990022426755e-05    3.527251224675211994e-05    -4.520747041287985212e-07    8.014936095387492458e-11
2.900003329309307105e+02    9.982649426723956276e-01    -3.132575606896021575e-03    -2.844578879080719952e-04    1.802530871097863605e-16    4.328963240064527681e-05    3.438798477900867280e-05    -7.095054154911308748e-07    1.757832484330465114e-02
2.900000647625192869e+02    1.004057115255705623e+00    4.867737334367886262e-03    -1.465043123350832986e-04    1.967231681668860126e-09    4.700086453716359643e-05    3.589152917022872590e-05    6.313978228228658695e-07    1.347110744447658814e-08
2.900001195499033315e+02    1.000865785948663600e+00    -1.270908946372066063e-02    -2.323603245673688355e-04    6.118804933420961304e-27    4.590738362290202609e-05    3.455888144956927597e-05    -9.418116839747615498e-07    2.437104427313818928e-09
2.900001126447655224e+02    9.990504046657782133e-01    3.759026258502919104e-03    -3.401366507831698636e-04    4.575093762869365020e-13    4.504714847579754504e-05    3.496609930230300392e-05    -7.916624440927879143e-07    3.041862676670835875e-09
2.900001683204857272e+02    9.982556858047877402e-01    -1.774046053511409973e-03    6.441392949850329353e-05    3.612413364102938980e-15    4.711068091459897793e-05    3.582451990246529150e-05    -6.564856246611125296e-08    2.318958516732200291e-09
2.900001478778952446e+02    1.004257020029936776e+00    2.175662776462508954e-03    3.109836795419896553e-04    1.444408818825993408e-14    4.732384505493708539e-05    3.406354707325562949e-05    -5.307929320856548819e-07    8.153166834292249754e-03
2.899995760992251235e+02    1.000544362761836004e+00    6.486923284190723379e-03    -1.065551881433799433e-04    8.093937546544048784e-04    4.415290456416677529e-05    3.456414896390195353e-05    1.622698024491887250e-06    1.750539297995477319e-11
2.900002027781621905e+02    9.983118347985854291e-01    -3.724010799907044068e-03    3.613183060220946674e-04    3.283067720903699662e-18    4.627455356837919636e-05    3.598629958574396616e-05    -1.127933942297049923e-06    4.468988422618406652e-04
2.900000712671858309e+02    9.988507842267677628e-01    -2.019498195728020376e-03    -3.909842803770414987e-04    2.559308925292498150e-18    4.448624617928519613e-05    3.350329334140977102e-05    -6.201267739597404501e-07    4.359851866782641562e-09
2.900002147790400500e+02    1.002230048277085839e+00    1.586152702873855347e-02    -9.792863581052372516e-05    1.628868461141282563e-13    4.403665405314159236e-05    3.391050020543409231e-05    5.270782186896388466e-07    4.000124392210033242e-02
2.900001799750240252e+02    1.001350302292779881e+00    -9.779502796687252440e-04    2.736629579624981555e-04    1.198320776250575645e-19    4.390887798926588570e-05    3.435997040004680437e-05    -1.507754564481579018e-06    1.706821449224865749e-13
2.899996980080018716e+02    9.993358869090965824e-01    5.644399167286637264e-03    -4.368620031491835432e-04    5.418262710675938532e-04    4.529649173197850822e-05    3.535843536353561005e-05    1.723158049628498496e-06    4.620937347230100883e-12
2.900000633866258113e+02    1.001626467983330215e+00    1.156610192117121794e-02    3.573096793617496262e-04    1.629087306719780970e-16    4.582864630943280719e-05    3.551528282026869093e-05    1.275695732640971898e-08    3.294167981362910308e-02
2.900003010152253182e+02    1.003020520419439787e+00    1.239062444571283582e-02    1.766445400718646421e-04    3.821947131936405263e-15    4.379008651601791393e-05    3.533165893394047004e-05    1.003507540672046569e-07    3.919479273338506015e-02
2.899995559752836130e+02    9.996289612543941550e-01    5.636529486722720219e-04    1.164224661304950062e-04    3.507122702890760999e-04    4.453858233092587731e-05    3.465738218981803909e-05    1.091765820912012411e-06    8.414465706285179345e-13
2.899997282392506577e+02    1.000412741865539967e+00    4.818718377393802453e-03    6.844983108757884006e-04    3.551068085226779884e-14    4.575405390024111856e-05    3.563795912217213713e-05    1.576948039194722475e-06    1.868615909492953054e-09
2.900000610278610225e+02    1.001221578385844246e+00    1.762235337747589115e-02    -2.479161103511056771e-05    2.938713043842377608e-15    4.269825281252863272e-05    3.333792966392072512e-05    1.134140616849902722e-06    3.045072545800128413e-02
2.900007626583538922e+02    1.000115738571213830e+00    1.221244124717986955e-02    -7.193374341657111015e-04    7.166272438372022962e-15    4.418862238933325888e-05    3.516712812063500906e-05    -9.317913721371097079e-07    6.169569126774458734e-02
2.900004916699770661e+02    1.003897731061486720e+00    -2.476195121418328995e-03    -5.901077762046970680e-04    8.516601389608669047e-13    4.529245158769091997e-05    3.546740279276195128e-05    -2.155500273858343784e-06    1.740096144068702484e-09
2.900000896843874330e+02    9.985848546790700997e-01    -1.463997241613056340e-02    6.728619806903212352e-04    3.231505537830730393e-20    4.574147273317610574e-05    3.514244838824653888e-05    -1.043843121302116430e-06    2.111129686597865690e-11
2.900009698813393584e+02    1.002902846922953506e+00    -6.885351500621695632e-03    2.670743297131895964e-04    8.102721256354880261e-05    4.442747298114254673e-05    3.460987163970783299e-05    -1.666325114932755517e-06    7.308891006678495950e-02
2.900005450080208789e+02    1.001021048829879634e+00    9.617909033990673998e-03    -1.478262209389260261e-04    1.034842194925609735e-03    4.261152870390420665e-05    3.368357087120773695e-05    1.052601319018182524e-06    6.984674130559587191e-02
2.900001301348343077e+02    1.003173350984413847e+00    1.418089586049520179e-02    7.412703835737828530e-05    6.814224498688511511e-04    4.607246661911806190e-05    3.487741803135993297e-05    -9.904674223239550231e-07    9.393846359218396315e-12
2.900002140114309555e+02    1.000843799613195362e+00    -1.421913451004959590e-02    3.114603027779972301e-04    1.219828877747094906e-13    4.667375568686417078e-05    3.567137196591345832e-05    4.874045609269676661e-07    4.757036277181905803e-02
2.900004472596810388e+02    1.000479469755804374e+00    1.530276545817610846e-03    -5.518381654983382572e-04    2.399461290070630578e-03    4.664288826565123741e-05    3.587438992571743577e-05    -8.342863636914513948e-07    1.774761936104257698e-02
2.900004419779709224e+02    9.996219002203857729e-01    -3.819310804014354683e-04    -6.010053305811998754e-05    1.231796342289337995e-03    4.607636674332944840e-05    3.435217641497338796e-05    -2.567973031180811380e-07    1.063936667072872856e-02
2.900003362539429759e+02    9.985143937539360248e-01    -1.377721611188694861e-03    2.779837801133072366e-05    1.092652008235254009e-18    4.319084514321405694e-05    3.393420099404411208e-05    7.952448418164697260e-07    1.999716338998324197e-02
2.900001422098335411e+02    1.000412830417322985e+00    2.186975271776496997e-03    -1.501407245579073711e-05    7.387302574023473309e-17    4.363290532603480661e-05    3.472649142691433175e-05    -8.642835937616496088e-07    3.765011730483617000e-10
2.900001058280027451e+02    1.001718245166537402e+00    6.275940535557996205e-03    1.790490611392894858e-04    3.122958825390679686e-07    4.821045217766105155e-05    3.655947074074645934e-05    8.621816715196090611e-07    4.991616682259922104e-03
2.900009103542841444e+02    9.985726703491527578e-01    -8.792007017479173611e-03    -3.088103905349763936e-04    1.168051245929292584e-03    4.376777983618782930e-05    3.455933260396690276e-05    1.290113332449103982e-07    6.772626982160874498e-02
2.900004372914306146e+02    9.971093286119094845e-01    4.296929337663861828e-03    3.519143920834678441e-04    1.997712927088581914e-04    4.450276695592172673e-05    3.492664149556985726e-05    9.786896444843653782e-07    6.648855958534428956e-02
2.900004668259372238e+02    9.999727954361771198e-01    4.533810153519023112e-03    -1.050137808963380128e-05    2.647486882162682409e-15    4.369042678024501815e-05    3.461124142372599272e-05    4.488288512146583624e-07    5.050097578558755684e-02
2.899999703215744375e+02    9.984658891275391968e-01    6.048241752788684027e-03    1.366645266582059695e-04    5.178670162724393621e-17    4.387676223704470036e-05    3.458535012384289742e-05    3.982931009289441804e-07    2.521779205888927191e-09
2.900000915621870377e+02    1.001102557298130469e+00    -5.655755484751599478e-04    8.162473066939445799e-05    7.578491210449056150e-23    4.610479644699521913e-05    3.545627152297489460e-05    1.234155656629445482e-06    6.523144136419213413e-10
2.900009885487808674e+02    9.974845320526561920e-01    1.451183145300830035e-02    -5.525520444600529263e-04    5.520466509787529176e-18    4.564630334930525258e-05    3.513326272451095341e-05    -7.126964201931461764e-07    8.244935252389726243e-02
2.900004507595605787e+02    9.982290534899623813e-01    1.044986939770949129e-03    -5.791398573162626854e-04    1.539602734905648538e-04    4.315018283166594312e-05    3.406003571207054425e-05    -3.935865793647352961e-07    3.395287869055225310e-02
2.899998090241921318e+02    9.982156471027017197e-01    8.675735503149352434e-03    2.173790257298923313e-05    1.657232432599382767e-03    4.761573894566614208e-05    3.411677079461821269e-05    8.355398616538075281e-07    4.497305555326736552e-11
2.900000748451372488e+02    1.000391079767863678e+00    1.287499776765606589e-03    2.436142403137485715e-04    4.543769534829217293e-22    4.379843894935847912e-05    3.460644988167017286e-05    -1.191000281694321137e-06    1.038155174013302749e-11
2.900008857710993198e+02    1.000491075087120096e+00    -7.005209227251400946e-03    -2.518838389980650335e-04    2.057594244010717541e-15    4.472730195283099164e-05    3.414680100058165328e-05    3.530518064315843449e-07    7.750720492445845045e-02
2.900000653432633158e+02    1.000980029470421417e+00    1.064817559313484784e-02    -2.335173558273745983e-04    4.387233689454199718e-04    4.395500007138595995e-05    3.421370155162772354e-05    -2.720933767161026879e-09    1.780555855530096057e-02
2.899998672758776479e+02    9.978626883374773771e-01    4.639304784957017048e-04    -8.594764581182293280e-05    1.177096923906183039e-07    4.469045146911530760e-05    3.405281977027226585e-05    -3.761947784597813985e-07    5.795243138706953609e-09
2.900000271856123391e+02    9.971743052773903715e-01    -9.268267043537559147e-03    3.145303764964776428e-04    1.295143244537460885e-09    4.410090119843032173e-05    3.387759221483968895e-05    -7.623198516602419083e-08    8.580377572468943699e-14
