# f_r [MHz] A m phi D delta_r delta_ere delta_eim a
2.900006554624194450e+02    1.000860044327954501e+00    2.610726726522547697e-03    -1.060655389362269431e-05    7.031419943145866246e-17    4.777063372144011610e-05    3.660035618589439315e-05    8.575671048712308245e-07    4.396259075009843059e-02
2.899999214088937833e+02    1.000900156190428048e+00    5.097483899073241079e-03    -3.246862724129634175e-04    3.956361347649191360e-15    4.505592610045709907e-05    3.631252623670808643e-05    1.249817301144516163e-06    2.792068975749176576e-02
2.900000548718005575e+02    1.001100342181244773e+00    2.662755201584793285e-03    2.906410657922457405e-04    2.752934918116789683e-19    4.586642796061389131e-05    3.646374200058358141e-05    -5.273937442030803730e-07    1.215401743466758261e-10
2.900007758725190570e+02    9.987066546464608008e-01    1.387204218472459479e-03    1.921095316065383443e-04    6.330412636075674008e-04    4.476106081600858137e-05    3.577442460366672721e-05    -1.399755520969477208e-06    4.904241984855619435e-02
2.900006512599822486e+02    1.001379389407327292e+00    2.133585152259550796e-02    5.792959717215174489e-04    2.847808510131301783e-12    4.673689831515749778e-05    3.675990818289790195e-05    3.979270506997808318e-07    6.667044088994972251e-02
2.899999494668640523e+02    1.000817022335920514e+00    -9.434626477272363768e-05    -1.646248630751180348e-04    8.041157132703446921e-04    4.701453557871891446e-05    3.793159358898033005e-05    2.022786020679130038e-07    1.388078472409070901e-03
2.900003823985628060e+02    1.002837107676535000e+00    7.790267292773477579e-04    -3.144406996256210863e-04    3.304892564840360494e-04    4.632389664157002311e-05    3.614029323059493945e-05    2.942801397362414481e-07    3.172785818549861414e-02
2.900003212635913314e+02    9.981459172623272647e-01    -2.608845069525714440e-03    -3.212303504873405383e-05    7.909156433953407951e-20    4.680249424065537718e-05    3.776815863626875488e-05    -2.564961864574593428e-07    3.224802151101809067e-02
2.900001290728370691e+02    1.001711057031239305e+00    1.568499296620420392e-03    2.590034218721220345e-04    5.381862896762010488e-17    4.886546612052192125e-05    3.782431743569317147e-05    -1.711634516119932776e-06    1.120920354935334248e-10
2.900005236486442755e+02    9.994710473723646960e-01    -5.550114594113067859e-03    5.107183778141639722e-05    1.412872027148726756e-03    4.331687117773968528e-05    3.494573426170320202e-05    -1.343828828810289843e-06    1.738803252069062721e-02
2.900004154825787168e+02    1.000357540746236840e+00    1.607426749799012065e-03    4.908396583605410726e-04    3.676362470037836920e-20    4.666264308729569705e-05    3.748332582770037819e-05    -1.635027595864399089e-06    5.058192626318527854e-11
2.900002085486390797e+02    1.002225841892667946e+00    -3.003158551994275071e-03    6.513348217049407928e-04    1.022642797687467659e-04    5.049812555879626684e-05    3.813065607812277401e-05    1.473383556861315839e-06    5.223370137234990829e-02
2.900000636164544403e+02    9.978597817160524963e-01    -1.430134259299980885e-02    -2.078567461030148434e-04    8.649223964724263520e-04    4.670780830197684985e-05    3.720075675620713334e-05    -6.482120069546297721e-07    2.894990265608393398e-12
2.899996420404457922e+02    1.004363887445331338e+00    1.366436889455303547e-02    2.747645229413335066e-04    4.839068705194902612e-12    4.787516474376210095e-05    3.715823933349239518e-05    1.231224764608884770e-06    1.904960263432835034e-10
2.900000482818595060e+02    9.999512423394896210e-01    2.662852507165801817e-03    -2.031632894803119742e-04    5.136963024458438314e-16    4.539434739181567803e-05    3.617193155629420395e-05    3.862395485961319923e-07    3.910705486335245781e-09
2.900010006901781026e+02    9.970914699522880342e-01    4.599660927333677936e-03    1.538696319791768899e-04    2.250759335426698871e-10    4.671633386773085686e-05    3.590579631055546868e-05    -6.604980384299023030e-07    5.493276816957986391e-02
2.900006344560020466e+02    9.985388480563471836e-01    9.110450917823319271e-04    -2.740336383148542850e-04    6.040118484640923167e-12    4.550990596974227467e-05    3.672685761768103454e-05    -1.745242915284426585e-07    1.366507017215292351e-02
2.900007575996170317e+02    9.984129197985643911e-01    -3.108380871754207447e-03    3.135739614486444818e-04    1.552453866109229454e-20    4.570028659614312511e-05    3.577755261269557999e-05    -8.132133245136598919e-07    4.823332923674095857e-02
2.900009475241072892e+02    9.997078029205136440e-01    8.310841584647208485e-03    -7.066778677103854336e-05    1.172041078662194782e-03    4.749949572214876204e-05    3.716318951210285888e-05    -2.367176002311960224e-07    7.813560789869788969e-02
2.900008380059331898e+02    1.000666791735576711e+00    -1.862631737718588429e-04    -3.529073965848977487e-04    6.664812551251586472e-04    4.761550144794578590e-05    3.722937212287808346e-05    -1.347925521830951159e-06    5.508849319299099351e-02
2.900001812761182123e+02    1.000183465750462020e+00    4.336366055693047748e-03    2.971042353323525838e-04    1.728360672485501279e-03    4.648398848239793980e-05    3.727680018370525973e-05    8.899830397521071744e-07    4.455929647775119101e-02
2.900007806124206127e+02    9.993974287724338712e-01    2.340664038149321922e-03    -1.320585312002955849e-04    1.690297900367111418e-16    4.515436951311204539e-05    3.606628019434360115e-05    1.043424509946255664e-07    6.414049671232772976e-02
2.900000380665462103e+02    1.006513929163800336e+00    5.445787117160922133e-03    5.134189744594693162e-05    7.043190032930750312e-04    4.667379619024672650e-05    3.737229223325316092e-05    1.089269842423756364e-06    1.654016060902417998e-02
2.899998648328843274e+02    1.001001769415222009e+00    1.071222195627640102e-02    6.690425037720443800e-05    1.800559365530712811e-15    4.721281210555071611e-05    3.793802702211469753e-05    1.595133217243298025e-06    3.895724811955964913e-09
2.900005303384903073e+02    9.979030279225374889e-01    -6.412570497074102831e-04    -2.960662105452605279e-04    1.339681312550040004e-03    4.629363347171203542e-05    3.657875439461405302e-05    -1.268056545032483715e-06    4.812125887035396260e-02
2.900007295824213429e+02    1.000241681780855263e+00    -5.068940231487569642e-03    1.768946342257887193e-05    3.665615893599759018e-15    4.388963137354468631e-05    3.545950054235568562e-05    9.715209137878118811e-07    8.771501403161430233e-02
2.899999835584931702e+02    9.998280132364294470e-01    4.418567168473912400e-05    1.177887744452632671e-04    1.064369858877081991e-03    4.674789752554319664e-05    3.719402026248533040e-05    4.605223610997554262e-07    2.698025608691341417e-03
2.900003372206122094e+02    1.000314363594336342e+00    -7.147821882956089702e-03    9.429752425864892571e-05    3.425861144383719868e-13    4.643724237005859607e-05    3.655789714314449848e-05    1.461124352295599789e-07    2.738615408076532087e-02
2.899998654334315802e+02    9.991907273612244955e-01    -3.896666311747452958e-03    -9.652298666097934045e-05    2.594192300541631560e-04    4.675893458575423379e-05    3.701246016343074052e-05    -1.045961613824585606e-08    1.377495707628154271e-13
2.899999679639605574e+02    1.002785629141646373e+00    4.136113772082189270e-03    -3.500447928831827054e-04    4.572015519586976220e-04    4.899780284944316850e-05    3.849027079779002045e-05    5.928654054253857119e-07    2.315855212671330847e-14
2.900003076677688796e+02    9.969426789515039022e-01    -1.239685762187419217e-03    -3.475022295591433628e-04    5.378282059468622315e-10    4.696116777140511926e-05    3.754132818265303528e-05    -2.066848671557009189e-06    6.643715930526826113e-09
2.899999513575318133e+02    1.001864999165285486e+00    4.106139400787056290e-03    1.457085631131501118e-04    2.010157052989577047e-09    4.688300966863357452e-05    3.663873095063317515e-05    3.420801103298890832e-07    1.873176990639686262e-02
2.899999982701510248e+02    1.002223733567695119e+00    7.627215067911430509e-03    -9.120950237957145589e-05    7.826799251289125487e-09    4.964249686722853718e-05    3.834569125699074813e-05    -1.077813751930527197e-06    1.153460803909796667e-10
2.900003531789706699e+02    1.003492636463186427e+00    4.381019193157391009e-03    1.057305843907453685e-04    2.918002403636716661e-23    4.800718895080122964e-05    3.662378327837742564e-05    1.262622360707189976e-07    3.100428627839836235e-02
2.899998237723239640e+02    9.977811371815891173e-01    -4.950993791000518444e-03    2.161364059758730011e-04    2.116016885305038102e-21    4.565614172345442860e-05    3.646531359633933014e-05    6.924420163268445828e-07    4.546313974909078184e-11
2.899999458862103552e+02    9.976899094188914630e-01    5.904821079538631959e-03    -3.593582264453230478e-04    5.456987857212530128e-05    4.476268088745225107e-05    3.748109679278286381e-05    1.239225421680300784e-07    1.269061506289161133e-12
2.899998074089973557e+02    9.982559609124179723e-01    3.862325734982320451e-03    -1.467280723289146186e-05    3.234439198174756313e-04    4.953622660272502282e-05    3.796381168013443665e-05    -7.514404419292887096e-07    7.756043803148280017e-12
2.900000597957507011e+02    1.001040378362260563e+00    8.359328508744275077e-03    2.389118513216781272e-04    4.537794556677701382e-04    4.533448751204314175e-05    3.538588699208161810e-05    -1.235544852513270715e-07    2.818399028836714530e-16
2.900003356835785553e+02    9.984368197129745992e-01    -7.340082687203434292e-03    -4.491319601488496615e-04    1.855661423235974705e-11    4.594305294521079398e-05    3.676980069151123515e-05    -6.083663526017099605e-07    6.622721437105678725e-03
2.900002353042775667e+02    1.000316855145736428e+00    1.556314603576983363e-03    4.261319925759385991e-04    2.158363005210915035e-04    4.587000624540091775e-05    3.719549619524739181e-05    -1.237319291121016643e-06    3.326931225116530003e-03
2.899997274080167244e+02    9.999778234868939020e-01    5.484957230782853271e-03    6.012037678926998628e-04    4.012922087877781696e-04    4.695695263591769642e-05    3.755360358338734295e-05    1.072266155913728567e-06    5.792649693351175338e-14
2.899998923570395277e+02    9.981518161769385999e-01    4.319543627817728701e-03    -1.589055150395623063e-04    1.430435658921734842e-18    4.483138099906178609e-05    3.610415790647048386e-05    1.492687819246666037e-06    3.054201325641270337e-02
2.900003489448794767e+02    1.000450095829458430e+00    -3.948392804346587820e-03    -1.550628611931487762e-04    8.210457474627015815e-24    4.769276911476227177e-05    3.648362482417574602e-05    -2.022800277136111822e-06    1.955525441639026664e-10
2.900001492219973898e+02    9.996591034291948397e-01    5.592512146270401828e-04    3.093351443206228814e-04    1.310186727766748674e-16    4.795870454529903174e-05    3.664252779846677581e-05    -1.889252110522355885e-06    2.821708473923014143e-03
2.899999026654336944e+02    1.001991619507217157e+00    5.471060342435111329e-03    5.489052951321192817e-05    2.151555675169729427e-09    4.425117346706494492e-05    3.619819301402156248e-05    1.078602072438276058e-06    2.520872799073210768e-02
2.900003551259563892e+02    1.000722906814165647e+00    -3.236844743801237513e-04    -1.789925316639851048e-04    7.689126376641673049e-04    4.691093340720652423e-05    3.676221723119539830e-05    1.200191045935469733e-07    3.683375674949220663e-02
2.900003178468704732e+02    9.981862358137988389e-01    -9.487437441369067637e-03    -4.025141867741522175e-04    2.718786378643687097e-03    4.705198958053819392e-05    3.647619553263689693e-05    -2.641834955251686643e-06    3.041178109123028175e-13
2.900003665859348985e+02    9.984961707878813320e-01    7.422849248084608872e-03    9.953117189736173482e-05    1.138862804330962979e-03    4.407835863555046349e-05    3.562363658386012976e-05    -3.319499338143486719e-07    6.785971016379915843e-02
2.899998642319369537e+02    1.001085916882791027e+00    2.595586710685729003e-03    -1.038129750396582268e-04    8.221096579667697115e-22    4.447063302064326122e-05    3.623943103001545492e-05    2.009434516248246495e-07    8.131389678944569445e-11
2.899999324691856941e+02    1.001607926027632489e+00    1.612705598504160596e-03    -2.939104532916190127e-04    7.741935041504979999e-18    4.696127940429610650e-05    3.665740303291238736e-05    1.146918657455580272e-06    3.498354783973259724e-09
2.900001645911431751e+02    1.001169914320794607e+00    -4.960419549690698107e-03    -1.621669252154905308e-05    9.457895028207600705e-12    4.665808654200907281e-05    3.635383689807747957e-05    -4.044026295211775220e-07    6.116127759820725148e-09
2.899996415608333109e+02    9.998537877697797338e-01    -1.915432180901241368e-03    7.494824575377209718e-05    4.367898938202627535e-10    4.626867206946560883e-05    3.603209643798123413e-05    1.505475724537207835e-06    2.424266260541321164e-03
2.899997888857473640e+02    9.997129685118544273e-01    1.803450413593715110e-03    -3.842390175658464233e-06    2.001221583364140924e-03    4.519277812376832400e-05    3.631325250323320285e-05    -3.661155108124764550e-07    3.691077219573681927e-11
2.899998864352715486e+02    9.991487917687444931e-01    -1.391455520980424548e-02    -9.733832263148163892e-05    4.140063446030685267e-22    4.761313747736485965e-05    3.700776592627976337e-05    -3.460320588127628245e-07    7.383811131963667870e-11
2.899999317298200481e+02    1.000607312140841865e+00    -1.257540465805442181e-02    -1.709729072679125740e-04    1.150521091260047369e-04    4.786541837583956408e-05    3.705393437995861146e-05    -1.148577433989427111e-06    1.566249996860507995e-12
2.900010538632068346e+02    1.001493617807896364e+00    6.815681596271700934e-03    -2.983361199477886378e-04    6.890385075745103071e-04    4.536219378993070731e-05    3.618697366997112859e-05    -2.033638158564417737e-07    8.744918593336924173e-02
2.899999925124312199e+02    1.000552666468427221e+00    6.444105540968121428e-06    -8.935493684389382053e-04    6.226476909920607063e-04    4.693935063632727063e-05    3.651428134550721089e-05    2.107173576169352211e-07    4.822470540204393560e-12
2.900001351251951860e+02    9.981139999355418402e-01    -1.672891080958287084e-03    1.775026730984056349e-04    1.613527485905302625e-11    4.960612202380522347e-05    3.763077501943848174e-05    -5.044628932860176859e-07    3.591154781582216095e-03
2.900000894704542702e+02    1.001716335958337867e+00    4.671319941299447408e-03    -4.114835037050134400e-04    1.424686136980486402e-12    4.681112479709936781e-05    3.606583202094734540e-05    -2.619301148227815537e-07    1.819567748073572244e-02
2.900000128253225284e+02    1.001140616667243188e+00    -4.310465925629823093e-03    3.741262377556083484e-04    2.313525623852744149e-16    4.710832985702943722e-05    3.677675798286810991e-05    -1.326220338805167902e-08    3.900291928917588424e-03
2.900014790180429713e+02    9.998189225707583283e-01    8.565423504498532320e-03    -2.642647952634021719e-04    3.699966456285736843e-07    4.847516554744068427e-05    3.749508196195995731e-05    -1.645793177768649900e-06    9.695327146804744167e-02
2.899999753028770897e+02    1.001463644147493781e+00    3.502460031254964971e-03    -5.856329459910575080e-04    1.031564577182856636e-03    4.827884636501826593e-05    3.733278220484712576e-05    6.383842447547889607e-07    2.460583595395586084e-09
2.899998565076182899e+02    9.983943707143618784e-01    5.981276845331041925e-03    5.193644036799981574e-05    3.730980661237827298e-15    4.678488520063489060e-05    3.748167200841565251e-05    1.236837202279629046e-07    4.245977577993068163e-09
2.899998819579327005e+02    9.969051528583603439e-01    4.858048895360612268e-03    -2.307881757581371906e-05    1.172763848555742687e-04    4.511946460627889777e-05    3.556860319274576760e-05    8.754050329164017226e-07    5.401322773406818472e-12
2.899997926480562569e+02    1.000660436686720445e+00    2.363683892646223535e-03    9.135422403534892706e-05    1.563465549470304103e-03    4.736690642322606857e-05    3.676365032336896115e-05    1.307117684433832207e-06    4.873219183271745164e-02
2.899999074806428325e+02    1.000535630163062129e+00    6.029981758013736211e-03    -3.602632872566085718e-04    1.972223032686567319e-04    4.442609466637041649e-05    3.607921592071083367e-05    2.099242485618431418e-07    2.420156752858051957e-10
2.899997374936187953e+02    1.000794529222946982e+00    -1.112192042344874870e-02    -1.032476064522854805e-04    1.328318989112082481e-12    4.608644175329640384e-05    3.675786310958736224e-05    6.813966002656116404e-07    2.321808067642602749e-03
2.899999866670488586e+02    9.999761134961537845e-01    -2.986061749610240015e-04    7.898538582352222304e-04    1.594396669445304725e-13    4.714954730244321217e-05    3.781213604938173811e-05    8.834257668951259531e-08    2.461333160441362897e-02
2.900000286771230549e+02    9.973966021674230964e-01    6.681426339727212366e-03    1.297303527647617849e-04    2.190612241453979842e-03    4.478767846231265407e-05    3.603294163382616622e-05    7.814397719258874840e-07    4.110168536076021472e-08
2.899998014744437000e+02    1.002241161425635907e+00    2.997156236702832634e-03    2.470896819037403749e-04    2.653870569284726361e-04    4.529167372263506438e-05    3.677390360514253513e-05    9.439640969940500990e-07    2.938233998339597267e-02
2.900003373200773922e+02    1.000622731775339780e+00    -1.451577711464122544e-03    -5.001470401673921385e-04    1.788624262253116735e-03    4.467946479114743414e-05    3.592962044129317822e-05    -1.102313355163446518e-06    6.610327404798983926e-13
2.900008652974039478e+02    1.002427773697112112e+00    -2.288612171008478410e-03    -3.980132736020857700e-04    3.402408771396899337e-15    4.888697242245099232e-05    3.770904720935036900e-05    -5.747102367125837764e-07    6.954335226786381718e-02
2.899999001265715037e+02    9.986023150884983934e-01    5.103948506796032736e-03    -4.421272159853824964e-05    1.272510787699690548e-04    4.629800005511867976e-05    3.722641340965666539e-05    -1.050242006345627384e-06    1.492488978677717140e-10
2.899999756759242473e+02    1.000177829941759633e+00    4.034443831609283142e-04    -2.321026686838745153e-05    1.189616083505238425e-03    4.506251407054408454e-05    3.618300108266640249e-05    -5.232057913937423949e-08    6.656058408595699215e-11
2.899998210558144933e+02    1.002781070997316171e+00    -7.374251699499001327e-03    1.178974543646830168e-04    1.135671790246553080e-03    4.570067490123601864e-05    3.628528955612484792e-05    3.775390555857418029e-07    7.164064171580702381e-14
2.899998208080656923e+02    9.981511917132510625e-01    -1.834834531274786781e-03    2.979385343971251631e-04    4.388502364893303196e-18    4.476869721799463779e-05    3.709531310124504109e-05    1.088790037306626164e-06    2.043191319159174154e-12
2.899997370193966617e+02    1.000453072068018701e+00    -7.300098501399173573e-03    2.122126835573690944e-05    1.087679381021214076e-29    4.881450605644785585e-05    3.722388779046749641e-05    6.693844836542534751e-07    8.907790058754822200e-08
2.900001254422697343e+02    9.992680771215817215e-01    1.908320150935457219e-05    2.249498889680596504e-04    3.932529309031512426e-10    4.789552286154196700e-05    3.693285326815491507e-05    -4.436209223314629519e-07    2.045044187950132222e-03
2.900004452093838268e+02    1.000031627681389201e+00    -2.760026081514167003e-03    -4.507589116013344544e-04    5.717969752754440072e-10    4.696319152004349443e-05    3.705178092806228249e-05    4.515170011143356665e-07    5.778028134068809857e-02
2.899999782950567919e+02    1.001416565844280626e+00    -1.246166376262238537e-03    -9.239885307367416548e-05    6.372455323860805886e-20    4.696226675981913118e-05    3.680324151753984713e-05    3.243814068915814955e-07    1.849735821942797301e-09
2.900014234087390150e+02    9.981405778554428565e-01    -1.603589872953477269e-02    -3.400849911823206192e-04    5.510217315526547794e-04    4.621366753266828757e-05    3.732319862007566294e-05    -2.779019204836022350e-07    1.101116268165445028e-01
2.900000387908846164e+02    9.962362375412068261e-01    1.982645868711473310e-03    -1.276866465874507194e-04    1.414980207719976129e-03    4.732240290784693631e-05    3.650336510460411472e-05    -2.824737705824592199e-07    2.592752803207235696e-02
2.900004872260315665e+02    9.970438842744288044e-01    4.427973218802752804e-03    1.189763197067261204e-04    9.306912642086265317e-04    4.705730112211930512e-05    3.678092608638717923e-05    7.407955387676637134e-07    6.339393648563880490e-02
2.900002954345769126e+02    9.986429250210014930e-01    1.521373451341949184e-03    2.860191486595294228e-05    6.122017426974069690e-16    4.525543066411217327e-05    3.634934790254347811e-05    -1.367863894040645734e-07    8.868545455459318986e-09
2.900001246212094088e+02    9.983123649712645209e-01    7.851022482958031675e-04    3.193552494241870413e-04    9.395237764631154566e-10    4.805627238694281007e-05    3.682403569346645079e-05    -3.524557001971360526e-07    1.830244112768726963e-02
2.899996411438256132e+02    1.004120250563227401e+00    2.691464584964385707e-03    2.072060643724005319e-05    2.148150239598931248e-13    4.586455424619697229e-05    3.699469526916510846e-05    5.127069096484704784e-07    6.279610794611125763e-09
2.900003313916777188e+02    1.000441122956852835e+00    -9.585272385562830511e-03    5.047639900721794789e-05    3.586511817638474413e-04    4.674126815568943805e-05    3.583093385444347559e-05    -1.848724591099035864e-06    1.005658965917984633e-10
2.900000482219792843e+02    1.000480479381849142e+00    -2.206818642715501193e-03    -4.788237363320057508e-04    2.321085652927861592e-03    4.480027598260878695e-05    3.590764969884638536e-05    2.271162723322924688e-07    3.355033469116154717e-10
2.900002298373467511e+02    9.993591742531343636e-01    2.216402378480919911e-03    6.536082683949552075e-04    6.613213862040027849e-04    4.753384970697040093e-05    3.680724771404810111e-05    1.421516952637014246e-06    4.191505219185003017e-02
2.900003919647109569e+02    1.000306610027010379e+00    6.835627620850437403e-03    4.976931739426117317e-05    1.549780687006727879e-06    4.539009823673451321e-05    3.623218916246435999e-05    -1.436291504479332777e-06    5.680918214778370948e-04
2.900000450187251317e+02    1.000564434841651362e+00    3.186659488643162931e-03    -4.927297706129831660e-04    2.516322297978402935e-20    4.457217317783586093e-05    3.585020174136169122e-05    -5.856971653863408824e-07    8.009635038207621097e-11
2.900012860469717566e+02    1.002892436766585238e+00    8.609055249309821708e-04    -1.899330689803461873e-04    1.811535312797862865e-13    4.915339109477962382e-05    3.772636138301132267e-05    -8.440908740333889045e-07    9.567754307809958614e-02
2.900009432022159217e+02    1.002311801994693274e+00    -1.046434569215965414e-02    1.839054978512540595e-04    2.474146039873202229e-14    4.560878189520217019e-05    3.717877177463879413e-05    -1.068486567886922794e-06    5.894467736503578026e-02
2.900003342386817167e+02    1.001847405400008828e+00    5.580774822321845317e-03    -3.443828186463292304e-04    4.380182741475363705e-21    4.604838656871089681e-05    3.584597817981492539e-05    -1.969549026107390190e-07    4.556017532244944720e-10
2.899999834987898453e+02    9.975521955738699820e-01    4.147681380784849249e-03    -8.548952669197367946e-05    2.919254476209056271e-04    4.543458771281277535e-05    3.670631137201576047e-05    4.609290277706064379e-07    4.541956803677447837e-12
2.900007835082681140e+02    1.000570760863659592e+00    -7.354489824646024722e-03    -1.861342430712131042e-04    1.061430451453531602e-03    4.569139149755364117e-05    3.564017640722226250e-05    -3.414392681678465239e-07    8.124781615196635665e-02
2.900004914555233313e+02    1.003310120652735282e+00    -4.318246441028122826e-05    -3.397160426281876802e-05    2.844263306200651416e-15    4.677194512138735144e-05    3.557006538771051164e-05    1.268691476313600629e-06    8.278566058464655042e-02
2.899998920071827229e+02    1.001824810595689286e+00    5.323879827006450412e-03    1.076755939536385798e-04    3.488367440796478098e-05    4.748695233196946090e-05    3.699215364926695552e-05    3.326065538092490854e-07    1.216753998143256348e-02
2.900000480859126810e+02    9.981715400879318523e-01    -5.990923890966091264e-03    1.543367601502829503e-04    2.006015351876410863e-13    4.697123553042379269e-05    3.665662423383770539e-05    -8.319747169307719073e-07    1.580040085298154482e-10
2.900004339204775192e+02    9.985706320588690899e-01    -1.658128659330527707e-02    -3.490565366807310923e-04    2.458415346925857219e-03    4.524495552515088789e-05    3.523946219219550576e-05    -1.166402687795565818e-06    1.112981512308217416e-02
2.900004363910527445e+02    1.001715855320600257e+00    -7.846640327066447054e-03    2.071061500612946405e-04    2.258759452044920967e-03    4.334041244604349319e-05    3.447864017036968111e-05    5.669003566441951801e-07    5.423565614313310967e-02
