# f_r [MHz] A m phi D delta_r delta_ere delta_eim a
2.900000275332600381e+02    1.001214204700245247e+00    -2.544228342406580894e-03    2.615008767520144478e-05    6.339324193154245333e-04    2.235236535874899776e-05    1.270676724751973383e-05    9.348002935072474113e-07    8.530047402954324398e-02
2.899999320281184509e+02    9.973798653458054719e-01    6.252805899574383035e-03    -1.707336593913357295e-04    1.901415325204094976e-20    2.232431962841741055e-05    1.220031802043606742e-05    -2.435736394385290956e-07    7.612011446312237035e-10
2.900014908086008063e+02    9.975480019911578955e-01    7.512184010366730787e-03    1.179449621953988043e-04    1.357842397109436782e-27    2.312273919939300393e-05    1.267680994641842304e-05    -6.187246971774297013e-07    2.585374200507772890e-01
2.899998139631892968e+02    1.003791283682325730e+00    -8.339407438656805394e-03    -4.362543611612272956e-04    4.955886282630102323e-04    2.213067033401548196e-05    1.255553852706778720e-05    -6.913475297135578030e-07    1.029125601161937903e-15
2.900002223367785632e+02    1.001191520550361203e+00    1.388983512514568690e-02    -3.154917426815086233e-04    1.038047595413810078e-26    2.405948820643361098e-05    1.247154073810220989e-05    7.870751883612710323e-07    7.328496829955911951e-02
2.899999379380932965e+02    1.002247169369931967e+00    -1.110864456402925688e-03    -1.999459617015871915e-04    1.618348738454556106e-03    2.469225848117636025e-05    1.289686449779467995e-05    2.638499890784317404e-07    4.184067903857010599e-10
2.900004087041705247e+02    1.000538421628685004e+00    5.106090854365158242e-03    1.896087519982242887e-04    8.049196374382927740e-20    2.295247226591658931e-05    1.280767033249721232e-05    -7.513984592574913855e-07    9.153871744806008948e-11
2.900001598223474275e+02    1.003488303541776094e+00    -4.775405277384935261e-03    -1.192755343483176676e-04    3.797347008839820634e-25    2.260257998877096352e-05    1.357757477663827766e-05    5.111580966214097417e-07    3.495858497699400741e-02
2.900004716186899714e+02    9.998649364423770614e-01    -5.287053360582941869e-03    7.063413692594021950e-05    1.559075082626783064e-03    2.376351937450011257e-05    1.239108495813248072e-05    -1.204516236096241889e-06    1.556533938315890853e-11
2.899999055095769904e+02    9.968537460981683473e-01    -5.350419024800344425e-03    -1.610915784281762399e-04    6.444821568202549055e-17    2.027823749908364351e-05    1.198065881570876976e-05    3.812159367378045513e-07    2.044000807022699108e-09
2.900001252190396031e+02    1.000597550734913410e+00    -7.914483860243513511e-03    2.634898767300552786e-05    6.603902703456313635e-04    2.139034000339337687e-05    1.155061443174468632e-05    1.961952927337699429e-07    2.090099879332102871e-12
2.899996959655981641e+02    9.999339993237765789e-01    1.602269812118766682e-03    1.318873394904899392e-04    1.538551919610250561e-03    2.411674948959841957e-05    1.230975191045199087e-05    7.245486808924041503e-07    2.458554069911509168e-02
2.899999595993916728e+02    1.000069419121955461e+00    1.817900564952925485e-02    1.920569843520748322e-04    8.448104876866591607e-04    2.154027324070951181e-05    1.211314452306436937e-05    8.302834606231972367e-07    3.788303091440545917e-02
2.899999819734779862e+02    1.000359582357923882e+00    1.133864464124370759e-02    1.251103560874895998e-04    4.224849393504797986e-24    2.530044168626393702e-05    1.392351318542944279e-05    -1.289330623405265351e-07    6.065006712349643291e-10
2.900011384264315666e+02    1.005569317409066743e+00    -2.389140228222902645e-04    1.546315834791778872e-04    1.200780331316967529e-23    2.347764137286836468e-05    1.265123832733614577e-05    -8.632121932791417453e-07    1.749181637080240992e-01
2.899999430280216757e+02    1.001502172644428201e+00    3.033831029014776547e-03    -2.201983087178809658e-04    1.280032896133919415e-03    2.284357477107459839e-05    1.295047799340451417e-05    1.570197531786393179e-07    9.423853247753801886e-15
2.900001408833194887e+02    9.998119357615602443e-01    2.410556736355007085e-04    -3.219449857266133501e-04    8.018699113084430475e-26    2.091598912301413505e-05    1.199285134060706351e-05    2.864622987917866627e-07    4.800093939160580275e-02
2.899998689517156549e+02    1.002878491917775117e+00    3.932746087816089454e-03    1.342934815184708582e-04    3.879202696551778927e-04    2.549140175733271107e-05    1.350699331429008646e-05    6.476685686563736349e-07    1.416261274778452309e-13
2.900002309945045909e+02    1.000066970122552190e+00    6.176935055854511705e-03    2.180517928953282821e-04    8.281724972712395073e-20    2.105562689663086315e-05    1.244216987544301788e-05    -1.197619852715584861e-06    2.045859549941284721e-09
2.899997595237124415e+02    1.002876030818611985e+00    -6.772878219965011888e-04    1.892671079990878110e-05    2.230992741913036811e-22    2.241832609247009178e-05    1.242650746630083913e-05    1.066219688283695164e-06    4.672568743761048691e-09
2.900002882727698079e+02    9.979971813898592670e-01    -1.583902385024575643e-02    4.318343662251092384e-04    1.697232162313476803e-03    2.379557938151612018e-05    1.310409673547558713e-05    7.487711960624739190e-07    6.314221226116457919e-02
2.900000915368539154e+02    1.000868247320868543e+00    2.702581660142935015e-03    2.594617961862731624e-04    6.272270230036673883e-04    2.069941654756695342e-05    1.236441789947081010e-05    -1.967729891162426171e-07    1.515618140047470004e-13
2.900000926354268813e+02    9.981549517071017785e-01    -3.830838754852069344e-03    -7.388190400349614996e-04    7.132070667306344632e-26    2.383830631310268118e-05    1.315856206148330346e-05    -1.821232447452832277e-07    1.679517978761705354e-12
2.900004231705445363e+02    9.982718974448662186e-01    5.687446644888191540e-04    -2.691359790090867886e-04    6.026906086631381574e-16    2.036734869851744825e-05    1.220911026724629325e-05    7.685279337309341975e-07    1.752169627874588520e-01
2.899996428340085117e+02    1.000195841493834337e+00    -8.273470547160509392e-03    5.695633665916378322e-04    2.037058080440808268e-04    2.282752734331596040e-05    1.243646747267982781e-05    1.032550993541105049e-06    5.479440531464417329e-10
2.900001497257430856e+02    9.991031457741933464e-01    1.997730648879185271e-03    -2.215339424875652138e-05    1.406641861523550393e-14    2.451533504205777230e-05    1.344873988155918470e-05    6.306439014595228422e-07    6.688378028640099004e-02
2.900005104068891910e+02    1.001413960275862491e+00    -6.683507495604121967e-03    1.994516120952082440e-04    2.440216520217954911e-03    2.321408603956728430e-05    1.276853302918211640e-05    -7.189193453067113592e-08    9.962472197218154302e-02
2.900006656742656901e+02    9.982260966885342368e-01    -1.623013193732414199e-03    3.629963703098407126e-04    2.680000210317984907e-04    2.252936318469283747e-05    1.247873631992065767e-05    -3.379274977785422688e-07    1.229573583629442329e-01
2.900003269165808319e+02    9.991674866991919757e-01    8.172023222943651868e-03    -1.124362914642178246e-04    6.298904470335441645e-18    2.079338007915763293e-05    1.210156651564879767e-05    2.430769998290713454e-07    1.103147883560727516e-01
2.900002159113523135e+02    9.980142722819070888e-01    7.970345856148494321e-04    1.126378398565440914e-04    1.094956608571054835e-04    2.217557996050317575e-05    1.316080069935122428e-05    -3.594120615131755187e-07    4.524767784781584187e-03
2.900000978281364041e+02    1.001203268822891346e+00    4.970804269402506921e-03    -6.981093587619867868e-05    1.258622566751239814e-31    2.151216490514160158e-05    1.311193735850089799e-05    -6.157741337705657491e-07    3.478326330811038091e-10
2.900001729840923304e+02    1.000471164654408440e+00    -1.718223893499071014e-03    -2.196660352665671262e-04    2.762617282521219941e-04    2.426960580324425348e-05    1.296403717408090970e-05    3.783036338413545337e-07    1.794483614198546633e-12
2.900001565583125966e+02    9.995712249324295584e-01    3.277259922668154368e-05    2.718528243015682451e-04    1.071954838124403392e-03    1.907498457724325576e-05    1.095654166301678743e-05    -8.210916568076940647e-07    2.591650661526566249e-10
2.900005162460570318e+02    9.985690679438457007e-01    -1.234037760508383333e-02    8.122645697759584438e-05    7.419061341367349984e-04    2.160397090390090273e-05    1.222553038317247781e-05    -1.017079974113053657e-06    4.197845587527577332e-02
2.900000734768591997e+02    9.979292218006919901e-01    4.400715684743441124e-03    -1.894039794006747534e-04    4.491275909570554377e-04    2.326425422113343906e-05    1.255568678713298200e-05    1.659676011940873853e-08    2.095520722753664582e-15
2.900004827029310945e+02    9.996058550738665671e-01    3.736683505025200237e-03    -1.870433033557991306e-04    1.500408302532678532e-22    2.328351476423441946e-05    1.319563987757859301e-05    -1.221823886479321419e-07    4.379039120860753892e-02
2.900005799121049677e+02    1.000025096789650902e+00    1.831137663060691898e-03    2.849571250322001045e-04    1.249535906371849757e-18    2.114087421808604899e-05    1.261342987005004731e-05    5.067332321732616182e-08    8.349347913867792570e-02
2.899999252277416417e+02    9.979425545003206555e-01    -9.234164702005562622e-03    -1.935464125080977281e-04    5.119484446971182389e-04    2.560286679499481960e-05    1.281753490770876349e-05    3.754283144941991953e-07    3.668997853358847717e-10
2.900001207171248438e+02    1.000686127984117046e+00    1.201889527585834000e-03    3.093171226715930237e-04    4.179629289226285163e-28    2.232007605499425207e-05    1.288440493112949274e-05    3.485586901959509129e-07    2.490540490196565052e-02
2.900001203376601211e+02    1.002061080198198617e+00    5.007871496609573453e-03    4.862605782277651715e-04    1.628144618126285736e-26    2.259876469322015920e-05    1.210332859170883261e-05    -3.805145966038533945e-07    1.335871755748194708e-10
2.900008313711263099e+02    9.974642928882951898e-01    7.736795674970908462e-03    2.784036608093754865e-06    8.815328430805682240e-04    2.470530547439658313e-05    1.282829420337975695e-05    -6.663588688569943350e-07    1.136992511705263720e-01
2.900000317454476431e+02    9.997402040821780078e-01    9.206743096909112550e-03    -3.654789899245519306e-05    4.241977742124077434e-04    2.117799271659771788e-05    1.235499064638925190e-05    -1.816271081226778832e-07    4.489498941768039508e-15
2.900002483983450361e+02    1.002586979730707206e+00    -9.671972224974078464e-03    1.478463463005533446e-04    1.019165755428016546e-04    2.516451147655682921e-05    1.298606384321868981e-05    -4.176598148364265688e-07    6.818237461408136520e-13
2.899999211809472968e+02    9.990463083296777791e-01    2.019643880464982826e-03    1.386323070344930416e-04    1.081990456714785424e-22    2.116526734191995533e-05    1.205759722264058715e-05    -3.186118656704918732e-08    9.549551932648273415e-10
2.900001101727376067e+02    9.985577581173727957e-01    4.591477247395630082e-03    -1.139792483284360759e-04    4.449541122812452160e-22    2.411064207239072970e-05    1.360969432945849425e-05    -1.963473523428605249e-07    1.030165509172249901e-09
2.899999649553873837e+02    9.989521979790443318e-01    3.383848734768004751e-03    1.912555759896494843e-06    3.924870898039690325e-14    2.209203318951924263e-05    1.180146153574975748e-05    -6.577560401007787790e-07    1.140523487931820353e-02
2.900002066690943821e+02    9.979296120661749203e-01    2.922671069638747409e-04    -1.591616319539514927e-04    5.687783547082584288e-20    2.711227588603220377e-05    1.385630908202831665e-05    6.186118328601103222e-07    7.826076808342309621e-02
2.899999324781482528e+02    9.964647479665779128e-01    -7.089865062591326102e-03    5.888259702696292501e-04    6.351957632879728314e-04    1.960875534626036840e-05    1.148996468387677312e-05    1.961757051387800067e-07    1.381345819426977230e-11
2.900003560931199331e+02    1.000647437022182284e+00    6.983423337488863132e-03    -3.332299884580264932e-05    8.186156675294457494e-04    1.978571712642903131e-05    1.202633577565977029e-05    4.447204191358717204e-07    1.454546128538597161e-01
2.900001213452554225e+02    9.981061668815911503e-01    4.990661975600597239e-03    1.164682320421623642e-04    1.365348944088359525e-04    2.051766164616812172e-05    1.235048800372210020e-05    -3.217059265613999165e-07    6.308344346958072140e-11
2.899998713210900405e+02    9.996660229086458127e-01    8.276138861068331378e-04    1.307784233424787894e-04    3.012804203570044853e-17    2.252838329553516158e-05    1.228972293362077892e-05    -1.235194694845159911e-07    3.680035503043270528e-10
2.900000784463509831e+02    9.962085212130601386e-01    1.030363422316906991e-03    -1.574827735726254250e-05    2.230838063341887254e-22    2.239571221932283994e-05    1.244723514583794760e-05    8.333160226271382403e-07    1.663308558580600580e-09
2.900012261445059494e+02    9.975316471139026309e-01    1.130003810322759324e-02    -2.691397033197643522e-04    4.794456746055075434e-19    2.418681180190699966e-05    1.327010787729530438e-05    -4.987677238872038132e-07    1.556858759727683672e-01
2.899996600685579438e+02    9.984424326669455452e-01    8.649150239258995463e-05    2.793505786469542324e-04    3.566515734102832633e-16    2.323426038702916676e-05    1.267969486600770686e-05    1.010213604065919798e-06    2.353230036813516152e-09
2.899998970621986132e+02    1.003492859270544324e+00    9.088120290056213302e-03    1.670170820760254096e-04    3.458756160622343532e-17    2.135712071197531302e-05    1.301972061275438603e-05    6.436785907320866831e-07    4.881518099502047742e-10
2.899999758191817136e+02    1.002561218783122321e+00    -2.963786159323267624e-04    -3.215075761934557783e-05    4.969487777362048509e-04    2.232036486390076015e-05    1.262354615746580625e-05    3.058294104136571790e-07    2.280383644281452544e-13
2.900000759860589596e+02    1.001084284768683608e+00    -1.174992153264432619e-02    3.221228533290986700e-04    1.651908011392275244e-24    2.399456486090554831e-05    1.296973970989000932e-05    -8.948590130810639915e-07    2.988258566674950600e-03
2.900000425380485467e+02    9.975333604950142874e-01    7.414255131984594065e-04    -2.974462277909740017e-04    1.130136984577389788e-03    1.897314473073493060e-05    1.125087023757069402e-05    2.196929992603347594e-07    7.195561156097781894e-03
2.900009038715814995e+02    1.000600906495835885e+00    1.478814003481160409e-03    1.255108561542473875e-04    8.901638479376244824e-18    2.015242682829680360e-05    1.170251618457893392e-05    -1.961639611707202842e-07    1.682023604778896675e-01
2.900005737271935686e+02    1.002307444987112772e+00    -7.155838386872790183e-03    -3.190722909786711952e-05    1.080535970425485062e-19    2.340028586261927424e-05    1.232768289539832321e-05    -6.784190285831808117e-08    7.499892130807175872e-02
2.900000365601939052e+02    9.985823947904861608e-01    -7.015908662679691890e-03    -2.936041714528695237e-04    7.745761854905550093e-04    2.172490204938540365e-05    1.249327841931252641e-05    3.228313359723543951e-07    1.016549776373200985e-10
2.900004754057474088e+02    9.983776474859739070e-01    -5.108049759599012085e-03    9.227827162798351972e-05    1.034406560829935744e-03    2.069204781436152749e-05    1.108760116895471068e-05    -1.202319097530814044e-07    1.356802457325475275e-01
2.900004329293283263e+02    1.000873348007259134e+00    4.982046847563762620e-03    1.005785288387625202e-04    9.675316308023033940e-04    2.124059823157807501e-05    1.303213987410230097e-05    -1.093596058417459440e-07    4.490211923236132885e-02
2.899998050905919058e+02    1.001889665917178318e+00    1.794688052705368728e-03    4.342040190309691210e-04    2.257376963216193666e-04    2.279202417566875854e-05    1.304251112411924548e-05    9.201741162804706236e-07    1.382640583484514329e-08
2.900006040109939818e+02    9.973301007682429109e-01    1.735172980263394215e-03    4.902181969266225254e-04    3.066986209132438444e-21    1.932276656579264628e-05    1.155405619037440016e-05    2.120770167828292847e-08    1.005505791754481293e-01
2.900003868833413208e+02    1.002704434443035808e+00    4.416566109836450940e-03    -1.183275984415855056e-04    3.645588448712912158e-04    2.292898074960221557e-05    1.279591575137998303e-05    -4.380253040473638299e-07    9.273812909339276822e-02
2.900007368052561105e+02    1.001402004837249837e+00    5.479345342103141871e-03    4.250040357960339281e-04    6.801049560892153981e-22    2.331472876236704276e-05    1.297115832156670941e-05    -1.805450967833997928e-07    1.200696608811404192e-01
2.899999259739079207e+02    1.000109858610171543e+00    -3.644002900226381639e-03    2.807680035355351791e-04    6.683046896943299576e-04    2.192024043888977946e-05    1.232176378003466041e-05    -2.348169846391716170e-07    6.350955455081497842e-10
2.900002929067051127e+02    9.971220642597579120e-01    -1.127804869715925799e-02    -1.578988446584221020e-04    9.379275597575762544e-25    2.078567643299812409e-05    1.234273476444252295e-05    2.945674218720040461e-07    1.001433498344296708e-01
2.900001142646130461e+02    9.994435358571119865e-01    -1.472456960404844436e-03    3.910443161859195201e-04    1.130917367846744114e-03    1.921734850468739475e-05    1.135934949047730686e-05    5.811952740088246526e-07    6.463023891310729074e-02
2.900001715490938068e+02    1.000765494004316247e+00    -1.162657845744684889e-03    1.074543438747781855e-04    5.540662054013563822e-04    2.357873511032262021e-05    1.307666692669410726e-05    1.655369503600760741e-07    2.544172644919148068e-18
2.899999271415906605e+02    9.984127677866788675e-01    -2.335176910595885484e-04    -1.014375076318017529e-03    3.695042590229286939e-04    2.214959641499890128e-05    1.252038410533464478e-05    3.905227780405898166e-07    6.771812112288791071e-14
2.899996183486064751e+02    1.000377939370073799e+00    -6.028607002836063912e-03    1.397494456106662252e-04    7.786627763698885773e-04    2.338686417503698975e-05    1.314863132536177858e-05    8.439976065616966492e-07    9.105370230127224878e-11
2.900001490550415610e+02    1.001350390784724764e+00    9.553464678085505073e-04    -1.494185976062894883e-05    3.083068101348355148e-22    2.113779786421209468e-05    1.201240966170452025e-05    -1.476742603355223430e-06    2.504279706763378035e-11
2.900000376826143906e+02    1.002732883445174972e+00    -1.504782208085732320e-03    -1.324845060616723146e-05    9.197862770246914274e-25    2.227175158152528447e-05    1.304543899490636111e-05    -1.115319065423920674e-07    3.492661117742876936e-02
2.900009979648589251e+02    9.962425074633377564e-01    1.236373277510155510e-03    1.651442541480376198e-04    7.690151320187551490e-04    2.334626629173153090e-05    1.270352704239144109e-05    -5.593277862203071108e-07    1.609469036532266972e-01
2.899995267215515469e+02    9.999865852100003893e-01    4.352709320643161073e-03    -5.877064290292082242e-06    1.326586782942617898e-03    2.171518124298355728e-05    1.186722531541915944e-05    6.714669306004187198e-07    1.842786456021061853e-13
2.900008486860033372e+02    9.970233171775906289e-01    -7.958419317278369806e-03    -4.351249290015314674e-04    2.749887385594240578e-04    2.311614873831284149e-05    1.283554614500869667e-05    1.093358876697889679e-07    1.512160821533399258e-01
2.900000108020787479e+02    9.975789283809529673e-01    9.568087630165610091e-03    1.501723190091420036e-04    1.056112225639108663e-04    2.417472020545556174e-05    1.257480328716922621e-05    1.501656393522722249e-07    1.653864820285128206e-12
2.899999803152775826e+02    1.002583528032506610e+00    7.440532387924117877e-03    2.028565103747001410e-05    8.921171543514981868e-28    2.362735629264058263e-05    1.268683554009886228e-05    4.506442840430840328e-08    1.012148257662171869e-10
2.899998387134431255e+02    9.992654771274257497e-01    6.273566291508343024e-03    -2.149597080637219123e-04    7.246256977523868320e-27    2.315725414520710567e-05    1.314950127690720281e-05    9.230152689343783525e-07    3.172614379116277806e-09
2.899998676644560760e+02    1.001724958282917965e+00    -3.591404467837851222e-03    -1.141155419814706768e-04    1.775000033340158404e-15    2.329034564824092752e-05    1.289889403828525025e-05    -4.078465551928606534e-07    1.516996530154095940e-02
2.899999904610883164e+02    1.000455720959444905e+00    -7.775108488783762789e-03    -2.597209235697515604e-04    6.272902429973228585e-04    2.121180267982263079e-05    1.228183456512605354e-05    3.376113571028603089e-07    5.260859795740797928e-02
2.899998118646286116e+02    1.002387674988532984e+00    5.854030283286573537e-03    -8.675521227682366074e-05    5.866566224462366587e-04    2.204930439873106654e-05    1.283011489109734876e-05    4.478597874136696194e-07    2.224993677363337024e-10
2.900000211730662159e+02    9.996741154481153524e-01    1.091348818189454700e-02    2.459028055911145869e-04    2.479953489483950526e-22    2.296777359526805349e-05    1.269924298700135915e-05    2.491427202536758192e-07    6.749359237677179935e-02
2.900006209069426291e+02    1.002126836978749269e+00    -1.025979620912615721e-02    -3.527484469531040352e-04    6.155579796009387924e-21    2.310867505634945580e-05    1.315110834888499905e-05    -1.090308661683633873e-06    8.901816295850720206e-02
2.900002544309472796e+02    1.000637755532349571e+00    5.662342723187096041e-03    2.780974054255595427e-04    1.263931193072471464e-30    2.073363168320710109e-05    1.204992552215184725e-05    1.683716731631455590e-07    9.158145220889725435e-02
2.900004907090090569e+02    1.001900193095058622e+00    -5.645314966688067503e-03    -1.897609263371231099e-04    2.316584620662655213e-20    2.218798262531306335e-05    1.188636514024913652e-05    -3.055173582442630702e-07    7.143086231321443824e-02
2.900000597281415935e+02    1.002714413260469062e+00    5.789338317117023389e-03    -2.850564303135870664e-04    3.704414744987731679e-29    2.331340342636430442e-05    1.277708796962844329e-05    8.515882932827895126e-08    3.773621770180567159e-02
2.900000884852733520e+02    9.987348504324109477e-01    -9.607633104315892918e-04    -1.324011646613547366e-04    3.027255857618075458e-33    2.268888799915933952e-05    1.270773262450916006e-05    1.201887305775826529e-07    1.426105061287065434e-02
2.900002171248326022e+02    9.982405412809662870e-01    5.348757455306396959e-04    2.791147062829135131e-04    2.419530676708386334e-20    2.174303943271756388e-05    1.253075923901016482e-05    -2.059246210974612662e-07    2.527931616838414997e-02
2.900010630157532887e+02    9.997980627330133041e-01    -1.016156425083583831e-03    6.553882769826026734e-05    7.483450575937236051e-04    2.097138077265536950e-05    1.198242636479505579e-05    9.980898610204072848e-08    2.549270372478778524e-01
2.900006317060386891e+02    1.000239073999511730e+00    8.854570592654517885e-04    -4.434299690856414447e-04    2.239880342858889854e-04    2.107288990246738037e-05    1.239684197614688425e-05    -6.851303698859189161e-07    8.669345005324433084e-02
2.900001011974683820e+02    9.997980106206717510e-01    2.089605085780293317e-04    4.191121439412941272e-04    3.085777481833273418e-04    2.552148467194047881e-05    1.354111013749007513e-05    -9.073166641786179368e-07    1.183073234864244945e-09
2.899998393067294842e+02    1.001385298700169901e+00    -1.003604976283768019e-02    2.977779735622072431e-04    1.334542437004330052e-03    2.523587841033463508e-05    1.315142875611643453e-05    4.406881216564039183e-07    3.349959715376892802e-12
2.900005325685101525e+02    9.949873461040468214e-01    -7.464336266677283789e-03    -3.404334575380958011e-04    2.234620326264723898e-27    2.550508525536650476e-05    1.326155784151161305e-05    -7.914174938207257851e-07    4.337666810834273079e-02
2.900000504087124682e+02    1.003055909038912841e+00    -1.853208437297307592e-03    4.773234633905728587e-04    3.794535433584743283e-28    2.223423982055059567e-05    1.260617199675605331e-05    6.018502725414893829e-08    4.818210825560031369e-10
2.900000249748499641e+02    1.001322130928642196e+00    -4.185852634949931497e-03    -6.075787047805655079e-04    8.031527326456792143e-29    2.228784918831936912e-05    1.257115893571992192e-05    1.636192524557605746e-08    7.939501483333933788e-08
2.900001601929971002e+02    1.002804658504142132e+00    8.737546121402551755e-03    1.253859783767534127e-04    7.642800975019371452e-23    2.169653363067673268e-05    1.270864227829394078e-05    5.312662858969889278e-07    4.983267912262094590e-02
2.900004371456051331e+02    1.000854294219542862e+00    1.892644509451171320e-03    -1.989455644475094168e-04    9.733657859821498451e-21    2.076000056925782425e-05    1.170203808963935861e-05    -9.952254177315563006e-09    1.023638593952099080e-01
2.900002528463464273e+02    1.000838297224799556e+00    -3.079721401615804956e-03    -3.598792816558821174e-04    1.085088101143950661e-15    2.242221211558718296e-05    1.160015532696961668e-05    -6.098066856529663414e-07    8.324384893228994886e-02
