# f_r [MHz] A m phi D delta_r delta_ere delta_eim a
2.899999883283234681e+02    9.989696897699248401e-01    1.193138934253549794e-03    1.511912207636004440e-04    7.840334910735343837e-18    2.118588234569258465e-05    1.057757359990579735e-05    -1.550813969210375455e-07    9.953167339491235543e-10
2.900006083561941637e+02    9.981851647658411819e-01    1.120256777660263818e-02    -4.895074557669914497e-04    2.222414534058097051e-21    1.953289861955373675e-05    1.072521235489261344e-05    5.801915659580238783e-07    1.897943013572354343e-01
2.900002643273832064e+02    1.001915235828064077e+00    3.309255545323850408e-03    -4.736454795528147990e-04    1.852119416739372447e-04    2.485021727248467615e-05    1.195234453263186887e-05    -7.916992728121801701e-07    1.794137276517230944e-09
2.899996143160113888e+02    1.001499075102280978e+00    7.861856979334797685e-03    4.121212833046795682e-04    5.310081277732220384e-04    2.104062248519332333e-05    1.079889300624049330e-05    5.275490411120226991e-07    9.242750023452957771e-12
2.899997394382864968e+02    9.975591096691014403e-01    -4.846972883936423253e-04    2.577171902657962002e-04    7.054668805039746095e-19    1.852435192756601520e-05    9.695319399897568536e-06    9.383654829286916881e-08    9.208106086212151083e-10
2.900003053225591998e+02    1.001698181748974736e+00    -1.960280447243164820e-03    2.737430454860772304e-05    1.291399461282495882e-15    2.077562887661354483e-05    1.101419815942322184e-05    -7.378566950634393726e-07    1.058132321497242342e-09
2.900004139489981299e+02    1.003210012287381936e+00    -7.990216541769045062e-04    -2.865348969152802373e-04    1.297602746938452050e-23    2.348520073150339957e-05    1.077891953227255271e-05    -6.673530530131584590e-07    1.382195813631359070e-10
2.899997738683617854e+02    1.001797626978091715e+00    3.178192583803035685e-03    4.827205962492959893e-04    2.940847788206163339e-30    2.180133661134610009e-05    1.088853117473253339e-05    7.003422648534469887e-07    2.807717514109384430e-02
2.900000915025274253e+02    9.993061961784506231e-01    -8.952156337584416543e-04    -1.120659662032217246e-04    7.505086284964578291e-20    2.244033743037091545e-05    1.086373628179039488e-05    -1.065223505412991045e-06    7.680613426467563026e-09
2.900000335593983891e+02    9.987446265483306274e-01    1.717691458757241926e-02    2.991975412963026096e-04    2.091922150545545125e-04    1.990330182721091506e-05    9.972392465604994658e-06    -7.066095748812969807e-08    1.133479664984426004e-18
2.899998989690514009e+02    1.003597674323087441e+00    3.085259150312580443e-03    2.111670602378494640e-04    7.416251472303088379e-18    2.191317436164437032e-05    1.082129719711721744e-05    4.749362831364699841e-07    7.792504992261745291e-10
2.900000009811185464e+02    9.992147709243176523e-01    8.613895375780909313e-04    -2.619462602230950682e-04    5.599449575744153140e-04    2.117594425857322130e-05    1.092331530642119426e-05    7.436180139377966332e-07    8.894776831869293261e-11
2.900001997317487508e+02    9.996404928155441239e-01    2.944130004182157322e-03    1.291785201466103829e-04    3.410914426683527024e-21    1.794334743518349870e-05    1.024318548916993071e-05    -2.072852670351871337e-07    4.929005434589139867e-02
2.900005052961834622e+02    9.990465095601471779e-01    -6.342363753455814400e-03    -5.281121348629275354e-04    6.795923707698542122e-05    2.089686129811432636e-05    1.046061078209207650e-05    -1.268541966241027236e-06    4.637480770787109907e-02
2.900004277569365172e+02    1.002336241597157507e+00    4.871452121193277167e-04    -7.487087258029284480e-05    2.232494811289159351e-31    2.044899243649163094e-05    1.008957108423901879e-05    -7.119177827338349738e-07    4.518673548918054339e-09
2.899996830622436619e+02    9.993524348840173710e-01    7.839794016083520556e-03    4.623754387916353004e-04    8.668047602482455878e-24    2.113573422138029183e-05    1.095717933223068591e-05    9.837132954134118208e-08    3.490864410894356859e-12
2.900001638575955099e+02    9.992050853404604860e-01    -1.143154993146841374e-02    -5.949515349532889314e-05    9.113024871079557819e-29    1.969893892253523073e-05    1.102775984050006423e-05    -7.545887104150388004e-07    7.064630779891317562e-09
2.900002769282730810e+02    9.993727606111123540e-01    -1.188077211230493570e-02    -3.481116354379437065e-04    1.991009242964621910e-04    2.089514389001731825e-05    9.526293005542813965e-06    -4.001749269817328427e-08    6.583173819421624107e-02
2.900002742461917364e+02    9.973382021928043351e-01    5.306517922518350083e-03    -5.115578476790203421e-04    2.271533856946526580e-31    2.020951241144144947e-05    1.068351486546722030e-05    -2.005751007699247851e-07    2.168677692753961245e-02
2.900002271704934174e+02    9.999210009756839268e-01    -4.278511570268567210e-03    1.140399549744584628e-04    4.329570682804993485e-16    2.081495902139951249e-05    1.084619195412419351e-05    -4.564200904147186756e-07    1.465293120481928404e-02
2.900008027177220811e+02    9.978980690625923744e-01    5.565703098404135721e-04    4.187799168243865207e-04    4.202568477120866529e-04    2.017979708453765704e-05    1.079293003065585541e-05    3.494135777343651861e-07    1.862406192507169711e-01
2.900007506932801675e+02    9.993118697672063178e-01    -1.168840729169893719e-02    -4.133031240232880148e-04    9.936539129140019300e-04    2.080317321959717483e-05    1.017983017908535278e-05    7.000850984649157615e-07    1.987423030956503023e-01
2.900001883838078243e+02    1.001704787616835901e+00    1.168209830992552808e-02    -2.371401124152515557e-04    3.538795817685599530e-04    1.997794896883783538e-05    1.056147541847847281e-05    1.153633579720335030e-06    1.451964493355009378e-01
2.899997806732670824e+02    9.983068274733367664e-01    7.861417231392385171e-03    2.926027926996104217e-04    5.889342805126693498e-04    2.054026962538244206e-05    1.039842594481670443e-05    8.545936422512743960e-07    3.629046410875754652e-15
2.900001016115142534e+02    9.985283634016297594e-01    1.044685354561866210e-02    -3.820617850582898740e-05    1.175188299444700126e-03    2.218525657782818597e-05    1.068942890114010370e-05    1.085169917152382324e-07    1.171036213023937393e-12
2.900008589114213464e+02    1.002642476786141490e+00    -2.190829743816145869e-03    -2.416798901213253496e-04    1.381519274771235609e-22    2.204326783638128017e-05    1.123027046808575435e-05    -8.337258376260454145e-07    1.636314114564640099e-01
2.900003438154780611e+02    1.000891134702766916e+00    4.755711744230430027e-03    -6.506953769215654279e-05    4.497527151833426010e-04    2.120250251732342555e-05    1.068714134671664195e-05    1.448895191831763256e-07    7.136881241059250813e-02
2.900004163610434489e+02    1.000128287789862958e+00    -5.446851932970312934e-03    2.832614205292906815e-04    5.906937724314684495e-22    2.320553714055782757e-05    1.111988275895029851e-05    -4.889701576069927609e-07    2.758581655583251108e-02
2.900000834635893057e+02    1.001908757391707594e+00    1.004378310846658741e-03    -2.290981045657061992e-04    1.546108348165175974e-03    1.813309742592768441e-05    1.031741523733839284e-05    5.009921476534241591e-08    8.983060981352362566e-10
2.899997036911285022e+02    1.001188431966573145e+00    2.256452097398685842e-03    2.077392047471531488e-05    6.580188020715934554e-05    2.125750026370280100e-05    1.091257780873694100e-05    1.413420171773733996e-06    8.614100024744175648e-16
2.900002214428426441e+02    1.000520726868941557e+00    3.553383127792608762e-03    4.418246315204197157e-05    1.838335613252905837e-04    2.149114568765387743e-05    1.102243883540330550e-05    -9.320788460007420688e-07    1.255371449856223214e-10
2.899998050015475428e+02    1.001914000696011220e+00    1.758609380627062374e-02    2.094934571436353867e-04    9.796862742805468541e-04    1.967253545091758037e-05    1.093856719184545309e-05    1.169859095829162426e-06    2.729059769205661665e-02
2.899998797737604832e+02    9.997637590360269888e-01    -9.277609875119106550e-03    -3.344008827952434787e-04    1.172288857251981269e-03    2.101094130717695016e-05    1.067669216935498183e-05    -1.510669409498009462e-07    2.117990283166697245e-10
2.899998093729388415e+02    9.987552596769463387e-01    -5.104486002008105580e-03    -8.993107849022099120e-04    9.609676899390081227e-29    2.237254571592694417e-05    1.130533236164128522e-05    6.076505315193742779e-07    1.939793256558570093e-09
2.900003827698961913e+02    1.001400712763493184e+00    -3.423315467815088008e-03    5.156404610474732869e-05    1.988054881503883075e-04    2.154662604282905797e-05    1.081971521592773122e-05    -8.639426989744037123e-07    1.385767719297214158e-10
2.900001671635493494e+02    1.002293159958461466e+00    6.513898912785405157e-03    4.371803888104102581e-04    2.204710383585896903e-03    1.770799378906555435e-05    8.980122625275600823e-06    4.341707617780179571e-07    7.122289341840633281e-02
2.900002409526691736e+02    9.969893807013400222e-01    5.017106664298261924e-04    -1.553260465171919639e-04    3.209824617606365799e-03    1.714006404196704726e-05    9.219480184214538728e-06    -8.559860667346774155e-08    5.871383798894428792e-08
2.899999078470577842e+02    9.972622626968506987e-01    8.130383103389024479e-03    8.669476061408691245e-05    8.472669596933238791e-22    2.160298645041580537e-05    1.086423922417631423e-05    1.927561665648504612e-07    1.324330302552729217e-09
2.900007847317306755e+02    1.002147161174175904e+00    2.857497339562553498e-03    1.204436198340122131e-04    2.205760674810842691e-22    2.248370234464961711e-05    1.131337638564443131e-05    -5.361442151273643462e-07    7.376492807657528128e-02
2.899997356982542556e+02    9.991865505200860920e-01    -9.925933126572368537e-03    -1.901598745606675309e-04    8.492400987468261666e-04    2.167693461562315179e-05    1.090993782443058615e-05    6.837307268775155274e-07    3.009569642582536898e-11
2.900002352079173420e+02    9.978980347113031169e-01    2.228656451710710369e-03    -4.930129399050971954e-05    1.722098736505032282e-22    2.174660920045411871e-05    1.005815318292208885e-05    -7.941101871419952782e-08    1.233460518779390863e-08
2.899998069579110620e+02    1.000023019182376016e+00    7.347671609286223968e-03    -4.820915970548976851e-04    1.732987026284830447e-04    2.131069457966447943e-05    1.064832933534085239e-05    1.286914880569583277e-07    3.357622759026215400e-13
2.900004287929655789e+02    9.974893433929815645e-01    1.333574856641217945e-03    5.760646803411815229e-05    1.514005956659954812e-32    1.999221081115969804e-05    1.045418352133561017e-05    -9.862377676116156725e-07    5.555374334872065049e-03
2.900006258729711135e+02    1.000784065235540865e+00    -1.318111124034985039e-03    -2.481671435286430020e-04    6.957222890176010007e-31    2.150698608867306129e-05    1.077442925688922022e-05    -6.983818533354062892e-07    1.407377989148397013e-01
2.900009635027461172e+02    9.995747422148179018e-01    9.165806249037820180e-03    -2.383125698772422293e-04    1.293856319176647264e-03    1.937673410888893140e-05    1.003289477363280953e-05    -8.360470383542507523e-07    1.731754222426900025e-01
2.900006272782333667e+02    9.956706659373867341e-01    1.342723416131844962e-02    8.391457261091064249e-05    7.635246964960080805e-24    2.128752090006879084e-05    1.088604063686266839e-05    6.715278705967278635e-07    1.758720479796179736e-01
2.900001767680506646e+02    9.974121261817922024e-01    -3.512783094079646018e-05    6.997626252521842692e-04    7.411174292649735148e-04    1.906162353672924073e-05    1.028543867712148087e-05    -6.889606655238247887e-07    3.899850324335105839e-02
2.900004623230265679e+02    1.002947271874707891e+00    -1.080376712141702241e-03    -9.720242346726548058e-05    2.196562751398762976e-25    1.884950991976503486e-05    1.028686061733545755e-05    -5.944314466652570438e-07    2.368670563119345511e-11
2.899998858069546941e+02    1.000784233583987604e+00    -4.273027677584419551e-03    2.248242622607897327e-04    6.956005157824652301e-23    2.358089511297700665e-05    1.156882984334521763e-05    2.216583313402661795e-07    1.104860104280658718e-12
2.900004029144273545e+02    1.004629771265916238e+00    5.652718737806443697e-03    -3.604541561168194113e-04    5.875880734649901761e-21    2.075543122987165962e-05    1.095106091786579775e-05    -3.477530720428076690e-07    9.435492040385425050e-02
2.900003107965973186e+02    1.000168493724698626e+00    1.436199168914949502e-03    -4.512734359076770070e-04    1.102096552287924735e-17    2.290529042673478382e-05    1.072794572941512872e-05    -5.088893776561137485e-07    2.076059462502780153e-10
2.899998313875169060e+02    1.001809440461773670e+00    6.006810894440994808e-03    -1.432432717857509523e-04    1.659007166894523044e-03    2.109084106596791888e-05    1.017550101294591313e-05    6.282717024014426166e-07    1.687048139768293752e-10
2.900001614682083755e+02    1.002012873252077885e+00    -3.921750388778525755e-03    1.953358953146377888e-04    3.982851024907609632e-19    1.835957145717542524e-05    9.887739228672532939e-06    -2.606420177096958666e-07    2.612319947519849486e-02
2.900004253008034425e+02    1.002480802107009072e+00    -2.166633687532391103e-03    4.750576420055862143e-05    2.099175555330388438e-26    2.090901581328999075e-05    1.103946568493092856e-05    2.229692156951595514e-08    8.498916892111768595e-02
2.900002994390208073e+02    9.989912318961369220e-01    4.761659932875096624e-04    -8.688648019545349051e-04    5.961304426530824076e-19    2.032159547854827032e-05    1.059723965443274660e-05    -4.499435968052257691e-07    3.987686837163120779e-02
2.899998601516336407e+02    1.000605208123213963e+00    -2.108818621944693814e-03    1.111651474842997671e-04    1.437154622795060922e-20    2.092908904873738384e-05    1.078844158602190829e-05    4.878374237805643944e-07    3.092598859964874747e-09
2.900001446623484753e+02    9.981759303952617568e-01    -2.175794382445563925e-03    -1.689139761130026285e-04    2.937349595512865856e-23    2.076458422770753918e-05    1.050339277726283988e-05    -5.853599932971019377e-09    3.928970439615319475e-11
2.900000666314768978e+02    1.000150142616264226e+00    8.185397578694384585e-03    8.811267103605865492e-05    2.224325518533180077e-04    1.870798249532363604e-05    9.849480475918657947e-06    -5.031038721917273522e-07    5.565229791886384888e-17
2.899999524598086964e+02    9.989982592311840159e-01    4.143002509042681067e-03    5.226390105479087732e-05    7.259784838863384281e-19    2.138861258954335756e-05    1.119471335900914670e-05    5.689721438808668680e-07    9.950434205694214590e-10
2.900002219730530442e+02    1.000205452932748873e+00    6.283956523274411912e-03    4.526583181485466126e-04    1.537898850503377700e-37    1.997047364027537352e-05    1.059946574820944558e-05    -2.087096881458682326e-07    1.984151324297196360e-10
2.899997177366922756e+02    9.993995426783858216e-01    3.414817374822173845e-03    5.176490592995409892e-04    5.475264559492502969e-23    2.239730706320361206e-05    1.138271581996796742e-05    5.655227121565177542e-07    2.849180453823622547e-09
2.900001974359400378e+02    9.977658148240673430e-01    -8.163508149179436041e-03    1.737930646598479591e-05    1.282088084935998771e-16    1.965581986664998744e-05    1.036088317000132298e-05    -5.094245096185611783e-07    7.364573623508787177e-10
2.899997688614766389e+02    9.998122691350905811e-01    1.693354085512979029e-02    -1.641315511433104649e-04    4.998157367266458598e-04    2.315512120058600646e-05    1.102499415958699637e-05    3.922968157931496075e-07    9.485782677216255190e-03
2.899999580113328648e+02    1.001328194113186631e+00    1.356771267479247103e-02    8.115178666518495579e-04    4.403789743947209468e-04    2.143418324656803735e-05    1.114040220087887083e-05    2.045445574122392529e-07    3.352408879464515512e-13
2.899997897182248607e+02    9.976855810990352680e-01    -6.301689974888789562e-03    5.719918539633208395e-04    7.319145185499699897e-20    2.010977318658730223e-05    1.094698011324357082e-05    9.906201620535582815e-07    1.226025808932905241e-02
2.900001097779162365e+02    1.000224703883771049e+00    2.802828241463020632e-04    2.795656973274852626e-04    3.617334369752661801e-04    1.954003677968520626e-05    9.984112026996099784e-06    -3.157878014160100821e-07    4.261396994034292424e-09
2.900000278802816638e+02    1.000415146099831620e+00    -1.263148322307161607e-03    -2.285979976492255743e-05    1.393547579097072350e-03    1.726076340707891966e-05    9.722867069096151354e-06    -6.199454639419294850e-07    2.399650070374669579e-12
2.899999736263603722e+02    1.000298377619168955e+00    5.437799465646857983e-03    3.561695981203411086e-04    9.516863651291471680e-05    1.847960911430466662e-05    1.009672131755330772e-05    3.752369448538562036e-08    2.757962448857651655e-02
2.900001236269474134e+02    9.997446899342438131e-01    1.069962478209919056e-02    -5.197047731005520786e-05    5.822145739436178362e-20    1.978352407015003224e-05    1.044226416333705270e-05    -8.864780867269687332e-09    1.193644492782446401e-02
2.899999453432491237e+02    1.000147944518383181e+00    5.365627903494955483e-03    2.090571728975354146e-04    6.454676661881097142e-04    2.387379645176424390e-05    1.157261335546058371e-05    1.006612211215847883e-06    2.991662640592299485e-02
2.900006218432101832e+02    1.000765249558031700e+00    4.157327634551313128e-03    -2.514071094228790019e-04    9.068452350207705133e-04    2.242550144826791484e-05    1.165086005986337875e-05    -4.566122721063416977e-07    8.536536216419816914e-02
2.900007162589578229e+02    9.998680470942412635e-01    1.902244777250258756e-02    6.744110616475600811e-04    5.609790532835211199e-04    2.319423461228565210e-05    1.171607366016526555e-05    -2.700032857487666109e-08    1.220291877366677935e-01
2.900008256069348249e+02    1.001227954251047825e+00    8.391816942206753449e-03    5.014608612652932552e-04    2.898352227969391610e-27    1.999139853960950588e-05    1.073837823144208670e-05    6.123038575809892810e-08    2.164025534144109197e-01
2.899998630960606079e+02    1.000142744657880778e+00    -1.318169196198954547e-03    2.132799803487585278e-04    1.106886661716470965e-03    1.709388803061344066e-05    8.798832406932922474e-06    4.833729663757296068e-07    5.663949821520940811e-09
2.900002995784113295e+02    1.001619278306835170e+00    2.090495219257553459e-03    1.452722840990264773e-04    8.244641259966817423e-04    2.110103872133577935e-05    1.001963497165206087e-05    -5.231079753697524768e-07    5.170468258196180000e-02
2.900001613097303448e+02    9.999049160840661754e-01    -5.216266842274931009e-03    9.238620203664917627e-05    1.715524298645510959e-21    2.015452296291959231e-05    1.094429285572329287e-05    -2.238655933358547909e-07    2.820744558812709169e-10
2.900010437655299143e+02    1.003335644998580856e+00    3.575990493743903646e-03    -6.114487518633812376e-04    1.735010554351712041e-03    2.492480782224389932e-05    1.168417083062307843e-05    -5.076891833180369062e-07    1.595476184751002113e-01
2.900007604575051232e+02    1.000773178939904362e+00    -6.730061365005129276e-03    1.277080557646140138e-04    1.984592757995723347e-03    1.998403791954224553e-05    1.054743530614171282e-05    -5.296008982231103371e-07    1.096655204514391524e-01
2.899997063481959003e+02    9.999558822213974185e-01    4.317715614258862272e-03    2.685887559258078408e-04    1.981413483886033491e-21    2.304306480565895330e-05    1.074885292569582309e-05    1.830484445593560026e-07    4.065809381784272187e-11
2.900006010164174768e+02    9.981224762762955782e-01    -1.251757830226343966e-02    1.181891299774459641e-04    1.237760447082808567e-03    1.821990160808228728e-05    9.670358977148956183e-06    -3.722340422668735622e-08    1.547321314983260143e-01
2.899998283933034031e+02    1.000972238020306770e+00    -8.840304353012765071e-03    6.613435691688409647e-05    1.088025075241326467e-03    2.143961358849962942e-05    1.051705578872766969e-05    6.238600718415638362e-07    8.761278218238129772e-03
2.900006072092739373e+02    9.979881021290639698e-01    -7.976838650533462152e-03    4.388505903443092591e-04    3.488501368101416209e-05    1.960409556759014793e-05    9.985834579559195413e-06    -5.921013796143408611e-07    4.146222443283632819e-02
2.899998815245226638e+02    9.990648112865389008e-01    -9.445077884112987321e-03    2.616966834298639806e-04    1.603310807010707110e-04    1.858269984133026210e-05    9.891538203031353623e-06    -4.478291931200696646e-07    4.806011355351440771e-07
2.900002277672356854e+02    1.000034780810568957e+00    -6.656660791654807688e-03    2.176218157142154622e-05    5.886107686325886112e-04    2.115103426017158155e-05    1.086598584372523577e-05    -7.680982539149412906e-07    1.064438396617191536e-10
2.900003558413721407e+02    1.001775959988513431e+00    2.651061818314741619e-03    1.899822139566251472e-04    1.427207048933055306e-03    2.128491064594300653e-05    1.020458652751149655e-05    4.048747252172496961e-08    2.945076997290246856e-02
2.899997130139998376e+02    1.003639204814080310e+00    1.114623113537573269e-02    2.946223880428604572e-04    9.533992113081327525e-21    1.988063668508825645e-05    1.082246533597260079e-05    5.393298862987494298e-07    2.307878627708926864e-02
2.899997993898367667e+02    9.989927179369980648e-01    4.790290578213842257e-03    -3.328487942655280855e-05    3.410002149149815932e-20    2.279169978576818371e-05    1.133682442011140145e-05    -7.561275871067487733e-07    2.437394489323823629e-09
2.900003957869287206e+02    1.003022349611181641e+00    1.337052321336188593e-03    2.588642056574164238e-04    1.020443624958759440e-03    1.866871230160265814e-05    1.041167881605304121e-05    -5.286536935252820443e-07    1.329197218449448825e-01
2.899993193817725228e+02    9.984702733055710322e-01    -7.393954283152473148e-03    2.382119453604324328e-04    4.304084065265655063e-05    1.986575455969917788e-05    9.560470928776843334e-06    9.608500994282051382e-07    3.591059465488039250e-14
2.900003087219884605e+02    1.000760490004848124e+00    7.515854802286310067e-03    3.368470711951009576e-04    6.214951977006404841e-04    2.000360184355826440e-05    1.116865187312952205e-05    4.610482081845086843e-07    1.581626767282568735e-01
2.899998707756445242e+02    9.988513655100256239e-01    1.310770702073651116e-03    -3.424834775203089736e-04    1.570332441332129934e-03    1.798409036595845589e-05    9.273013874615578780e-06    6.828242684600232691e-07    1.618293308936195132e-10
2.900004287197108397e+02    9.994481096935468045e-01    4.817169633109130602e-04    2.698095790761986454e-04    1.387476042835707754e-03    2.125567991567853325e-05    1.080872397981420810e-05    6.603416442580413118e-08    1.104391437137684923e-01
2.900005896829179619e+02    9.993035041724238621e-01    8.889612064707919439e-03    1.920626937952654928e-04    8.074122285485870387e-05    1.991249338159807044e-05    1.023711657283638593e-05    -3.329614946499822247e-07    1.224035802692502450e-01
2.900000267082863843e+02    1.000564155604642735e+00    -7.359630648645640923e-04    -5.028385779289243612e-04    3.435533117882756843e-24    2.005644239723064062e-05    1.071350910391599889e-05    -1.581234991884828330e-07    1.123265576307960551e-12
2.899997060740828374e+02    1.000393898874524456e+00    1.541389949671609578e-03    2.767417692448373152e-04    6.936559398949824733e-06    2.067730594779022994e-05    1.071535737736932395e-05    -3.220619582009320660e-07    3.726704721991034383e-10
2.900006024399937132e+02    9.995018679659409822e-01    7.710939088092300803e-03    1.709735933043361798e-04    8.688994962570626953e-04    2.003998009571963230e-05    1.048156164160929179e-05    5.447508911526081331e-07    1.878100898481901704e-01
2.900001191023470710e+02    9.985735558127165623e-01    -6.111104052874273551e-03    1.030475006504298906e-04    2.601468592483238531e-29    1.964208952713195012e-05    1.002389058199833198e-05    -1.307961889918649362e-07    1.869684055398188855e-08
2.900010647562201598e+02    1.001113660828835794e+00    -1.137011957490774786e-02    -3.966292423964292769e-04    5.543228953987770628e-22    1.946135368032571745e-05    1.066917857129558204e-05    -5.096603245266804641e-07    2.147976841710733109e-01
2.900005923085444692e+02    9.992179390740920653e-01    3.520581099590162997e-03    3.344930326140824932e-04    2.389859605486873344e-28    2.119082843865122484e-05    1.068242086321898552e-05    -6.238798512153235450e-07    1.385167726706012237e-01
2.900001756907557819e+02    1.001141508265397384e+00    -1.068030835549221803e-03    -2.131559482433781610e-04    3.160541189433245703e-33    1.972253293695590346e-05    1.050794472744014537e-05    2.526858568809149772e-07    2.566501723939584173e-02
2.900012031671452064e+02    1.003008871763153120e+00    7.539812851371795882e-03    1.171036938490332553e-05    4.152681910533339544e-23    1.964736332882711760e-05    1.022468829072942178e-05    -7.203039397777885394e-07    2.199747552658776750e-01
