# f_r [MHz] A m phi D delta_r delta_ere delta_eim a
2.900009278495251692e+02    9.983674809568466868e-01    -6.293000571646444573e-03    8.440411635081697503e-05    1.153993593749768612e-03    2.568981434694071164e-05    1.617290410951886969e-05    8.137921587056623837e-07    1.915991004414562549e-01
2.900008563837695874e+02    1.001984087910982257e+00    4.454352464338541540e-03    -6.443125110391278922e-05    4.176780713480906788e-04    2.418535650265789272e-05    1.521565325966003753e-05    -7.792623667664611724e-08    1.916290240143862511e-01
2.899998019646364469e+02    1.000928730199181604e+00    3.131238930843428109e-03    4.464527783144522899e-04    2.013876032872025642e-22    2.561746129826384817e-05    1.604916490286741125e-05    3.818897262010530629e-07    4.690921299862504560e-12
2.900007478391466975e+02    9.998231290195187526e-01    -1.508671991861354998e-02    1.497076014207829211e-04    4.636563758308026540e-20    2.585798686324715056e-05    1.562078711233005936e-05    -4.044386948098183573e-07    9.412006429214346548e-02
2.900001258779535647e+02    9.972560712737562616e-01    -2.156326334445969693e-03    -3.990085134416006089e-04    2.981575737970570719e-16    2.353645016363817711e-05    1.596532528764095681e-05    -9.647486336243185220e-07    4.758137005196033603e-09
2.900000350437251768e+02    1.002008996271449126e+00    1.630124651002297581e-03    -2.434013060464928590e-04    6.046545761831967326e-20    2.614563598684105619e-05    1.536441559467362862e-05    1.018421311505968713e-08    3.993196525563590810e-02
2.899997961478696311e+02    9.973153283594322627e-01    3.248485538584168432e-04    -7.533414799897048117e-04    8.870212832776837438e-04    2.418472647494094855e-05    1.504469781833839014e-05    -8.215171849301052694e-08    1.291615868786515845e-14
2.900003365160803810e+02    9.976672204028188551e-01    -3.299885366385832495e-03    3.917520395464715519e-04    5.222316266215052948e-24    2.721811196895081367e-05    1.616418157497292199e-05    2.259606301769914274e-07    5.602152855300249201e-02
2.900006522145013150e+02    1.001626988870127910e+00    5.543687684793887011e-04    -1.301118889740783254e-04    5.302929219328824234e-20    2.629818120700280385e-05    1.502595228305720990e-05    -9.260108098076602500e-07    5.012208348564201055e-02
2.900005222401608762e+02    9.975253349415976745e-01    -1.317816424838962703e-03    1.572561953474464031e-04    2.044846993496612138e-03    2.727163423828156034e-05    1.633838136367264451e-05    -2.802190597187189221e-07    4.308584090781306802e-02
2.900001124079697661e+02    9.991326245630122171e-01    1.868112846444825803e-03    -1.636401667334646528e-04    6.815684195591963221e-04    2.568491297105082374e-05    1.524424461431649549e-05    -8.498561328107015989e-07    2.004314751178698814e-11
2.899997839205520336e+02    1.000111945788843881e+00    7.031637957838664590e-03    6.130409088989646890e-04    7.525907403122902330e-04    2.611531694916281417e-05    1.518198850779937929e-05    4.215926052259782575e-07    6.484725157713170429e-12
2.899999168329756571e+02    9.979668139373220059e-01    -6.106879094719259299e-03    -3.481767345014833792e-05    1.954260968815977727e-03    2.339107693266828458e-05    1.440088564349862475e-05    -3.228287166356975261e-07    1.525940418250023743e-12
2.900000253971437019e+02    1.000610581810513322e+00    7.833949918001896495e-03    -1.895100318350908514e-05    1.910803303825519411e-03    2.352676881505943107e-05    1.483103130967072128e-05    -5.441384675480951266e-08    2.711519114746130874e-11
2.899998933887839030e+02    1.005260982074686060e+00    9.180644907431445914e-03    6.249118399113346768e-05    3.310147088264565949e-04    2.856099156339639427e-05    1.654145646683510777e-05    8.075685344700887542e-08    5.149614299063040206e-12
2.900012217098768019e+02    1.000074777198117992e+00    -5.847923807308337898e-03    -7.315657748498283902e-04    4.656271487951334188e-24    2.674279718032363386e-05    1.613251035472192723e-05    -1.590188719253752952e-06    1.464384707919508533e-01
2.900000350143544665e+02    9.980725058995025822e-01    -9.451387649813255618e-03    -5.419870998153409562e-04    1.871394471336170634e-04    2.405786478131780392e-05    1.513874060712696095e-05    2.557019114128997002e-07    7.735634120057476070e-13
2.900002515027495065e+02    9.980481034283570363e-01    -7.057907415427576762e-05    -9.388808647696569073e-05    6.267785865260906265e-20    2.757546165974072229e-05    1.588263782686736341e-05    1.039626790583105847e-07    3.890354604606756361e-02
2.899998853262430885e+02    1.002294122772521723e+00    7.547995594546990684e-03    -2.034103263387217306e-04    4.539343891442037321e-27    2.295570625257396360e-05    1.483895079373364430e-05    2.561094385683930497e-07    1.274011413486864587e-12
2.900003572200866984e+02    1.001601427840481451e+00    -9.950482975991273120e-04    -3.222673184700480180e-04    1.222949067557745724e-03    2.464956410502549907e-05    1.545782644168019470e-05    -8.201261522565234417e-08    8.479534577207999135e-02
2.900002740185524317e+02    9.995931161331780279e-01    1.434927312767569733e-02    1.391993386238808954e-04    3.601225661833128233e-29    2.953876372666851982e-05    1.696946487709149256e-05    2.109639940605210471e-07    3.631563637121369703e-02
2.899997486929912043e+02    9.987647500665212119e-01    -7.189847690186572035e-03    -2.996205484296273489e-04    6.002064783650875365e-19    2.652441990946238407e-05    1.651434009744374922e-05    4.330929918744283944e-07    1.072571658770646677e-08
2.900006439910782206e+02    9.996767923506210130e-01    1.646565650589532429e-02    5.242887809895596229e-04    2.882775484867610298e-35    2.672175008299914109e-05    1.720086127194084919e-05    6.852720110384906168e-08    8.547685401478030687e-02
2.900000614332129771e+02    1.002565528057741018e+00    9.094842090677229677e-05    3.861387448057434016e-04    2.131178385416755000e-03    2.807009204185188667e-05    1.705403428795029990e-05    7.955602098280811428e-08    7.903778212193348154e-03
2.899996956274368358e+02    1.003983996666039546e+00    -2.733609625238310904e-03    1.006706715436078551e-04    3.020804072813306797e-03    2.810522054592943587e-05    1.636993973459928862e-05    4.658663649386563102e-07    1.039972309140080217e-06
2.899998074753481205e+02    1.001054837514448792e+00    5.782565999586940057e-03    7.361148261460172173e-05    2.567238181961281878e-04    2.571255567315871166e-05    1.607800595241695244e-05    3.806095638719703065e-07    2.466951347912239162e-02
2.900001392774796614e+02    1.001242671797385242e+00    3.591402852885469763e-03    -9.455399625615886915e-05    1.442960504661330108e-04    2.425245370897875387e-05    1.562373928293604256e-05    -1.215307775195797142e-07    2.844700294523434814e-02
2.900000358369847504e+02    1.000139542938957016e+00    1.216946293003800042e-03    -1.045276146432345537e-04    3.364670158884621585e-21    2.878306984119268977e-05    1.662405253118916836e-05    -1.447648742369045597e-07    9.892159560254035846e-11
2.900001807669003711e+02    1.004194431128217158e+00    -6.744680882817718527e-03    -1.066432297462674092e-04    1.908181469509779679e-23    2.448483743210696080e-05    1.507458934707105511e-05    -1.430303119806454803e-07    6.244770046548727555e-02
2.900000430373730183e+02    1.000969331234480064e+00    -1.321203973864857641e-03    2.137409462444258830e-04    2.475532162481164875e-26    2.437264670972237102e-05    1.518016477405958904e-05    3.768776835078634684e-07    7.304970714000812160e-02
2.899997481589729205e+02    9.996575918465999688e-01    2.809207522243187694e-03    1.369193423674817988e-04    8.135523031900155125e-05    2.493060778688016790e-05    1.512338690352659736e-05    -2.023131524440358355e-07    2.877991177050957382e-13
2.900001037451058892e+02    9.992385603094864344e-01    -9.998812405214564745e-04    -1.287478892683493526e-04    2.175465520526844842e-03    2.328289104532946862e-05    1.484454370596301078e-05    -3.665195515723469270e-07    7.200224618941033540e-10
2.900000023863434535e+02    1.001337866903181162e+00    6.233894819063531649e-03    -8.144241615449680565e-05    8.370723142065346085e-04    2.353016256449102646e-05    1.416792282726299719e-05    -2.765178430852977012e-07    3.069058239953625228e-02
2.899998757313562692e+02    9.986697550967642556e-01    -4.186281291500944723e-04    1.347021251117297587e-04    3.084698331813551155e-22    2.604008354652230525e-05    1.554997842795541926e-05    1.093693702838323361e-06    3.425349505236294619e-09
2.900004800606499202e+02    1.002951741212798398e+00    -1.854885320850355093e-03    -1.239565620323368662e-04    3.907058680112896702e-04    2.717703458982078849e-05    1.632327023479038198e-05    -2.659000315665912162e-07    6.475351443219663772e-02
2.900004199877012638e+02    1.000166612703896174e+00    6.327108817343241390e-03    3.064302841737490991e-05    7.952611717925616363e-04    2.540605878417554264e-05    1.543195984585378437e-05    -9.157338671263619699e-07    7.586359015825810959e-02
2.900001592553995806e+02    1.000119181373311239e+00    -7.381262123084963642e-03    -1.486544780686358566e-04    2.370710489998280412e-16    2.482652792908151613e-05    1.541531177708121720e-05    -5.296663751026581533e-07    2.453415716288090232e-09
2.900002095240993185e+02    9.992941524211028659e-01    8.433312608624577919e-03    7.163724923814347560e-05    1.836424178262722727e-22    2.712912370882700658e-05    1.684812501387995001e-05    -7.265570522038543761e-07    4.334701242813739718e-09
2.900001280560305190e+02    9.994651446445295129e-01    1.902490163870428248e-03    -1.234696927485764864e-04    8.457934996317730859e-04    2.608816190401732799e-05    1.564194665189495980e-05    1.686823030224773950e-06    8.019850178580203992e-02
2.899999256756893828e+02    1.003603131765638645e+00    1.945260900081387766e-03    5.218989311507639395e-04    6.981867631072373936e-04    2.594817498993898835e-05    1.552731811907990544e-05    1.305548503743039969e-07    7.318186622451504608e-13
2.900004028495633293e+02    1.000780693494944362e+00    3.000031837549919402e-03    2.002669706589386392e-04    4.472777670870131520e-04    2.937561535283901939e-05    1.642774413675211304e-05    -6.283452543341395961e-07    2.840087323269486347e-02
2.900011975206876969e+02    1.000684828497245604e+00    -1.261379167370179667e-02    -3.422169201508701080e-04    2.765031567674748072e-04    2.478737178318728647e-05    1.520213220275873424e-05    -1.036177690646029160e-06    1.501134258209517180e-01
2.899997604225531518e+02    1.002654807424673278e+00    -3.095345105597682722e-03    2.995803151292004391e-05    2.601858657541861237e-25    2.694354719821410784e-05    1.579917458562301973e-05    -1.137352550502296138e-07    7.256561288589623317e-12
2.899998209720866953e+02    1.001424825106681071e+00    5.011291534594376762e-03    3.631074832498623183e-04    4.421739522089208110e-29    2.580869523217914618e-05    1.611973188542047938e-05    1.349503689827048735e-08    1.685584630714448418e-02
2.900001187891806467e+02    9.974225257784997689e-01    1.882601296384700876e-03    -6.671148865073630793e-04    1.320442566963324956e-24    2.696478278329246148e-05    1.603451969260551784e-05    3.198459686873481988e-08    3.206886840099473290e-09
2.900000003980257475e+02    9.994422363129977782e-01    -1.425703788175946337e-03    -4.101011582764187819e-04    2.479403280513848198e-21    2.473798563897169580e-05    1.496426167904150423e-05    -5.232133958815709455e-07    3.091215764328355871e-10
2.900000222850379146e+02    1.002193355506254324e+00    1.122274925233145669e-03    3.058553057344181474e-04    1.358676993933664607e-03    2.375161515192872436e-05    1.564180464938127253e-05    1.761837527167568827e-07    2.959984841816855067e-10
2.899999771390866954e+02    9.986251285679637046e-01    7.692027798353431693e-03    -1.522036505717545417e-04    3.239287885931059947e-23    2.793441338104176962e-05    1.642211713096848133e-05    7.649217880287999910e-07    1.167907399727719802e-09
2.899999759571018672e+02    9.983894613957409181e-01    1.833535093479623634e-03    2.262462259765097097e-04    2.042826388381894787e-18    2.541154327800777344e-05    1.516864565506712994e-05    3.749988229773530140e-07    1.273885404886528331e-10
2.900007002278217669e+02    1.000951225620727802e+00    -3.636049287869659672e-03    3.503837542163502992e-04    4.512058461259240734e-05    2.488198738341989671e-05    1.510924437578235673e-05    -4.371596052370699915e-07    9.089868074501318562e-02
2.900000331450145268e+02    9.973866626227634313e-01    -7.954576877952555802e-03    5.571669720294472735e-04    1.308242067549061872e-03    2.542484719099977962e-05    1.555114562913831994e-05    4.942359658619586056e-07    7.148323595248783253e-03
2.899999803225028359e+02    1.000361481732427782e+00    -8.756627139621276246e-04    1.950609360121777246e-05    4.394237744757659462e-04    2.508998789255712579e-05    1.511896200290725405e-05    1.198210882648694290e-08    1.984352389987998700e-08
2.900003409332124988e+02    1.001050641211849834e+00    -8.146046079462957584e-03    1.089250361735973120e-04    1.890534197096069155e-23    2.541821400590978781e-05    1.610419322911604077e-05    4.854112719281733651e-07    9.207045942088272483e-02
2.899999550849655066e+02    9.970667184938104555e-01    4.735947586581762229e-03    1.324424697266113706e-04    3.555090294413135914e-04    2.489445440949995987e-05    1.579839368531637197e-05    6.819468298406370282e-07    1.055125887784160929e-10
2.900002212370941947e+02    9.998379508350082601e-01    1.218424733864839800e-02    2.700611471132259946e-05    2.309614267388557659e-29    2.615200862458025698e-05    1.518091925362410664e-05    7.331244279745085814e-08    1.909495235006162872e-08
2.900001747180518805e+02    1.003846876881658634e+00    1.427877482947081120e-03    2.549191646466941632e-04    5.229197880494712755e-06    2.835949326225949916e-05    1.685449263877652500e-05    4.179479500672997144e-07    7.090836640476126662e-02
2.900000487928959387e+02    1.002246607380330223e+00    1.290554580028895754e-03    -3.582692237009705433e-05    1.093731063088750500e-03    2.983213925900329031e-05    1.606269726435831843e-05    6.274565606467175932e-07    4.237574742243607057e-02
2.900003502736923338e+02    9.992559089629133862e-01    -6.328098827810539617e-03    -1.660821396619095735e-04    1.104786420482420329e-03    2.499763953113318460e-05    1.607021963898586268e-05    -4.056077046172629516e-07    7.934440274373246323e-13
2.900003758463855661e+02    9.993837815478391340e-01    4.065437761535166394e-03    2.598732411338668907e-06    3.031077741027382870e-04    2.479391521099394300e-05    1.616175420879273296e-05    5.421193248320495393e-07    5.435829236675474019e-02
2.900000326492726117e+02    9.978303731051808567e-01    -7.355315676060887251e-03    -4.182805783982103897e-04    2.743298539480973595e-19    2.746425803666619186e-05    1.570966515223965138e-05    -6.600390276690807090e-09    2.959022898201579561e-10
2.900005577449483098e+02    1.000449637332546216e+00    -5.938630264291568095e-03    -5.039975398133682061e-05    2.091297250657639384e-03    2.898915877508000423e-05    1.683485241813538418e-05    -4.932037336697979582e-07    3.039323014170599094e-02
2.900001676585890209e+02    1.003189779562873252e+00    -8.064782237768160569e-03    4.598255983756801375e-04    9.849052886939626979e-22    2.801270141331466961e-05    1.639143220188544559e-05    -4.496466189229942997e-07    8.492820590753604121e-11
2.900002010456943822e+02    1.001450342608974919e+00    5.298069967823725544e-03    6.571700438455666340e-05    3.296757813895916376e-20    2.351347067097464097e-05    1.442190640543434768e-05    -1.597474116339720694e-07    5.816129401039062813e-02
2.900003992511717001e+02    9.984260392432116049e-01    1.715930044237259965e-03    -6.069908753466016953e-04    2.129891013528714393e-30    2.510060937421336526e-05    1.591726827410880641e-05    2.503702557246481840e-07    6.600079861377462775e-02
2.900001509316743977e+02    9.959541337505127823e-01    -2.281043557311150313e-03    -8.739864729906050877e-05    6.531579184283873168e-14    2.664114794686957995e-05    1.550682835049021105e-05    -2.663079005997862660e-07    2.729110755601166384e-09
2.900003885299439617e+02    1.002356595825940166e+00    7.829730132287381593e-04    -2.682442073220192005e-04    8.019329674662440451e-04    2.752625424745069261e-05    1.668729527937778666e-05    1.399700228341658468e-06    1.018520445665873908e-01
2.900001480189292238e+02    1.001195796577355912e+00    -8.204200347407389349e-03    -3.204822752076922189e-04    8.953692505320520569e-36    2.672536058535859185e-05    1.592576773165471581e-05    -8.281165973999163593e-07    3.781192757835105493e-03
2.900001785362079545e+02    9.975063534801843490e-01    4.021828826815784103e-03    -6.187419389487741909e-05    1.168182297248347495e-03    2.852155517316943002e-05    1.638410161213612232e-05    1.079134672511562117e-06    3.726785697361351124e-02
2.900001048956588079e+02    9.994176848380637024e-01    -8.511826614869303156e-03    -3.681911764088233391e-04    1.136005347949205750e-28    2.137590371202360140e-05    1.504043565652563539e-05    2.316768832026401022e-07    1.676305685852916356e-11
2.900001514121029800e+02    9.967902417564683537e-01    4.073551195991788679e-03    -2.047645026807570930e-04    1.648964797028920073e-04    2.780779364282259645e-05    1.601333167110070022e-05    -8.364367005747621319e-07    1.418384977959411333e-02
2.899998606078440275e+02    9.971560623430473225e-01    1.287973697208047094e-02    2.845453849006770661e-04    3.931420630399050198e-23    2.389279374054144455e-05    1.535925912300227058e-05    1.263009049300994345e-06    3.736410829795436955e-02
2.900000159969534366e+02    1.000825073697409140e+00    8.543696494963219645e-03    7.067426085928579977e-05    1.766573298178623282e-22    2.478677390979236683e-05    1.483597683277762087e-05    -8.300053841629995692e-07    2.932141030341697565e-10
2.900004749111313345e+02    9.990595072644929964e-01    3.500831306664051613e-03    -6.755377347613037006e-04    6.489556183912585113e-27    2.614425943635114466e-05    1.564022309256525060e-05    -5.305781734884209757e-07    1.130425875653466606e-09
2.900003524046373968e+02    1.002094837792041115e+00    9.432942901044693434e-03    2.273428276095728663e-04    1.285731542912356157e-03    2.388423672658702643e-05    1.460693419757416735e-05    -9.456952259870513525e-07    9.421272451299521041e-16
2.899999769089390043e+02    9.988424565649609566e-01    5.994743622541042448e-03    3.068028366019053812e-04    2.861964331586965362e-18    2.440899688907666965e-05    1.516077374480109180e-05    8.819782783266426529e-07    9.860028012436831842e-11
2.900010431783657054e+02    1.000781245236135097e+00    -3.590278229456548512e-03    -8.212575233861988701e-05    1.771771197026396485e-17    2.847575962958396754e-05    1.601004546968823683e-05    -1.700785922982691258e-07    1.319131433090562078e-01
2.900011620570546143e+02    1.003439194297923054e+00    -6.895568538509439654e-03    1.581776688890448336e-04    6.305979403250889462e-04    2.615717254706901337e-05    1.604817869641151206e-05    -7.564726668113633638e-07    1.920290017685796491e-01
2.900003287708807420e+02    9.986253115179464235e-01    2.265457985865541578e-05    -7.671080400491802416e-05    7.676555300074423948e-26    2.490351905776913945e-05    1.554942266695290995e-05    -4.373148998607223757e-08    4.053142949656723081e-03
2.900002206257400985e+02    9.986729029825784920e-01    5.590656710870738413e-03    -6.003527798296762853e-05    2.898605725142916313e-17    2.588953718265379301e-05    1.575646587604764913e-05    -1.076263633863223903e-07    4.543055960962495005e-02
2.900002759115582762e+02    9.974555712775858840e-01    6.963815447049034012e-04    9.192638132974260393e-05    6.061628582328900706e-04    2.571731443559046093e-05    1.650920990271054965e-05    9.652813420570387449e-07    6.743084792666106941e-02
2.899999982557296221e+02    1.000770924663187733e+00    -2.518286128257342469e-03    -8.433772696188572419e-05    8.652225161884901901e-04    2.408681806113105263e-05    1.553247972460181233e-05    -5.847383933107050003e-08    4.817392075155597520e-14
2.900002902970656464e+02    9.973156674105139174e-01    1.049870186318945138e-02    2.477967490579164396e-04    9.605571520373485436e-04    2.521093305751421110e-05    1.550347232382270316e-05    4.283752318176269679e-07    3.817587261434574053e-02
2.900001322302467202e+02    9.986094844821473693e-01    1.157271377570861202e-02    -3.429408343606125758e-04    7.136401184393239051e-25    2.453845947550334450e-05    1.543793457071307963e-05    -4.737795896020544383e-07    1.832348611642866306e-09
2.899998972084416664e+02    1.001297404203574493e+00    -5.683101244990380711e-03    1.474856503468894243e-05    2.653003967319148718e-28    2.523812990491828862e-05    1.531216966703424204e-05    9.576063259912815132e-07    8.413056182351822384e-11
2.900001405229975262e+02    9.980537791258233815e-01    8.875232991505267038e-03    -1.412855332103901478e-04    2.816173397091009803e-12    2.825998306323507253e-05    1.662054011317532870e-05    1.312195291546856410e-06    6.723436725141954118e-02
2.899997872160015504e+02    1.000162804679921802e+00    8.944414542088038877e-03    -2.989341382473318168e-04    2.625070173728814110e-29    2.454241903393162758e-05    1.538836565916309700e-05    -4.560258902457096546e-07    4.032609926268305044e-12
2.900006067766224760e+02    1.000226436510306405e+00    4.093778877468923216e-03    8.649192619333376133e-05    1.088803472169283681e-27    2.511183220797159286e-05    1.567288297845800108e-05    -8.409075122987108324e-07    8.605488314089927704e-02
2.900002636405750991e+02    9.973081296038122101e-01    3.168776593300900481e-03    -2.626607427658917164e-04    4.184359127858264904e-21    2.447885105430564005e-05    1.563773492021356903e-05    -8.744648028339866401e-08    1.018800698343275968e-01
2.900007347593543159e+02    1.001078004746698280e+00    8.535370764586325265e-03    -5.701925455310373817e-05    1.601574640295233857e-03    2.511482442365754305e-05    1.565801555158525236e-05    -6.387886878047236180e-07    7.831393970851244224e-02
2.899999670216194545e+02    1.001344222052863886e+00    5.456081820519732666e-03    1.633688798752734963e-04    9.731973829147847052e-06    2.597772722738928881e-05    1.607313256500865644e-05    -3.096560883354391077e-07    6.142099351843263548e-11
2.900000783111245255e+02    1.000636541873811680e+00    1.925710179674948799e-02    -1.970605360386567745e-05    3.590710761362230093e-04    2.481994428137519342e-05    1.555686349206306435e-05    -4.156147900866464004e-07    1.803260071067754045e-02
2.900002939449886412e+02    1.000249575141023417e+00    3.111978327449616954e-03    -1.713798407317798894e-04    1.816217176977059380e-31    2.662134511591231361e-05    1.610890767351257292e-05    -6.740992379803597641e-07    4.251910681205702372e-11
2.900001042568197818e+02    9.994095599305677924e-01    1.242544021157684746e-02    1.482193851108001002e-04    5.658915866784306831e-05    2.486944648700318403e-05    1.532164568237229246e-05    -4.131919172169213014e-07    2.083913414003601972e-03
2.900001745296090689e+02    1.000045681922029361e+00    8.998000013331306250e-04    6.189596902412641908e-04    1.329262249537930757e-16    2.458427185552456275e-05    1.571037759357281355e-05    -2.965307036687361430e-07    1.354301700749488239e-02
2.900009014496644681e+02    9.982009875365713825e-01    1.013926268589639959e-03    -2.143201852275037668e-04    5.717559054865520451e-20    2.424880924719222228e-05    1.501219971017434144e-05    -4.872232006344866048e-07    1.126319046832836429e-01
2.900004376140233830e+02    1.000490413535090939e+00    2.239709159429565570e-04    6.231457383241801120e-05    8.692574168946133698e-24    2.606244161479317784e-05    1.542215894724428829e-05    -5.291870803169449966e-07    7.654622649410723623e-02
2.900002587743595086e+02    1.000602004999922023e+00    1.692720214393757727e-03    -2.159039439840333664e-04    3.480561307194312219e-16    2.467887599199444039e-05    1.554593277906325652e-05    -2.437723404293937539e-07    2.244753060131617767e-02
2.899998440471998151e+02    1.001105604467537491e+00    4.738796771482067230e-04    -3.264201366024661638e-04    1.530880796032577815e-24    2.313858074164953723e-05    1.475705800607824387e-05    1.967248504138280527e-07    7.950055409483205028e-10
2.900004189173164946e+02    1.000744576058287372e+00    -1.063596175703261475e-02    -2.968502821627543758e-05    2.058929764124350742e-19    2.344357585313919956e-05    1.580510187333354548e-05    1.647285690231933673e-07    1.019876656296536122e-01
2.900000954437911105e+02    9.975272223246423042e-01    -9.012964677273605299e-04    1.718348591280293737e-04    1.361183642814284056e-20    2.659898976319042827e-05    1.639317894047035175e-05    1.551213184697267716e-07    6.805013504865561891e-02
2.899998951032296191e+02    9.996909158716691390e-01    -9.676701814208810409e-04    4.726969304363787022e-05    1.163363422516631432e-03    2.409423412456346598e-05    1.537599974962349807e-05    1.224090412931017862e-07    8.493671502585008232e-11
