# f_r [MHz] A m phi D delta_r delta_ere delta_eim a
2.900005501007984208e+02    1.001286016155883418e+00    -1.138950046648838817e-02    -2.400994624306382081e-04    6.883907571429626797e-04    2.006893615901290774e-05    1.088933268347469013e-05    -5.239129819118722059e-07    6.757884513148836036e-02
2.899997068546304604e+02    1.000951221886601017e+00    -9.336050209711081000e-04    3.640736649949092587e-04    8.198248547174229945e-24    2.369085695946262894e-05    1.196566181256395074e-05    4.146584937522549051e-07    2.525609150800944993e-10
2.900003449026119142e+02    1.001713640095498237e+00    1.089506808710385619e-02    -1.142417154295990463e-04    4.069153537550987857e-25    1.910601349725097147e-05    1.064007258576218562e-05    2.096339888384446080e-07    1.434976656371292694e-02
2.900003450514101360e+02    9.981474777835749324e-01    5.085988871116048707e-03    4.400337825804795789e-04    2.114488561629670050e-04    1.984735498669708937e-05    1.126008141916968233e-05    6.408837657639698569e-08    4.145629986756158708e-02
2.900004275870597894e+02    1.003421564267569455e+00    4.109111338296267228e-03    4.204289700788249747e-04    1.239511252819311057e-03    2.053184089112765451e-05    1.090841271776788100e-05    1.466203319904811880e-07    7.240672929083677434e-02
2.899994166729493372e+02    9.982294200543023743e-01    3.456800570720603588e-04    4.382411260863233152e-05    9.826156091096360443e-04    2.372504664264771875e-05    1.170139809826574132e-05    1.384356487137297534e-06    1.542618173731685240e-12
2.899996722786489158e+02    9.998397402537002598e-01    1.038193233165859639e-02    -2.904600703990159699e-04    2.426157489780894841e-28    2.029329173931645485e-05    1.074962783884259612e-05    5.982890264972105169e-07    5.000728495990709229e-11
2.900002867452116107e+02    9.983252354980696186e-01    1.114054282090116282e-02    -5.257874818274269280e-05    3.268366647987784720e-04    2.024319257503211553e-05    1.068614817462443492e-05    -9.485810345977398548e-07    8.227617472361276671e-14
2.900005574624404403e+02    9.965829884431398611e-01    2.680595936103544533e-03    1.976043419003125192e-04    1.103291012513301586e-29    1.944525615505139824e-05    1.074626016534372105e-05    -2.106918269534087139e-07    1.824461052762668400e-01
2.899997101478590480e+02    9.987368023010354534e-01    -9.928062086529737453e-04    3.203037373932872980e-06    1.329354280336379149e-03    2.161507892000991677e-05    1.163702201477280083e-05    7.048786122113222700e-07    2.170725248333710153e-16
2.900001467141558464e+02    1.003788425993692890e+00    5.142921610331794603e-03    -2.968153384522090451e-04    4.724977754139524846e-20    2.025169683601294390e-05    1.122332644913772194e-05    2.225797148745189481e-07    4.026170649153605618e-02
2.900000079911819171e+02    1.001625662472137801e+00    -5.516538343370239877e-03    3.609399756381931270e-04    8.158895500542566806e-04    1.885278014363387267e-05    1.064168323740680978e-05    3.403158517629480431e-07    7.664281180681301042e-02
2.900006403210272765e+02    1.000830302500687496e+00    2.862210003091766874e-03    -3.386463255929600467e-04    8.459378482832239938e-04    2.027410101446933764e-05    1.117748834066998504e-05    1.524247840307506054e-07    9.459235356334157185e-02
2.899997603467193130e+02    9.986290621587459171e-01    7.777690614325977539e-03    -3.817225392408919856e-04    1.250622279837236230e-26    2.289133188041127359e-05    1.185644808867481045e-05    9.546469831923997254e-07    2.397611811407758371e-10
2.899996609776255241e+02    1.000996364587774634e+00    -5.452393947374477301e-03    1.098961350522238863e-04    5.378996278821657423e-04    2.487784081430228667e-05    1.185576247205649147e-05    6.943915010862849747e-07    4.050624534078519822e-12
2.900002178830477533e+02    1.000746384492001706e+00    -4.283183760631889374e-03    3.087959988727392423e-04    3.385235610373482228e-04    2.208071508277284012e-05    1.097000965866663112e-05    -2.836626780585992880e-07    4.129511917736752857e-02
2.900001060908501245e+02    9.998843506028994854e-01    -2.339148026844899662e-03    -2.019229155460670964e-04    5.306164058149488197e-24    2.066234135197514172e-05    1.045800823009975514e-05    7.012046986694808400e-08    2.649712384631924106e-08
2.899998612997255236e+02    9.965633378264241449e-01    -2.096040911438834097e-03    -5.269319296089643645e-04    1.043964577997638339e-03    2.083333345914514546e-05    1.116089356812380457e-05    8.348536979378668598e-07    4.496079505254820242e-10
2.900001173304335680e+02    9.976140413739867929e-01    9.465168273988498054e-03    -1.034019633177246699e-04    2.919601779525240755e-19    2.123277065926925208e-05    1.025346111562815353e-05    -2.809549412996479251e-07    6.088181179092665426e-10
2.900003533711457635e+02    9.980700039730706630e-01    2.441220505739760856e-03    -1.608655691559667672e-04    3.507516134695066363e-17    1.960745657249365621e-05    1.083265624631585981e-05    -6.475444150397351772e-07    3.736237614861759651e-09
2.900000972133676669e+02    1.000720127720050590e+00    2.346886814705338253e-04    -7.625168411881248988e-06    4.127416031481740896e-04    2.067700089144431657e-05    1.126360921738948429e-05    -9.527050406342835425e-07    1.116621230735077894e-11
2.900002511178477675e+02    9.977057039089257673e-01    -4.906669126565013465e-03    -7.089866698179051526e-05    5.260427764771156804e-04    2.129470726011123500e-05    1.078179347527438276e-05    -1.835749477123845937e-08    4.813388552841049850e-10
2.900000696431601455e+02    1.002728059966107477e+00    -4.066457417038331704e-03    -1.039512092848792705e-04    8.178293113374211129e-28    2.189086364153932499e-05    1.066244069646652119e-05    2.547014310458287513e-08    1.814984429339416415e-09
2.899999191302241002e+02    9.954896749803795464e-01    -6.343939768157628480e-03    -1.197115047262739789e-04    2.532035722662549919e-19    2.363372414594656462e-05    1.116101276394036855e-05    -6.364340230588756957e-07    7.850201572382033050e-11
2.899999421794373120e+02    1.002088160299173136e+00    3.446159581045311546e-03    -1.321480612831622023e-04    1.359410579322679717e-17    2.317992531985970184e-05    1.127073744705782814e-05    -1.587008933644356229e-08    4.215356647454746454e-08
2.900003737279571965e+02    1.001485004225042053e+00    4.711478381385900463e-04    3.805185669575804298e-04    8.280038033660702896e-04    2.011102826118601875e-05    1.143436036286543236e-05    -1.024155060296200573e-07    6.571788475654961881e-02
2.900002983820880331e+02    9.993370779738088849e-01    4.133589549996532705e-03    3.862987405533373285e-04    1.939171729769347549e-03    2.073536343444082035e-05    1.075958916797118644e-05    -3.147623101107604197e-07    2.782965048212200098e-11
2.900001052428131629e+02    9.969648637214000297e-01    -7.931807442302799341e-03    2.700570250859964648e-04    1.779589848336869914e-24    2.060333830671269733e-05    1.077139196970128726e-05    1.783568654341127766e-07    4.053566964744062168e-12
2.899998555118078798e+02    1.000258155603505061e+00    3.581854183438154624e-03    -1.663785776045885196e-04    9.962566659788634708e-04    2.002058041121480204e-05    1.108647649658121616e-05    -7.848129108782572476e-07    2.868505185637013039e-10
2.899996536778119776e+02    9.967920279300259701e-01    1.261733414433912487e-02    -3.314620854817979423e-04    3.420545795940717688e-21    1.959258947384024871e-05    1.043616322906419286e-05    4.705880124288324214e-07    2.183278693936880190e-10
2.900003602452602536e+02    9.979092614073508116e-01    7.456321365063993921e-03    -4.246086843480453388e-05    3.796209444714811134e-04    1.768124015948588086e-05    9.788285128344064993e-06    -3.278728237064855714e-07    6.465991819478114633e-02
2.900002337466823974e+02    9.998031044384650956e-01    1.179173456079285823e-03    2.031837010145945608e-05    1.584663530095979309e-03    2.128383785218384842e-05    1.074489819692763411e-05    -7.812408799501803698e-08    3.485372214734587526e-02
2.900001631470085499e+02    9.999726053572146611e-01    5.439080696674096667e-03    -5.315904815223051810e-04    3.693474427894437585e-18    1.845799028818073868e-05    1.077094937004480277e-05    3.275184611203889910e-07    7.571582624497436020e-02
2.900002065978387691e+02    9.993757391151422143e-01    -8.299897394414184129e-04    -1.761925621643087932e-04    3.567539747224561107e-22    2.077572689644039544e-05    1.089730025303464514e-05    -1.483186344609527246e-07    4.571531099330241286e-03
2.899999788102904859e+02    1.003415459165680312e+00    -1.719260233331361193e-03    -5.317602582706346332e-04    9.432323957710481381e-17    2.104260855317260576e-05    1.072497384263118227e-05    -8.265194018671632839e-08    7.443661805885156869e-09
2.900001755242500394e+02    1.000449914999009371e+00    3.171378431325241887e-03    1.384038510458297246e-04    1.129416026494929868e-18    2.226416258405080167e-05    1.169823980120577049e-05    2.405370895970455034e-07    5.864026988057795958e-02
2.900001605057402685e+02    9.997305743772021414e-01    3.631456528427020377e-03    5.053446079199691305e-05    2.554765004435224370e-27    2.218591248974640325e-05    1.146670020238404001e-05    2.244546773676832912e-07    5.024295536587362256e-13
2.900002909967165010e+02    9.998044353852260091e-01    -1.875753435069508167e-03    3.364173129208542553e-04    7.827955159267064978e-16    2.057083273479213081e-05    1.103280475610718562e-05    -3.725249982112214577e-07    4.959142348475042728e-09
2.900005146158486582e+02    9.957339625595884591e-01    -3.426251346888870009e-03    5.860625005789484509e-04    1.066004688902313767e-19    2.032440784416775724e-05    1.154700915985806261e-05    8.540143889610403969e-07    1.490424697231923223e-01
2.900001766544226030e+02    1.001271196077754722e+00    2.307240705331666669e-03    -5.684938059040584328e-04    2.634271734385430471e-23    2.088982388528800858e-05    1.072111231024110170e-05    -2.742528155969066637e-07    5.851963382432983323e-09
2.900001364504487924e+02    9.988809013675360449e-01    -9.630427166328578079e-03    -6.735765822893118775e-04    2.582002727504350940e-03    2.222111473481473730e-05    1.081732942637318194e-05    3.084833322932158438e-07    5.047535264982830339e-02
2.900003599636003173e+02    1.001722120739575228e+00    -5.184865814446105482e-03    -1.578431807720612873e-04    1.332122317735544268e-20    2.187963824483322710e-05    1.090222145476009655e-05    -4.342973442019823830e-07    4.338088948927381598e-10
2.900016715148501589e+02    9.992520525445525159e-01    -5.158170437745959389e-03    4.568372644877653652e-05    9.842930404531144177e-21    2.105811681247462435e-05    1.061184982414004344e-05    -2.042978385452963215e-07    2.869985436309244187e-01
2.900003320774580402e+02    1.002653589785584165e+00    -3.791581465840683333e-03    -1.182985185291881859e-04    3.580929551051856870e-14    2.016446467019644025e-05    1.110072318763986628e-05    -8.104585565396338071e-07    8.363837214265053277e-02
2.900002882626877181e+02    1.000691887523760482e+00    8.356396795839845723e-03    -1.096898430576400692e-04    2.114089628039247004e-04    1.950235643074951612e-05    1.133002536558631996e-05    -3.937302755081714453e-07    6.678861293857912877e-11
2.900001065121505803e+02    9.963201845871619833e-01    -4.948057647276587860e-03    -7.001501945126282502e-05    5.151243751501265362e-05    2.149146085116613233e-05    1.096744633324236541e-05    -1.148518603242443837e-06    2.674058602727588505e-14
2.900010674532421717e+02    1.000827895044865246e+00    -2.309296903401452782e-03    -1.129971044025674585e-04    2.185071769195582139e-04    2.333029921279093242e-05    1.175512407000737403e-05    -6.609504994771807847e-07    1.199545515727033079e-01
2.899999530983821501e+02    9.985793644607687813e-01    -5.041787917242044302e-03    -5.479571962393776043e-06    1.582833293070873195e-03    1.875998793299820018e-05    9.974391883811867577e-06    -3.474500357222031332e-07    3.966026652077923181e-02
2.899999354106327019e+02    9.998660831149426276e-01    -6.908130023797826730e-03    1.519216051501855614e-04    5.895160070541766856e-04    1.836661566283147624e-05    9.878985820964609173e-06    -3.137062697374792277e-07    2.462474042688587647e-02
2.900003074150587850e+02    9.982313472215779138e-01    -6.439098862039455314e-04    5.353422328024070432e-05    1.136159195501573781e-03    2.058971427066954299e-05    1.051686063530136467e-05    -1.097558107972527342e-07    4.506832583113246776e-02
2.900000509847553758e+02    1.000158024776114374e+00    -6.781647960012711709e-03    2.600955802007176663e-04    1.899384451631220541e-03    2.128577044990883781e-05    1.119535710527019518e-05    1.076027982420549866e-07    1.981761377338200137e-10
2.900006130259828296e+02    1.000477814520360997e+00    -1.003303714455566244e-02    7.675405601161851092e-05    4.691352256453233629e-20    2.034507717196109834e-05    1.100726556054900954e-05    -6.728278448335045982e-07    1.302873167158746237e-01
2.900001460364621266e+02    1.000871357759585800e+00    -1.905540492602253531e-03    3.277017587145731681e-04    2.507219246874199236e-04    2.156837182734451584e-05    1.134436627393073433e-05    1.874642202854250042e-07    4.425754694998348254e-02
2.900007026004284967e+02    9.983957488148491599e-01    -2.082508921668324564e-04    -1.509243315918863345e-04    1.693231146737344963e-19    2.241287374272537275e-05    1.235450865693060556e-05    -2.093168038459168698e-07    1.053467255937963615e-01
2.900005634057344537e+02    9.981180744712618846e-01    3.509799720176321001e-03    -2.656260196349146058e-04    2.113481903247075764e-22    2.292598052616835484e-05    1.164496144899262882e-05    -9.658125773025022743e-08    1.666301937868171212e-01
2.900002817720955477e+02    9.994865627527285135e-01    9.682101662961919335e-04    -7.442438791014214963e-05    1.160618207574608523e-03    1.883638921773491621e-05    1.022548018308210500e-05    -2.758049943892880097e-07    2.486699191190865722e-08
2.900002425865981195e+02    9.987167419879160457e-01    -2.352797172117748227e-03    2.175173509842357866e-04    1.771704409657247015e-24    1.952459037827417932e-05    9.965444287904503019e-06    2.758963916434046517e-07    7.685411337020245370e-02
2.900001453623859220e+02    1.001792664661645071e+00    -2.932160161089528063e-03    7.389024775332181762e-05    2.839106616088665530e-04    2.230534506565286422e-05    1.083962225015678366e-05    3.406768388177944239e-08    3.870950553891519506e-09
2.899999804427440608e+02    1.001618385090989216e+00    2.047044188899184956e-03    6.077989472374796401e-04    5.418891508129142316e-23    2.022783481789620246e-05    1.013831393061083136e-05    -3.563675884183538670e-08    1.597623612406324095e-11
2.900003934289856602e+02    9.994663372231894494e-01    9.385657090045572502e-04    -1.398674341845058749e-04    4.411507803238575755e-04    2.376240618083427461e-05    1.190619264173509449e-05    3.610087467428443266e-07    1.007599371929140258e-01
2.899997563323372560e+02    9.988290003231407033e-01    4.245799807630740684e-03    2.414895327619211727e-04    6.459464348800703212e-04    1.870381846118014053e-05    1.050944469352822408e-05    -6.557608722769660661e-08    5.678563750627108617e-11
2.900001001454691050e+02    1.000007271594848923e+00    2.727992976318197125e-03    -4.372698967041369457e-04    1.681766743214213817e-03    2.221892805859431550e-05    1.139208436609792970e-05    -3.666199203275816917e-07    1.993726230098101862e-02
2.900000460663648028e+02    9.994492534158669894e-01    4.727993822427486136e-03    2.975186879965189472e-04    1.065860367344074247e-14    2.010936334571085252e-05    1.047914348722722597e-05    3.786319555338716789e-07    6.622782668741237426e-08
2.899998967610345062e+02    9.969939470920726743e-01    9.329040406496828634e-04    2.184677975193997706e-04    8.127423140475539994e-04    2.315547031078466901e-05    1.125437853496781353e-05    3.215130469902342000e-07    1.410295787149857426e-11
2.900000369143046441e+02    9.993003753245127685e-01    -2.674909037176113370e-03    -1.026759435370260866e-04    2.796561947272749765e-27    2.237243529411601790e-05    1.127563309091934548e-05    6.244905670914926817e-07    3.118872404330477049e-03
2.900002484014107722e+02    9.998325289074627698e-01    -2.794505278785749773e-03    -9.622446411879838498e-05    1.479207102298738235e-03    2.006238867004250597e-05    1.090494772417613572e-05    -6.412767071966469588e-07    6.352479276583091080e-10
2.900004080036392793e+02    1.001353929206666660e+00    -9.081903820838682292e-03    1.005305749432446668e-04    2.672075803265078144e-04    2.171488209543713865e-05    1.113059692149910564e-05    3.850583774093261543e-07    9.587230891830743340e-02
2.899999323694399891e+02    1.000619696241124901e+00    -4.363397566034825543e-03    4.727176658519618183e-05    1.776746710646380121e-03    1.835225475215161785e-05    1.043392490210825005e-05    -2.867128501255734481e-07    7.880373488358769635e-10
2.900001927575613649e+02    9.987347187121702330e-01    7.070508786376157422e-03    -3.006429916352947648e-04    1.960356883671374096e-26    2.245177557469123694e-05    1.176698704212866638e-05    5.264013462104600142e-07    1.139987426607651233e-02
2.899998320717836009e+02    1.003085983867470166e+00    1.325361417099684812e-03    1.555104449992946358e-04    3.458601434906083644e-04    1.948724855011738235e-05    1.044350005099731524e-05    -2.566847223907856342e-08    7.879401180446697164e-11
2.900004626529208736e+02    9.953329073627787960e-01    -2.317346022800936996e-03    -2.461292404382042732e-04    5.778350854411910498e-24    2.044790550981976770e-05    1.051291039304632135e-05    -2.966399494749222100e-08    7.783668060748184792e-02
2.900008508333951340e+02    9.995579456713894473e-01    5.279799358148226955e-04    -2.723884901742938767e-04    4.978248860040367605e-25    1.942833869592528042e-05    1.003265200473500570e-05    -4.858673081976827706e-08    1.800824292057990050e-01
2.899998641379583546e+02    1.000800335695720467e+00    -8.813123111279482988e-03    -1.321985669456810051e-04    1.348544578013959310e-03    1.840412487421969062e-05    9.842799931948942744e-06    2.613043746446881336e-07    9.225447568182651888e-12
2.900001981980747132e+02    9.974831024591057638e-01    1.675341761564153650e-03    -3.578319927251754707e-04    1.250111837994657537e-03    2.077775246248645533e-05    9.919501036847686444e-06    -6.468803487748214542e-07    6.500215794124614534e-04
2.900007089776879070e+02    9.998445153014605680e-01    8.642957256932147264e-05    -1.497067595190355481e-04    1.933455329558351034e-03    2.044211317872513862e-05    1.121159233290216894e-05    -6.084429517087796193e-07    1.540826107666103117e-01
2.899999109118047045e+02    9.959962527626342599e-01    5.593289091773093018e-03    2.915118660368739905e-04    1.864201590929601268e-04    2.274905482984316874e-05    1.241438515331899592e-05    1.492960601517594999e-07    2.066519989675973112e-02
2.900007067986302332e+02    1.000684984207627970e+00    3.458633024628095590e-03    3.723813827197419772e-05    8.981241662711353239e-05    2.185616705223063900e-05    1.051571620524701194e-05    1.299497666752947717e-06    2.480422745305059795e-01
2.900003231616408357e+02    1.000275764743319362e+00    -5.727186614871800606e-03    1.684776090399061200e-04    1.387463693736497956e-03    2.050778710592907454e-05    1.124819970071707301e-05    5.108572914766317159e-07    5.984144999655230390e-02
2.899999873044893661e+02    1.000361767318150408e+00    4.640577416954174209e-03    5.127258690665980722e-05    7.951654682541297193e-04    2.096382370021819053e-05    1.106383589353350405e-05    -7.125684561105044923e-08    4.697216074022986816e-12
2.900000910385545012e+02    1.001400954597756909e+00    3.165001416409055860e-03    -3.648272376903907347e-05    4.886962222938834067e-36    1.938298639457236065e-05    1.058815937286484109e-05    -6.887674485800063929e-07    1.924003127527184427e-03
2.900002768670548789e+02    9.989931656255481851e-01    9.405522304118524995e-03    -6.818584364534326699e-05    1.153250590854360994e-04    1.984365870607316605e-05    1.065050705599058703e-05    4.111872951211201522e-07    6.489637084500621267e-02
2.899998927888749449e+02    1.002835434204658593e+00    3.087063622969734526e-03    9.033234714274471396e-05    1.704028015569819243e-16    2.149003031622651475e-05    1.108650788671757972e-05    -2.581888772232992862e-07    1.243864875647060986e-09
2.900003972989852059e+02    9.971090722103654880e-01    9.401960748265364822e-04    -4.214013168286989230e-04    7.164041858951804450e-26    2.354560616934754457e-05    1.153481935632783351e-05    2.349723527456382076e-07    1.135528764406610741e-01
2.900000092661215376e+02    1.002182700821495409e+00    -3.554901465322815070e-03    -8.449390205466083149e-05    1.606137295757189813e-19    2.027459347901257970e-05    1.066494745672987764e-05    -4.214496542247206144e-07    1.815380389744603717e-10
2.900008364524926492e+02    9.988805335464837620e-01    6.058090053002998174e-03    3.287872440576027218e-04    1.203996012339845625e-18    2.241709926933884860e-05    1.138570578893770394e-05    -8.157837553886866169e-07    7.577038394396973242e-02
2.900003435447614493e+02    1.000368593517594551e+00    -2.177061225038115846e-03    1.253759445117002950e-04    4.759960437574015659e-22    1.988912978183008404e-05    1.103091635469275135e-05    7.659473825815951412e-07    1.255347725578695450e-01
2.899999306454868702e+02    9.993321171828092320e-01    2.210371057894070217e-03    -1.498298623954264245e-04    1.676147724157829708e-20    1.883068800264325066e-05    1.041091985923748672e-05    4.081818451772905756e-07    1.007938184047810287e-09
2.899997954634529265e+02    9.999780763516536997e-01    -9.619995085419299347e-03    -1.022133327037710003e-03    5.470137516529882305e-30    1.821152734013235536e-05    1.050074324910161068e-05    3.292357047672121448e-07    1.107892672597434898e-09
2.900006417087929549e+02    9.964293057813251586e-01    -8.168745994376941019e-05    1.430998166450402672e-04    1.918936339322501730e-04    2.025262338004796872e-05    1.047046880754999373e-05    -6.658768879664537282e-08    1.479548090926713910e-01
2.900000890195155989e+02    9.997868323885222841e-01    -1.093655046088481356e-03    6.667661940245799912e-04    5.699531826233032401e-17    2.522838910691094393e-05    1.213705206369624550e-05    -1.768759098249365733e-07    6.920661594783558408e-11
2.899997873220655151e+02    1.003148112770659184e+00    2.049601748901759470e-03    3.371653842395110870e-05    8.448326325447858603e-23    2.228703307628293902e-05    1.096737112427424988e-05    3.642054257603594847e-07    4.512236211147251527e-11
2.899998351570045543e+02    1.000627930545237687e+00    4.567383603709223618e-03    -3.180789165512561828e-04    7.529576583351913280e-04    1.917029410504172333e-05    1.043689933113885600e-05    -5.186400636003362500e-07    6.987248240731165475e-11
2.900002234048848209e+02    1.001189185994906472e+00    -1.390215737321387956e-03    -3.404838586280890789e-04    1.129946234729352654e-03    1.867652420990164103e-05    1.014301295780002729e-05    -1.196949855491862541e-06    1.410614776331445862e-12
2.900004133022160318e+02    1.002212957314037478e+00    1.314493138550078613e-02    -3.825307449654192799e-04    1.300409466368415007e-04    2.263028287139421781e-05    1.102350569985718381e-05    -3.702138622749086835e-07    2.830781028970568922e-02
2.900001679483788735e+02    9.989112571926831441e-01    4.695465097572808569e-03    -3.275033805393471427e-04    1.469721890404880474e-03    1.960813022215681807e-05    1.101664610350203024e-05    1.820836965775262674e-07    1.647191361075553415e-11
2.900001052983554928e+02    9.982565485177786746e-01    -1.046729094329215811e-03    -3.835348080330918167e-04    4.099167224584655258e-04    1.929460320793153992e-05    1.064008176799699211e-05    -1.523723455828172886e-07    5.419969001836471594e-09
2.900005439215916567e+02    1.000736576340300443e+00    9.547025753371296553e-03    -2.098665031652055589e-04    8.911091340018766072e-04    1.861625647450136160e-05    1.082368685924528645e-05    -1.864368945680567993e-07    1.066462259879147612e-01
2.900001951723352818e+02    9.988210754438476835e-01    4.733356515160078311e-04    -6.488625758342246455e-04    1.217569026772661935e-20    2.225557118654010577e-05    1.102322362729587287e-05    2.131859780050307605e-08    9.581935156633744707e-10
2.900001384988573818e+02    1.000233318494204715e+00    -1.828462817190794516e-03    2.522676830761527451e-04    1.542116472004191651e-03    2.261261210712973930e-05    1.152944020911570359e-05    5.959401247924735975e-07    2.182011120164217485e-02
2.899997337083914886e+02    1.001198501292015930e+00    -1.459660821973063935e-04    -4.309761768371973530e-04    3.363684654276176694e-24    2.141270929087330665e-05    1.100020246665462729e-05    7.520529752478984391e-07    1.678683323464816649e-02
2.900000511050003524e+02    9.989871154076208626e-01    -2.837489333363342036e-03    -1.692311912049759988e-04    5.371926358669491851e-04    1.641694365970417023e-05    9.018509901854316954e-06    1.061805781069749747e-07    1.714092671498538519e-11
