# f_r [MHz] A m phi D delta_r delta_ere delta_eim a
2.899997044068249465e+02    9.990336202048413217e-01    -2.496078003050459181e-04    1.422189209299739080e-04    6.729102282967077113e-36    2.464033648088838043e-05    1.590984989456555506e-05    8.914197759463006578e-07    6.413769522234173784e-07
2.900006738803220401e+02    9.987798409728755322e-01    -1.155052450533589244e-02    -1.937184730379684465e-04    1.514915125338363606e-19    2.732196891401907687e-05    1.717656020341487563e-05    -8.844445496537260343e-07    2.960067966647869989e-02
2.900003801965698926e+02    9.998703685678611564e-01    6.202829376193521628e-03    -1.919762443645004293e-04    4.614197408457563530e-26    2.681168438094554200e-05    1.668579779500862123e-05    8.481281298014842278e-07    1.380239409771497339e-01
2.900001560963703469e+02    1.000209403495511129e+00    3.693834934446030976e-03    -2.080094709112842986e-04    1.230386473952406977e-04    2.491203261691776722e-05    1.673204908939562933e-05    -7.748275500246398347e-08    4.654664259387882898e-03
2.899998662258293507e+02    1.002406721790759958e+00    5.951041864923343680e-03    -1.003353981885906824e-04    2.523213613273713567e-17    2.831537787351115355e-05    1.619566094795442794e-05    -1.228139861517257620e-07    9.217488716810067994e-09
2.900006742224670120e+02    9.994078532465524578e-01    -2.459953412914340164e-04    -2.043622217509775041e-04    5.126396516697054671e-23    2.709539527062779351e-05    1.651858435052960046e-05    2.886101142619504759e-07    1.059456519512278205e-01
2.900003769464435663e+02    1.002758578678450752e+00    6.451747906904186161e-03    -1.674495111272263884e-04    7.283688654453081363e-24    2.640165732751597593e-05    1.691830383959201539e-05    -2.732096058426032801e-09    4.106237491017022262e-02
2.900005706103611374e+02    1.001461829226310218e+00    -3.746666418738105880e-03    -2.150530159527719700e-04    9.006262311985721884e-05    2.614551962674558090e-05    1.628749819692476615e-05    -7.684585847278591560e-07    8.440271609118613072e-02
2.899997556234323497e+02    9.984995469432405013e-01    -5.798706053696453359e-03    -1.485513121733678793e-04    1.035337415969885379e-03    2.870608791386221770e-05    1.703788238740337204e-05    7.200538712892698566e-07    1.633164087636653994e-10
2.900009165829978315e+02    9.977272270903150275e-01    -5.436231852469908601e-03    3.032875439037297993e-05    1.351877819564564348e-21    2.435041729889198382e-05    1.588783056225592281e-05    2.454247707853585479e-07    1.701374425714352323e-01
2.899996198051205170e+02    1.000414460821479112e+00    -1.127053453286586474e-03    8.975415787927549800e-05    2.155389134377802465e-03    2.568825274103711588e-05    1.597504068117873075e-05    1.561065719081573320e-06    6.852853149403070632e-11
2.900005004871736674e+02    9.989389908459531675e-01    6.117948329428874593e-03    -1.487324416246436454e-04    8.981675062721056005e-19    2.576944149475928297e-05    1.613296976609080550e-05    -1.059568811852694760e-06    3.764293024761777851e-02
2.899997981600292860e+02    9.992773559499389391e-01    -6.022278817457720271e-03    -2.160546158067859642e-04    2.154467463968511655e-20    2.479463534755781202e-05    1.544596113310463858e-05    8.797144067366840117e-07    1.135677942347722498e-09
2.900003655432916503e+02    9.977778323339564492e-01    -2.759622666573228241e-03    2.445807607549573947e-04    2.355064353690107623e-26    2.657399119239297865e-05    1.630424397173175859e-05    -5.335116548116536337e-07    5.927682002586689484e-12
2.900007172085718707e+02    9.976520239581144756e-01    7.894946993456721310e-03    -3.964510774026485025e-04    7.270185704883183597e-22    2.486758798708587080e-05    1.592899510603748895e-05    -1.813677627424686590e-07    1.014454418683300024e-01
2.900002439123932163e+02    1.000201633458364991e+00    4.059506053063219669e-03    -1.578418150456370559e-04    2.166177211014145860e-03    2.689302898510167387e-05    1.642105482649624233e-05    5.166755794175989909e-07    3.225324880064426442e-02
2.900003404687373632e+02    1.002536316716017284e+00    -2.167245787510875890e-04    4.742054573730300955e-06    1.005151949424778915e-23    2.728132408151044620e-05    1.673873460792943676e-05    -1.136672229248485174e-06    1.963416605173412110e-10
2.899999211468176554e+02    9.982504606219831933e-01    1.150139992369959320e-03    -2.031901261445422650e-05    1.294490092499574672e-22    2.548156488493742597e-05    1.554399214362211070e-05    -1.206755867112380497e-07    2.331692575027525090e-09
2.900010255164107775e+02    1.000094442662074368e+00    -3.394942273848725999e-03    -3.176426593070851424e-05    3.801513925607150133e-04    2.629799665606944757e-05    1.623783239370213342e-05    -1.505895278726884422e-07    1.572047398177062461e-01
2.900001567405628293e+02    1.001618170815413933e+00    1.228465267065464994e-02    3.177147591504848531e-04    1.801799281820947850e-03    2.683510378547848173e-05    1.592684389041913593e-05    -5.039220285772860142e-07    2.994187187859199159e-09
2.900000785289402643e+02    1.002103618809603081e+00    7.668121769443043967e-03    3.854973508477898929e-04    2.892638238618487709e-03    2.746094975727169420e-05    1.687852357146066174e-05    -1.940797563207901341e-07    3.643438338988678332e-02
2.900002334098702477e+02    1.002240765486089868e+00    -7.451108883344180478e-03    -8.308404737735101768e-05    2.548262680248340823e-26    2.651637955471654253e-05    1.726208165113403016e-05    -6.045932092509301588e-07    1.068135237296551544e-12
2.900000859092252199e+02    9.975859763562656690e-01    5.082245727326536663e-03    1.475867448266345928e-04    2.255987909172383328e-19    2.662753833617807571e-05    1.664091919613303072e-05    3.153588348967195212e-07    4.332452405982795129e-02
2.899998373096952946e+02    9.993666347449537968e-01    1.382944736254081326e-02    1.150465406929822179e-04    5.576380294747912090e-26    2.702199176004808646e-05    1.676679897401640789e-05    5.568254079559957475e-07    1.831874320011025092e-10
2.899998036230899174e+02    9.985290190364797258e-01    7.426112670364309540e-03    -5.301541450407255439e-04    3.208643008257268197e-04    2.620685864872240528e-05    1.721459619796953506e-05    7.677229899889312268e-07    4.635899099088263548e-11
2.900003995067808091e+02    9.994641087858072703e-01    -2.923282040972482055e-03    8.048684273667972575e-04    1.454375488346887544e-20    2.565919249236343493e-05    1.593575713268596952e-05    -7.811877018903592061e-07    4.655158110454710174e-02
2.900001702910390122e+02    1.001779132117495141e+00    1.304053865980910921e-02    -2.495030149050534145e-04    3.590122124827845022e-24    2.799318496739580846e-05    1.669321106753109910e-05    3.113994826141817069e-07    7.982721812905268326e-10
2.900003764372591490e+02    1.000203637498942477e+00    7.021266301713115394e-03    3.740735272468956736e-05    4.673953815918795376e-27    2.776850855800998662e-05    1.723406222559100407e-05    5.407103758908788794e-07    1.143303745704551816e-01
2.900000911978814884e+02    9.984157149572399081e-01    2.601380767905562413e-03    -2.400233647564568797e-04    4.895820883425610125e-22    2.637863916195991811e-05    1.562413127279345555e-05    -3.298228571003030067e-07    2.432211974443281369e-02
2.900003869359342161e+02    1.000342540208414732e+00    -4.660326940426015932e-03    4.982120607341597191e-04    1.210834751370390861e-03    2.358100432462011966e-05    1.484734261579135093e-05    -8.819355118414022591e-08    6.701325337353991607e-02
2.900011656192012879e+02    9.998568859477600101e-01    -6.544521088694119082e-03    -1.580165899500887261e-04    3.492667442565825501e-27    2.896973552205281982e-05    1.770154388158180246e-05    -1.756816569291488944e-07    1.753729644207738525e-01
2.900001423635101787e+02    9.995713001556427724e-01    5.201672708456081193e-03    2.415567462747959229e-04    1.282711036700028831e-03    2.675191059872998332e-05    1.637116732393560740e-05    -4.516338830986910696e-08    1.187181115246670193e-02
2.899999144541334317e+02    1.000282437482873377e+00    -1.253847746441203934e-02    -1.881297696623730742e-04    1.915647100011356975e-03    2.353574364510819709e-05    1.465848257123383182e-05    -2.743559504403231449e-08    1.586229683221050679e-02
2.899999022816722913e+02    9.989938812260291678e-01    1.896691533575148953e-03    -3.021659605472389347e-04    9.982335287595493792e-23    2.724024546816391598e-05    1.648719638884181047e-05    1.008410785514881474e-06    4.826711465128718800e-09
2.900003687751571988e+02    9.998991221469915036e-01    3.520647963127865234e-03    4.269420384441053001e-04    9.829677046466381759e-28    2.476561850420135741e-05    1.645155838529611624e-05    3.075877044078955444e-07    3.314126526231955805e-02
2.899998979693415890e+02    1.003862991739934651e+00    -1.470416163952287724e-03    3.976405030563471155e-04    3.408027640920235817e-24    2.523691633790765934e-05    1.610407333394265475e-05    3.594017022872038672e-07    1.539771989420312987e-11
2.900007436360683073e+02    9.996955461251363362e-01    -1.801425571129246922e-03    1.649747697313797869e-04    3.132647321696824141e-04    2.545544459863228939e-05    1.641719627292340244e-05    -1.296857191884600137e-07    8.628644011155910121e-02
2.900005391021021524e+02    1.000860063644590570e+00    8.698402018314600531e-04    -2.457472441536312948e-06    5.452816372084957387e-21    2.649439035470223724e-05    1.603288893708976543e-05    -1.444089233803134915e-06    1.596019745641086285e-02
2.900003485461675723e+02    9.965118377799327964e-01    -5.796167292878098148e-03    -3.155111477933165206e-05    2.008773983751020392e-27    2.690047878121107827e-05    1.668292325972687006e-05    -5.876415712719308430e-08    3.661952341910863773e-02
2.899997928843915815e+02    1.001977657558285939e+00    1.438847872662510873e-02    2.569918912847597887e-04    5.249113628933828913e-25    2.380012969445248640e-05    1.462134207420885465e-05    1.119531747516106179e-06    2.521396246295897706e-03
2.900006014772382628e+02    1.000736537060111342e+00    1.771408386594790609e-03    3.994724715969633712e-05    6.479825725203058136e-23    2.914431617061887170e-05    1.698472582901897076e-05    -1.139461676923257580e-07    6.140050262046147650e-02
2.900008422310987726e+02    1.000429408183117097e+00    -2.032853609935479557e-03    -1.690400374741948299e-04    1.173697011510086959e-03    2.456378137340087641e-05    1.574707678271630043e-05    -8.595962412468821693e-07    1.220439129774925774e-01
2.900008547730764121e+02    1.001096587193805787e+00    4.148019790973232410e-03    -3.680598075514898248e-04    6.371383009571069842e-04    2.603070299201498266e-05    1.610410369666326954e-05    -1.034645353525933604e-07    1.293034812336618655e-01
2.900005442616261462e+02    1.001793884079666519e+00    1.177165115640018030e-02    5.188850165066468149e-04    3.726034857660351948e-04    2.747591118227918537e-05    1.719747111650195165e-05    -1.116481614603542984e-06    2.779647687309939885e-02
2.899994972750284319e+02    1.000017644183613275e+00    -2.900478454817694094e-03    -1.282689370764950260e-04    7.547485223775195684e-05    2.586021552945502787e-05    1.567303442325384958e-05    1.296253223509736403e-06    1.862183899930883397e-03
2.900004239819328404e+02    9.964938433480319269e-01    6.290423970514878380e-04    -4.096849909786377483e-04    3.339958337845484082e-33    2.831430314621649006e-05    1.727826195341965206e-05    -1.188915290527503686e-06    1.379341556727242366e-13
2.900001193655951397e+02    9.994633103602377222e-01    3.078237168646930783e-03    -1.338207960557014900e-04    9.641275527557548576e-04    2.328744159421313712e-05    1.522616074518229273e-05    -4.419360935775035305e-07    1.346905301334397844e-09
2.900000073963375371e+02    9.974264638639530611e-01    9.844013588636603418e-03    3.766283212799184134e-04    4.275567651138869035e-04    2.569652786060014593e-05    1.665118083774631117e-05    5.288268560113973924e-07    2.744919228456571200e-02
2.900000162513161968e+02    9.960504795728916116e-01    1.012308372956100509e-02    5.172625954618613464e-04    5.844172859231972807e-04    2.813837630636747259e-05    1.792873958956592591e-05    1.426895369680587090e-07    3.374737446503876768e-10
2.899999890938871658e+02    1.000334742148454081e+00    -5.923959633780916979e-03    7.580712861151239160e-05    2.098651723085396940e-04    2.654715685525508101e-05    1.590151042269817626e-05    6.636410327338999083e-07    7.989281519669119163e-12
2.900009777274626686e+02    1.001441949406938425e+00    4.158095828686858390e-03    -4.158484901610294614e-04    5.382151949186853761e-21    2.660117821997246945e-05    1.542301929028802324e-05    -6.734621440372095140e-07    1.535377410621802108e-01
2.899997906406285324e+02    9.980532867644101858e-01    -2.713784766400128483e-04    2.704330413630447075e-04    8.917146343149275631e-04    2.232435325323597726e-05    1.532677634082521898e-05    5.314346763560648409e-08    7.341217536228850717e-09
2.899999831334197893e+02    9.991558944075803472e-01    6.270215864727126699e-03    -2.817892776701992879e-04    1.239476619540816208e-03    2.278516941809358422e-05    1.497420955005375763e-05    -5.643187426802032068e-08    7.990161393276930003e-10
2.899997511408247419e+02    9.992944135835262198e-01    3.944216294386035902e-03    -1.299447460230810942e-04    7.525438235366961315e-27    2.773731199005228485e-05    1.711786522882046714e-05    7.617938223258396930e-07    1.301693039434987434e-11
2.900001955243610041e+02    1.000954053240482589e+00    -4.366925386447268083e-03    -4.890752414939977751e-05    1.356817924245073666e-03    2.600412077723256228e-05    1.597740228669843260e-05    -1.110178815581109093e-07    7.014723940802480300e-12
2.900007257558126526e+02    1.001407582141180530e+00    -1.184113737842211467e-03    -2.556785002963784834e-05    9.460621136915543360e-04    2.789614478409535247e-05    1.762138851743602982e-05    -2.090265649876703435e-07    1.385373439786506955e-01
2.900002904008814539e+02    1.001530064864526448e+00    -3.188254142629371596e-03    4.387913235077668065e-04    3.543579037899900360e-27    2.634163349393083985e-05    1.536742482777646323e-05    -1.111233940734270763e-06    3.643634682002273167e-02
2.900008913212487300e+02    1.001434271394695985e+00    5.077738649382333540e-03    1.366286260981395237e-05    2.395304515698569365e-26    2.741055388102806524e-05    1.608112842463073276e-05    -1.022656234340375132e-06    7.239386229751022805e-02
2.900004246988867180e+02    1.001587572566726037e+00    3.229467904210064216e-03    2.316628935151466293e-04    1.117691214924412139e-21    2.722950251814312481e-05    1.690672631339408579e-05    2.275858945379704207e-07    2.586382530498787177e-02
2.900001678382578802e+02    1.000860479445261353e+00    -1.104817617639060464e-03    2.201323519781721663e-05    1.807241949853682145e-36    2.536482924858030484e-05    1.555815856584111717e-05    -8.183976342271271894e-07    1.115190535169148672e-10
2.900002133862730602e+02    9.997296636694616989e-01    -3.954269859763198842e-03    -4.387213470370473632e-04    1.380032784270927718e-03    2.417366847609994808e-05    1.621316596588003180e-05    -3.229659314852947119e-07    6.955723662395541331e-10
2.900000080362583503e+02    1.000246577357492228e+00    2.601257856692388085e-03    -2.651381808194898555e-04    5.768701545851804289e-04    2.567285870850299358e-05    1.595016177964322129e-05    -5.756718732812462628e-07    1.232648032509483989e-09
2.900001978735133434e+02    9.986948764708997173e-01    -4.279230520288037666e-03    4.301069610704496009e-04    6.135021978083297564e-04    2.258633990574656158e-05    1.536793773139657197e-05    3.231349765372848638e-07    1.571969957951626848e-02
2.899998429691550541e+02    9.985338756483236322e-01    -1.028438621551380598e-02    1.711955066885265748e-04    1.565118235558199972e-23    2.721058474438410712e-05    1.609039561512063952e-05    1.322825779840792732e-07    5.294257498822361476e-09
2.900003490101908596e+02    9.996823682892479468e-01    2.998715760809842531e-03    5.143107227925085984e-04    5.723504254313375181e-04    2.682743875476929118e-05    1.577106450635662826e-05    -6.380429007382639104e-07    1.304717789576452401e-12
2.900006667767197541e+02    1.001379588261174458e+00    -5.413274109684678044e-03    5.701994866534294078e-05    1.843412880572422327e-04    2.656266721192527378e-05    1.625059584383009161e-05    -7.821135909255686308e-07    8.225546946001757731e-02
2.899998685998346559e+02    9.985370510655672271e-01    9.085450986602508147e-03    1.618368878572521829e-04    7.463803665707132530e-28    2.530477501564930333e-05    1.576561807504137916e-05    1.149749467397920787e-06    2.064891948464256570e-10
2.900001989807632867e+02    1.001507854955964172e+00    2.368589458032405236e-04    -8.069140115862532441e-05    2.278665603934553710e-04    2.561335048031839227e-05    1.617780754581966455e-05    -2.079610078226222426e-07    5.724367999887873537e-02
2.899995805067453603e+02    1.001673221737962693e+00    -3.020660988180929544e-04    4.531490848452866880e-04    1.348562877064481020e-22    2.526446852455855709e-05    1.606432425107103522e-05    1.030062376960617303e-06    1.608926724430414944e-10
2.900002221418999397e+02    9.980082082177126335e-01    -2.373996272893654468e-03    -2.051171848816765318e-04    6.975179839441560071e-04    2.475658690669529292e-05    1.571334489406314841e-05    -5.668598539818913701e-07    4.946234323359008416e-11
2.900002920042587675e+02    1.003410615859688937e+00    -5.490218377145267108e-03    -2.760133452421063824e-05    1.206621377476407821e-22    2.574464305323759461e-05    1.632446268690907187e-05    -1.427875113071642423e-06    1.472220585529748105e-10
2.900001637732210611e+02    1.001929658612525254e+00    -1.240202172476037069e-02    -1.681474975241555015e-04    2.260979380315595189e-04    2.849664270738552118e-05    1.778597976967860323e-05    7.423431988155017974e-07    5.811068804402746979e-02
2.900001046545430654e+02    9.985631155232308487e-01    2.065886248517920503e-03    3.298105164641153454e-05    6.331248603865871627e-04    2.680798919933404366e-05    1.611400545226598707e-05    7.937984949388939522e-08    3.363217661991400875e-02
2.900001058059532397e+02    9.998347606069514226e-01    6.955740020531545401e-03    -3.957487053422998322e-04    1.201970703056445479e-19    2.549749041373723809e-05    1.605706475911876474e-05    9.125139914073924420e-07    3.807299521120850044e-02
2.899998731304734179e+02    9.998309557557137905e-01    6.181768877480948825e-03    3.024847595003552392e-04    3.296233577530643224e-26    2.443774786599442358e-05    1.424181063851113060e-05    1.822749555147150336e-07    6.252457588573560900e-12
2.900007397900572528e+02    9.966679179186669346e-01    -4.892513964854642607e-03    -6.587419452455617417e-04    4.851225282125393493e-05    2.652054888678087217e-05    1.605788786400881766e-05    -9.689585629205977461e-07    7.505036381346036345e-02
2.899997877176149359e+02    9.984542687482776957e-01    -2.994206163038545029e-03    -1.380630227724635271e-05    2.982772199030291079e-27    2.778615364546356453e-05    1.697052499526571055e-05    -3.726771872413052202e-07    1.178212706615165868e-02
2.899998333394893280e+02    1.000359647336096502e+00    3.320787073364985052e-03    -5.143746252820997574e-05    5.288074875309784491e-25    2.617779220972162073e-05    1.673358673687504891e-05    2.623758923463246390e-07    1.439766069344353848e-09
2.899994524874247759e+02    9.984254947836016525e-01    1.165196328184082281e-02    3.429268719926401526e-05    5.272853643402126804e-04    2.801728813191442847e-05    1.690231613505143070e-05    1.538791559161939538e-06    7.076525053229061068e-11
2.900001188393335383e+02    1.000585213607729340e+00    -7.100766500124197807e-03    -3.121022681117480006e-04    2.766611394109090398e-03    2.676249110784212272e-05    1.688198108113085874e-05    -5.438950868186338997e-07    2.549920762031809840e-02
2.900007171432200153e+02    9.998845186513711791e-01    -6.894031567937556476e-03    3.660852594692050218e-05    9.314271497683510124e-04    2.790018067098997282e-05    1.682307613683924931e-05    6.179749689813633626e-07    1.391819823449269855e-01
2.900007189772052811e+02    1.002296313706920294e+00    -9.763672959213034672e-03    8.466961604548824800e-05    1.169909135634236809e-05    2.613851444165420917e-05    1.610733964064174238e-05    -3.156605722200751136e-07    9.705426625164892407e-02
2.900005176410658123e+02    9.994285834082780040e-01    -5.737578093866779923e-03    -4.401007259234841973e-05    2.766459242807409467e-30    2.655621311661789073e-05    1.542821073452424745e-05    -1.042158391638878302e-06    5.742870396008944306e-02
2.899999003674732307e+02    9.989534267408951562e-01    1.339255445850814040e-02    1.745800761441517737e-04    3.277653126392976726e-24    2.566995814221681996e-05    1.641264845492969066e-05    6.900576257716014741e-07    4.448374198760510911e-10
2.900001766085181316e+02    1.002727746788609320e+00    4.448010361762987259e-03    1.241450719112202356e-04    7.416680113910959011e-19    2.787664550608295137e-05    1.618167650616983912e-05    6.018713026250069641e-07    1.275799290835232525e-01
2.899999349845059555e+02    9.984871236313256349e-01    -2.641005668292065438e-03    5.166828907886951644e-04    7.863336336509016682e-04    2.706270426581090764e-05    1.556812821451260585e-05    1.150784475204887495e-07    2.157500026585450517e-10
2.900001645934989938e+02    1.002561561754353514e+00    6.694115910937530750e-03    3.262913227077829511e-04    3.827260054009493356e-04    2.407640701279559604e-05    1.525377821289607925e-05    8.789524403444758350e-07    9.998194546798588919e-13
2.899999708633577029e+02    9.996945387112765591e-01    9.711670278790139783e-04    1.953234360447232915e-04    7.395239883318168459e-04    2.915112927490776730e-05    1.644154298092736184e-05    -7.632879360631621400e-08    9.111183705474322969e-14
2.900001005412373161e+02    1.002770407812232589e+00    1.350431732111975758e-02    -4.567136441139801190e-04    8.546785483390166539e-04    2.558766365264467053e-05    1.681530955809339630e-05    6.244063519839145723e-08    6.476300681050993491e-02
2.900002161391544746e+02    9.989475732955057641e-01    -2.579630978597150653e-04    -1.705705634579545446e-04    7.476452550839731651e-04    2.686906109152638561e-05    1.599022169138484501e-05    -5.896813751218279366e-07    1.004319203620545817e-10
2.899995554484971763e+02    1.000394142143168130e+00    2.135228816737775800e-03    3.649916330378517415e-04    2.926743194289112022e-04    2.746680025682501035e-05    1.644198480563855455e-05    1.232800376153831522e-06    1.772143515799366755e-15
2.899997764103321174e+02    1.000500699714343300e+00    1.733236200126121816e-04    3.060153886211980779e-04    7.166671510625147325e-21    2.473239954405142483e-05    1.609486171436727315e-05    3.991340989783326268e-07    5.031224031014646504e-10
2.900001461376855900e+02    9.978691181225221030e-01    -6.921056865358518433e-03    -1.432520091838147499e-04    1.474549137254679201e-28    2.531550135741856373e-05    1.581374988359729428e-05    -1.013511582949853425e-06    1.238055975559659329e-02
2.900000138591090035e+02    1.001424818117345739e+00    3.913069324966386188e-03    -4.427071650804128829e-05    1.157616354509121325e-24    2.365195367227629575e-05    1.497133472072617053e-05    -1.040339156101503630e-07    2.413769339258711740e-12
2.900000642981072474e+02    9.997692411859698813e-01    -1.278436722396673929e-03    1.891612436535324091e-04    1.102735817757443662e-03    2.528380301452460752e-05    1.555868919978633467e-05    -1.417641396328906562e-07    1.090679300997862700e-09
2.900006863271829616e+02    1.000972844885696489e+00    -7.902115548614091142e-03    1.247186430089300988e-04    9.451476462284759189e-04    2.696889847340313274e-05    1.652710203582378993e-05    1.855814959307251443e-07    9.225807002732148987e-02
2.899999700460528516e+02    1.000787796779380345e+00    8.631546602738230127e-04    6.616108041817949162e-04    1.001119413670117203e-23    2.776070078568710446e-05    1.693952233652403123e-05    6.922125946155792511e-07    5.998913167631448320e-10
2.900003534118339985e+02    9.997446186887243291e-01    -3.214937773267478871e-03    -7.221283402874746529e-05    3.796848297847574857e-04    2.577237130762324529e-05    1.649094909008100084e-05    -1.145882125767173166e-06    3.951647083658821596e-13
2.900000057398926856e+02    1.002002864244217362e+00    -7.663821454320469614e-03    3.906158153855548380e-04    2.162880981979163240e-04    2.517146156067696038e-05    1.632073974835882778e-05    8.178490000140732474e-07    3.528162377387696058e-02
2.900001343413508152e+02    9.988782905116698752e-01    -8.580528521446147139e-03    -2.077170570480397441e-04    2.336555114547975498e-22    2.477994407488536978e-05    1.499556526204573431e-05    -5.225775452207960253e-07    2.207339078481414254e-09
2.900001686557768608e+02    1.002767458752221730e+00    9.072597569759637589e-05    -1.527137953796924605e-04    1.043204784608329095e-03    2.614693392336538358e-05    1.655876177016118506e-05    3.365472559764583387e-07    5.453861037662144505e-13
