# f_r [MHz] A m phi D delta_r delta_ere delta_eim a
2.900007791235453283e+02    1.000825044981675349e+00    8.220074698167172469e-03    -1.038905480383051224e-04    2.245669426965335967e-03    2.444833207988649472e-05    1.362547675738942223e-05    -3.602891284203118093e-08    1.427729122647864446e-01
2.899999084616362666e+02    1.000278505498861659e+00    9.104186053976573434e-03    -2.939989106084594725e-04    7.132725070844029963e-30    2.389304898944139937e-05    1.424931302883076857e-05    5.474862816358131553e-07    3.213449156822649014e-10
2.900005036066309572e+02    1.000689597575489920e+00    -4.881188040978505158e-03    2.421121410182045484e-04    3.672276088622650937e-29    2.324571958392706702e-05    1.303721786652768087e-05    -1.178940931810758109e-06    1.642031915383598304e-09
2.900000844520253054e+02    1.000576209571659048e+00    -1.288218053771997273e-02    3.887115781894391153e-04    4.862253879996755056e-27    2.556935748497898530e-05    1.401371073591450151e-05    -4.909943783028775717e-07    3.663456509874087443e-09
2.900002271386884445e+02    1.003678306048318092e+00    -1.707266057362756507e-03    -2.703195017763561814e-04    7.682095521305462626e-29    2.493671261988238447e-05    1.462765049347602365e-05    -6.664279550187994918e-09    3.376510651553685238e-02
2.900000933791530997e+02    9.964403405438292394e-01    -1.431296876920010652e-03    3.979722187988778302e-06    1.400384061953788219e-18    2.671639977385010476e-05    1.480810198461678243e-05    -5.609404023298339097e-07    1.336060797531872098e-08
2.899999766833977333e+02    9.994774584700807374e-01    6.828533208826857411e-04    1.254805306906405188e-04    1.009918414144676726e-03    2.441306193029652491e-05    1.334607416213760821e-05    -1.806453458160380146e-08    4.301895740666888157e-11
2.900000264750848373e+02    9.997979118129055598e-01    -1.480059408229444972e-03    2.857397834701308091e-04    1.151993177415828373e-19    2.668828095230661520e-05    1.521901689513670210e-05    4.277827354924718423e-07    4.017008879337359200e-10
2.900006503890521685e+02    1.002477888014689844e+00    -7.885359685275586047e-03    6.883004616675214658e-05    5.774817299293218695e-04    2.275009708498732457e-05    1.400140901961650965e-05    -1.488817275288658798e-06    1.065319260600912366e-02
2.899995942020974553e+02    9.995463727010913679e-01    1.217277504432011034e-02    7.635618375512345877e-04    1.225150556384560560e-21    2.507368317046349378e-05    1.533143659000548733e-05    8.493875351672132666e-07    1.062151235334715655e-09
2.900002694828739322e+02    1.005390349050477194e+00    4.278590144532187084e-03    -2.099194540859703636e-05    1.575544555312356380e-22    2.336788727441430215e-05    1.395438380796189060e-05    1.237258583912920779e-07    5.763617752381816617e-02
2.900003119964266034e+02    9.963996800849153068e-01    9.271712230812344593e-03    -3.667550666355343515e-05    2.284688449521191262e-28    2.303262881164731268e-05    1.443560422647582096e-05    6.239712817586591242e-07    1.075761650948243586e-09
2.899997514036449502e+02    9.984788530689364672e-01    5.880823858745496888e-03    -8.234131579050850565e-05    6.158033032413910829e-06    2.335699501848456942e-05    1.391428473360174524e-05    4.789642675744312377e-07    3.256164060197201042e-11
2.900001339804840086e+02    9.997861314827787282e-01    9.037147118980589852e-03    -2.330694651286813125e-04    2.753946466517157297e-34    2.606961498052561777e-05    1.482813174138789726e-05    -2.522448225024206724e-07    2.861583432942940675e-08
2.899999502972654000e+02    1.002425579418520396e+00    2.187184436294681376e-03    3.586968428200723960e-04    9.922182847838861494e-04    2.403761094392542800e-05    1.379600808355454857e-05    8.353353966765653853e-07    3.199392294264367248e-02
2.900000863053854232e+02    9.974448053842466244e-01    5.233192679585037775e-03    -3.800071266803911889e-04    7.566001709726741286e-04    2.378778399237130523e-05    1.431531257030107409e-05    -6.914702840948555752e-07    9.916078843068607375e-12
2.900000308935714770e+02    9.991658747973350962e-01    -7.260851154319571468e-03    -8.805997406760857342e-05    1.500699808308899718e-03    2.505611639577707224e-05    1.450715522175686362e-05    -8.424474741145548520e-08    1.520589390338268057e-11
2.900000647556843774e+02    1.000643486995460796e+00    -8.921339159336415942e-03    2.088675700874927338e-04    7.151218279312143494e-04    2.322515134145666891e-05    1.372641128920483053e-05    2.781862687891856524e-08    2.080782921056308510e-10
2.900005578715205843e+02    1.003481865899333192e+00    1.916798792095612347e-03    -7.550643822600723977e-04    1.195881364583897127e-03    2.401232265256781368e-05    1.435928878016808549e-05    5.909181688736821639e-07    1.421710959176748224e-01
2.899999407808350611e+02    9.985309323587699959e-01    -5.677736434314073705e-04    1.774848238670138055e-04    9.142528538592722185e-23    2.295714254423986378e-05    1.419355769023048230e-05    -5.983892569440052507e-07    1.913235326641928350e-09
2.900005035472337340e+02    1.000783122793875490e+00    -2.481816956109461972e-03    4.357923625855712724e-04    3.351814184340566679e-21    2.507401015916708751e-05    1.471225924378293395e-05    -2.605985047568459253e-07    7.779138504326577053e-02
2.900003934102521725e+02    1.002275882304081822e+00    -1.267787090626657041e-03    -1.396498719690049666e-04    1.354209948476364170e-03    2.288581353919986547e-05    1.419062232976293796e-05    -9.973658030992177458e-07    3.568286386994955133e-10
2.900002355590681873e+02    9.973743249191652227e-01    -1.516504333851129496e-02    2.941485863405584526e-04    1.035848137856099212e-25    2.301393685655225773e-05    1.362351542745898369e-05    -7.047793472962152059e-07    7.630124231917775792e-10
2.899997658506563312e+02    9.985990773938677734e-01    2.002914868486841207e-03    3.548097472664891224e-04    7.625390314471573031e-19    2.295793553738517096e-05    1.348661153433551429e-05    1.621746854672466441e-06    9.305009501320423573e-06
2.899998668198426230e+02    1.000326721444533273e+00    9.920854923311394138e-03    -3.604480468179900658e-05    6.159610868481263943e-04    2.281510816451332046e-05    1.362950839342052302e-05    6.788409641522249617e-07    2.564641797863443868e-17
2.900002255096645740e+02    9.991846724715404138e-01    -2.911363213630875613e-05    3.632087258107730924e-04    8.522538878441894984e-05    2.248470753557683957e-05    1.369178288731071308e-05    -8.964645203512619757e-07    1.552136482544217740e-09
2.900006322417003162e+02    1.001436007535499995e+00    3.306153195671479497e-03    2.543532343079352187e-04    1.182143404423211148e-03    2.565885041390288598e-05    1.421914652033206331e-05    -1.490761035526216451e-06    6.032211147384244129e-13
2.900001421427013497e+02    9.998135502365764760e-01    -1.868187568119237738e-02    5.848944876551789070e-04    6.287134323173815828e-04    2.127302428398395028e-05    1.337619134146961769e-05    -1.124797186829626602e-07    7.286325877979789874e-12
2.900002455079147694e+02    9.998667680986642603e-01    2.242335784399534290e-03    -1.821707249904812764e-04    3.734896575630976289e-04    2.273368617175083842e-05    1.331884210658506463e-05    -8.540361858098851208e-07    6.177700902437881338e-13
2.900002393690520535e+02    9.999815591797349690e-01    3.727369297747053917e-03    -1.474571921965942597e-04    7.947725990029802011e-26    2.318160827164460154e-05    1.386110528668293985e-05    -2.703282341181568201e-07    6.185089849044407562e-02
2.899998285524495714e+02    1.000361747354286512e+00    -1.466593096185977822e-02    -2.245388942271263853e-04    8.851784708708001700e-04    2.557197624364231824e-05    1.500260256202619780e-05    -5.070204948765702453e-07    1.332625017896925059e-15
2.900002534190975325e+02    9.981871642865840499e-01    3.022573403170456408e-03    3.602589804501639468e-04    1.654494719705213456e-19    2.371435165472075100e-05    1.444411166859777560e-05    -8.961351310719875791e-07    1.138578382706357563e-02
2.900005360935910517e+02    1.001540885185565166e+00    -1.511271192277944446e-04    -2.728174506662313977e-04    2.348967726879091621e-03    2.343257081972632740e-05    1.418388479750627632e-05    -7.685973005590503080e-07    3.913487011497190221e-02
2.900002147864790913e+02    1.001123899932405026e+00    -3.335762245391562901e-03    4.062483955458651087e-04    1.180738288905528810e-04    2.616684087631173647e-05    1.478123401396869786e-05    -2.791371139431867573e-07    7.323655423786318945e-11
2.900008833043972913e+02    1.000925086516349705e+00    6.233484557963765542e-03    9.743835318443849368e-05    5.633046947291874126e-04    2.155742971827932528e-05    1.322334272760270351e-05    -4.571558147966207005e-09    1.866609050069757691e-01
2.899997695112176643e+02    1.000460905306414627e+00    2.822018536608559159e-03    -4.365032635519618619e-04    1.038530380046621074e-14    2.481851448787569166e-05    1.486945758165612344e-05    2.096785326284475231e-07    1.036954739566868134e-08
2.900001017444591298e+02    1.002996492395834771e+00    4.520870870232391973e-03    8.740971337469971504e-05    5.512951820504379769e-22    2.489112238475600517e-05    1.441547896998271802e-05    8.776211975241540405e-07    1.836525843858429196e-10
2.899999113429450404e+02    1.001836821060973826e+00    2.687238996017784088e-03    2.365478277119305544e-04    1.489316018010418483e-04    2.206195000562059867e-05    1.382149805495962530e-05    4.664742514268162320e-07    2.088183342138167698e-14
2.900000589889056073e+02    1.002823967011473361e+00    -1.218708730893025777e-03    1.039179685665553163e-04    5.608631237111385332e-22    2.459349877003975853e-05    1.413645455223737546e-05    6.962351448636697398e-07    3.363019662727436546e-10
2.900001994619024686e+02    9.974745792143296930e-01    -5.155734063215736823e-03    1.811908552734873591e-04    3.987235273578315413e-16    2.615751627541657644e-05    1.419538429660509436e-05    2.019624097121216358e-07    1.104590154883869400e-09
2.900000034258123378e+02    1.000846636539957313e+00    -3.169334937491673047e-03    -2.326344272555513687e-04    1.382528572202361070e-18    2.509091500736731806e-05    1.378761997583807480e-05    4.740557900172325404e-07    5.196246906579847502e-02
2.899999196070895096e+02    9.976051923744143624e-01    -8.111866597018395353e-03    -3.916172292119764675e-04    3.578940178667564675e-35    2.522144165023923571e-05    1.458913655778949416e-05    7.090015959959728631e-07    7.878249455855492850e-09
2.900001573185124357e+02    1.003503259588586438e+00    7.646270558580881569e-04    -7.583740144660910856e-05    7.252963489353889083e-22    2.380292403130888668e-05    1.375886253297121023e-05    3.478652520006769772e-07    7.777038151581490422e-02
2.900007400655959486e+02    9.974920323986259385e-01    8.522238448746259241e-04    1.836906695337644992e-08    7.623320865024752185e-04    2.507873500252600136e-05    1.394060475318719150e-05    -8.689263356584802689e-08    1.356742170832893890e-01
2.899998118255325608e+02    9.991926978144660687e-01    -4.809870791400162578e-04    -1.304081444990423319e-04    2.345390395876405105e-25    2.401049972348232329e-05    1.444368930782164626e-05    8.188037917217170570e-07    5.185463699993389525e-09
2.900005233112621568e+02    1.003538604575374249e+00    4.078035754263143950e-03    5.024032085208816672e-04    1.625946184665306993e-03    2.394560156547318095e-05    1.421188620549646642e-05    -1.484471929914490612e-07    9.951659041255231375e-02
2.899998114074036266e+02    9.963217410765327076e-01    3.320767177888272873e-04    2.294903277496049623e-04    1.945544450413060161e-20    2.280359672932985070e-05    1.302662276045049988e-05    1.853322464458540300e-07    2.995875686425924037e-10
2.900005321316665459e+02    1.001826956109745259e+00    3.389163169657083245e-03    4.036454026210836103e-04    6.918088337113313585e-22    2.195820313628431554e-05    1.366284327678778695e-05    -1.318848413973537418e-07    9.316390305953373141e-02
2.899999952979167119e+02    1.001597670061251888e+00    -2.872428913831622140e-04    2.641258083111863047e-04    3.600204333003848202e-24    2.514732292189901050e-05    1.451977567857610814e-05    -1.741074491306266677e-08    1.052814432558328489e-09
2.900000270409303198e+02    9.995867344099179652e-01    -2.626941899696825546e-03    3.634991242791337342e-04    5.955250782717550184e-05    2.363290544407302036e-05    1.436990485679321511e-05    3.581948984689648598e-07    4.824045815582158475e-02
2.899996921557710721e+02    1.000530675896296184e+00    -1.074584682940743149e-02    -9.840788142929026848e-05    7.407061553677313135e-26    2.597513163161331177e-05    1.513103865556452606e-05    1.409438113658261951e-07    6.866764693177163490e-14
2.900002534984038221e+02    1.002680501712660766e+00    -3.174137836308263579e-03    -3.795805206297763184e-05    3.600526316018787841e-26    2.288222255268948198e-05    1.385397415851153368e-05    1.217644241495290732e-06    1.132627630749056119e-01
2.900005372834614832e+02    9.982140458615856859e-01    5.219229484668810870e-03    2.780249019620268562e-04    5.426034744648876681e-18    2.217361216022346830e-05    1.429773760300421871e-05    2.586181247176517813e-07    1.199405205395003560e-01
2.900009476237306103e+02    9.969309223710852708e-01    6.510571085673445488e-03    -4.656320878592980195e-04    1.204502590868849489e-04    2.483486977706865622e-05    1.458515303248911792e-05    1.020864385492106365e-06    2.298301697215091588e-01
2.899999718990835049e+02    1.000434518692807639e+00    -6.150367314969140513e-03    3.365048890038993068e-04    3.167446458302077063e-23    2.421021464753212322e-05    1.432308313539166936e-05    -2.806874119530995108e-07    6.104201196070260996e-09
2.899998165576428164e+02    9.974142685847079415e-01    1.154311319335783216e-02    -4.031073199198757757e-05    3.921551587812643837e-04    2.615125493026312190e-05    1.509681874092830812e-05    -2.758032196375050525e-07    1.878545234970278431e-11
2.900009356207791029e+02    1.000525534779619807e+00    1.804662280427078757e-03    -8.661849978345708160e-04    4.500479991487030870e-04    2.267214774015061443e-05    1.309781650785453177e-05    -1.301819133738644095e-06    6.385275641099025234e-02
2.900000492926674269e+02    1.002480743823100706e+00    -7.091158126628661082e-04    -2.360319030005424948e-04    1.613186227596638111e-03    2.178397941371214115e-05    1.408212463817096432e-05    -4.270384582316369974e-07    1.150911963555630480e-08
2.900006467454935546e+02    1.001597617827208797e+00    6.841716539307968366e-03    -1.070852256159030442e-04    1.413113979625821347e-03    2.352962054327061906e-05    1.425631956642468223e-05    6.171783584488295745e-07    6.725622354247286216e-02
2.899998819331386812e+02    1.003003040168899185e+00    6.171563128691899720e-03    3.816142534727360279e-04    1.994343235190226895e-20    2.389500427592918018e-05    1.359852184242225667e-05    -2.532948628133529800e-07    2.089648046530571572e-10
2.900000470616363373e+02    9.954420008080715476e-01    -6.661834158043893235e-03    -2.207461583858711404e-04    3.254193254123219141e-26    2.335791080693166598e-05    1.468656548522017115e-05    2.057674248660733430e-07    2.911598987190865129e-02
2.900001003234376071e+02    9.964134721999698963e-01    -1.368341195797704093e-02    8.920764559355432550e-05    3.935219056314852968e-26    2.456324039238380643e-05    1.446839884499296982e-05    -5.613678453284289468e-07    5.694376291956810461e-12
2.899998647685605420e+02    9.993091862968279671e-01    -2.243976342134767522e-03    1.389619788684968860e-05    1.796816223809972062e-28    2.416121565362581414e-05    1.423041814308096916e-05    2.048498186282544480e-08    6.101706452954127203e-10
2.900005012133299829e+02    1.002131366287059899e+00    -1.584438535754597449e-02    -3.036216988990546361e-04    1.440262177476476002e-25    2.285262815294529894e-05    1.343788848060316311e-05    -8.964848411248017046e-07    4.682191027859769483e-02
2.900001422373873083e+02    9.994366445375754138e-01    3.396062094792321601e-03    -1.005747290267418776e-04    2.173573538145295856e-26    2.657554897147044697e-05    1.493761998252449952e-05    2.873315504606394698e-07    1.051640046502895763e-10
2.900005758721313214e+02    9.999284563465939968e-01    3.361091824064979961e-03    -2.294323648633326299e-05    1.156883513339740117e-03    2.383481226538739642e-05    1.450543898491038765e-05    4.902430806259214321e-07    1.009475995974902507e-01
2.900001981115652825e+02    1.001941303783005388e+00    2.850496461293358218e-03    8.314821113045620625e-04    1.442655642345992576e-04    2.279654677950898183e-05    1.388626952884008213e-05    1.842903420610142697e-06    1.251003208450570947e-01
2.899999484878772478e+02    9.986252058642350882e-01    -2.749394116508812203e-04    -9.651770957381209954e-05    1.025982934391128426e-03    2.252445607814224584e-05    1.319660307120797096e-05    2.657641355737047690e-07    1.024763110768960733e-02
2.900005887874705763e+02    1.000372800179077482e+00    1.775413754036400042e-04    1.066340659259782818e-04    1.343180398220334191e-24    2.467284397609352067e-05    1.417486461458222268e-05    1.558939187195962314e-07    7.936006363018160981e-02
2.900003676019674117e+02    9.985838084927805003e-01    4.063084192504995244e-03    -1.389120613763069375e-04    1.027071785395728934e-22    2.379994626126905892e-05    1.420399245893719562e-05    -3.469940136770936908e-07    7.665423328598253150e-02
2.899999283738033000e+02    9.962922295057115019e-01    9.250398934867608194e-04    1.159658520227383784e-04    5.735127323144640458e-22    2.234583195213113199e-05    1.432046094138418961e-05    4.496238412126982669e-07    1.596772547205452600e-02
2.899999715700166121e+02    1.000322291465214786e+00    1.376864580144194833e-03    2.483785894990585622e-04    3.124601240485768306e-04    2.366396633663276304e-05    1.440717792131090487e-05    6.869609079886046706e-07    5.063264656836460181e-02
2.900004870006391116e+02    1.001176599470585016e+00    5.516190210316872233e-03    1.726270094578057535e-04    1.861361751615972861e-22    2.572547764830733217e-05    1.425852514052644630e-05    -9.430021089014774033e-07    3.131801370319598996e-09
2.900000232016555515e+02    1.001384703838667622e+00    2.224970749612523689e-03    2.042676270470804116e-04    5.394523768022921205e-22    2.632469577366109179e-05    1.499539631838778525e-05    -6.677494401378140214e-07    1.709866158626265864e-09
2.900000082064638605e+02    9.972905687215339876e-01    -6.393627465916889088e-03    4.550596272242575800e-05    2.811862392044281746e-26    2.226900597332032511e-05    1.336728729080589358e-05    1.180064362857928452e-07    3.896887574953165266e-10
2.900001924817308350e+02    9.969685720188696809e-01    -1.525536379071495627e-02    -3.430140839599336703e-04    1.339386437930012485e-03    2.474751062069871727e-05    1.457140895116495619e-05    4.324328063231140348e-07    8.617428503275942342e-02
2.899999512737065857e+02    9.969434434542727708e-01    -9.490454108763516153e-03    8.139654279602287465e-07    2.286089237057945256e-25    2.394617203486763146e-05    1.347663687501113075e-05    5.126458238912134081e-07    1.169262242177766635e-02
2.900002166730286035e+02    1.000554651235034065e+00    9.543400003641485177e-03    -8.529222661918155961e-05    4.287680224468893978e-04    2.280365755370462676e-05    1.321406608806592548e-05    -8.370298737767963805e-07    9.070940426408659465e-13
2.899997525179857689e+02    9.989695303069487942e-01    -1.196710826006291278e-03    -1.768143828723072548e-04    8.869357351899213221e-23    2.438071133516020561e-05    1.472121262171690128e-05    1.109017033590099212e-06    2.404443500150408216e-10
2.900001357586889412e+02    9.991643853565160827e-01    -4.874576947913024047e-04    2.723321021491464759e-04    2.398923688970239709e-04    2.381156640083201769e-05    1.465438055678412298e-05    3.959897113536049134e-07    4.512581435262928709e-02
2.900003714720032235e+02    9.994122754363358174e-01    2.896209971220177481e-03    4.985436907677378779e-04    7.982293181100390874e-04    2.122107086937083620e-05    1.301598612711263394e-05    -8.914915797591230584e-08    9.662276418672020861e-02
2.900002319086711964e+02    9.969441538522400004e-01    -1.761360785421063960e-02    1.544089487131425538e-04    8.931460358442899030e-35    2.205053563167868369e-05    1.332108235910090480e-05    -7.718727169822531758e-07    1.360083682642859899e-02
2.900009424918929994e+02    9.976870951342977634e-01    7.547166901938911912e-04    2.720010003402371294e-04    8.397176030778469457e-23    2.465226277460205929e-05    1.426290636733438592e-05    -2.442629206040492073e-07    1.162784051010058578e-01
2.900000980748100119e+02    9.980016251283916340e-01    -4.630708976846853279e-03    -2.062042495670273964e-04    4.552408433963668784e-29    2.434584683286033344e-05    1.403812282700620389e-05    -2.489466711328477045e-07    1.614590629553214542e-10
2.900001084122927182e+02    1.000991810679445315e+00    4.259502665514441379e-03    -6.922897253979181775e-05    5.988248752554082687e-04    2.071978297941214040e-05    1.206583884396956742e-05    8.851098205326857044e-08    3.079832706997884843e-10
2.899999114526141284e+02    9.994253299805245794e-01    2.100354799590374837e-03    4.336785507727498943e-04    8.034507413405468939e-25    2.250011018650839706e-05    1.359865592748327023e-05    3.295800919278893655e-07    4.431036812766487454e-09
2.900000970497563912e+02    1.001876028387410633e+00    1.166175504381182330e-02    -1.842419682090405296e-04    1.537398753666128823e-20    2.293420950514753854e-05    1.409359196704480235e-05    -5.740495708259472900e-07    5.381078172631460991e-10
2.900000277268301261e+02    1.003000476767321736e+00    2.131671512916439703e-03    -4.534070730787110150e-04    1.189554218087791732e-25    2.562952865257554720e-05    1.577508370650808163e-05    -2.915496068125040067e-07    2.377071121744338176e-10
2.899997214435752539e+02    1.000672006639147904e+00    -2.085371858415685682e-03    2.334917478197433359e-04    3.097092562865431861e-19    2.541720943468279967e-05    1.440576744378802011e-05    9.885307933264957743e-07    1.557847884827381985e-08
2.900002714342127774e+02    9.940306787801882482e-01    4.977421257999636514e-03    -4.863404484601876955e-04    4.648166589924226997e-04    2.379043151210704640e-05    1.413946731912460493e-05    -3.703661766163486054e-07    1.591905621435626202e-11
2.900004811845233235e+02    9.987669364384782478e-01    -4.333046343977121212e-03    -3.291865101924062553e-04    2.759544855309649780e-18    2.385980636601372218e-05    1.441020038702016651e-05    -4.529364681259798228e-07    4.800205681675152880e-02
2.900008905398960906e+02    1.001471365254287926e+00    -2.154391560529898483e-02    -4.728574991776062354e-04    1.050584257977789386e-25    2.221477461633847408e-05    1.292673256975780833e-05    -1.664311562411466696e-06    1.220749096182455057e-01
2.900008036165261842e+02    9.942008505926731576e-01    -9.117636903479607244e-03    -3.192385384668580792e-04    1.042577137324188306e-03    2.208791893702102111e-05    1.292284099535891488e-05    3.609261727578153117e-07    2.351530370480218179e-01
2.899999717959910299e+02    1.001312379369302175e+00    7.933779578962367809e-04    -3.114630296819178692e-06    1.728956057306186732e-03    2.270081995131700763e-05    1.372907596365332808e-05    8.290360233330101995e-07    3.698271063712377932e-02
2.900002667278866397e+02    9.986295229964274878e-01    4.373467985262121695e-03    -9.728757081412664357e-05    4.030708620611156526e-28    2.329102356237438347e-05    1.412922088291733532e-05    -6.144324606392504781e-07    2.340911390875478989e-10
2.900008114612851955e+02    1.002348391248303772e+00    -7.257590975290985520e-03    -3.054337993555528879e-05    7.402671280510373098e-22    2.334804200485492414e-05    1.434787448979389559e-05    -1.925637219027642762e-06    8.958357551111001404e-02
2.899999666524270765e+02    9.981362809561182825e-01    -3.845185588455460671e-03    -4.328741937535306920e-05    1.244186354959303693e-03    2.159254978777022042e-05    1.325302684128626353e-05    3.260733848566973294e-07    4.957575351789330552e-11
2.900004734701211078e+02    9.981877908826488621e-01    2.200408364247069190e-03    6.063754092852842097e-06    1.469303474677058980e-23    2.619406871031322332e-05    1.468736246139537578e-05    3.942974297029586463e-07    9.956382933412542824e-02
2.899998093779570354e+02    1.000691742902137582e+00    1.493748597706046153e-03    3.698913839477620518e-04    9.699837357669899773e-04    2.459738738164490466e-05    1.413039124482604713e-05    5.920213784310432605e-07    2.269571291243185261e-13
2.899998454859266985e+02    1.002455947608528186e+00    -2.301076138210551934e-03    -1.600562873266066807e-04    1.732002507233514041e-25    2.419921323777938631e-05    1.443203595704853154e-05    9.256464989473467241e-07    5.716534281936294101e-10
2.900000541102744478e+02    1.000346914291784461e+00    -7.423719836321602747e-03    1.783475438160235426e-05    1.420508645554083607e-26    2.622219598743047168e-05    1.412020788873652115e-05    -2.648770519978680446e-07    7.790773254017601112e-10
