# f_r [MHz] A m phi D delta_r delta_ere delta_eim a
2.900001388238291611e+02    9.990276137843314697e-01    -2.508287746007110790e-03    -4.165766661647993664e-04    6.281022798024331333e-04    2.942009792279105048e-05    2.047468051876956806e-05    -1.337414185385286909e-06    5.012597361888381855e-10
2.900000244125406539e+02    9.998256253512750602e-01    1.392222961016002097e-02    1.202109344222350391e-04    4.234467027085200074e-17    3.040848968012835275e-05    2.067064267687746868e-05    4.619225948715749686e-07    2.665889104701312136e-03
2.900003369456044879e+02    1.000159034956974002e+00    2.913866380756049718e-03    -2.498808095389148660e-04    9.398714901817138668e-20    3.018153205686474020e-05    2.086891222776808333e-05    -4.938508966803990402e-08    2.411906581501176323e-03
2.900001470875320706e+02    9.973521501811172252e-01    -2.061458788068968543e-03    -5.544231627965944025e-05    1.050595636823736120e-15    2.859879831630238645e-05    2.002004664207469493e-05    -3.594433952584054726e-09    1.851940010767578486e-10
2.900004266655477068e+02    9.981182419236177550e-01    -5.545939663633100460e-03    -2.493062163575611814e-04    3.573594046868809864e-03    2.867990812300093891e-05    1.894155324662592099e-05    7.097327852908775538e-07    8.994916202848046716e-02
2.899996086532152617e+02    1.002481863927242145e+00    -2.962631100175205662e-03    3.830957910594722849e-04    3.410173848182275133e-04    2.761184412294472065e-05    1.977838598423991383e-05    1.162144478913848223e-06    1.917587815982507843e-09
2.900002472803684554e+02    9.990777634186553957e-01    -2.378045286427461682e-03    -1.957314098760268501e-04    3.157558814240574052e-18    2.988305668778579451e-05    1.998001532761923819e-05    -3.425068070794681273e-07    2.605249938607469978e-02
2.899999497460750604e+02    1.001614174417650993e+00    1.062084992645572629e-02    1.399488074883266202e-04    7.169971890544456412e-21    3.052221276247306207e-05    2.042969980871334190e-05    5.809577812781514118e-07    1.068120091615607582e-08
2.899998083845125620e+02    1.000048999560337215e+00    2.595899858244272562e-03    3.436285340832151100e-04    3.176304395994566727e-13    2.891998151154276224e-05    1.895613959833743626e-05    1.375496106245515740e-06    7.177142241026887755e-03
2.899997845952651119e+02    9.985088092327252252e-01    8.297510766298019091e-03    -3.155133475833607612e-04    1.162588587547783752e-20    3.158569223358019377e-05    1.990017474074035669e-05    8.405913063828382038e-07    8.647674984293462000e-03
2.899998539572192158e+02    1.001668351067923179e+00    4.444435231471537302e-03    4.323524032825886354e-04    6.380033355790562137e-22    2.835560424025233129e-05    1.936391404699017022e-05    -1.933551997269870511e-07    6.923943557947738632e-08
2.900001342768431982e+02    1.000211778232109605e+00    -7.119492255501664799e-03    1.533309836055632067e-04    2.176788202280277262e-30    2.907303710190335466e-05    1.953876126239974820e-05    -3.269351694569300043e-07    2.553880212699432398e-08
2.900004916690929235e+02    9.989029413245404943e-01    -5.866086111728915573e-03    2.806025370231058629e-05    6.498278669711134037e-24    2.844046663078721816e-05    1.900868258684356598e-05    6.627778513128099519e-07    8.446024972914276119e-02
2.899998652379335908e+02    1.004178776091461556e+00    5.689909617898899520e-03    2.391928607930139585e-04    2.306649656048790991e-23    2.736907577082237436e-05    1.939326826911594217e-05    4.512928119116678006e-07    1.074246741900083955e-09
2.899997203645917239e+02    1.001094852066860774e+00    -1.289408899014723477e-03    6.271941721243766811e-04    2.199143974232631391e-03    2.858936377026779105e-05    1.888321050676870579e-05    1.211249400073404025e-07    8.302623948248593982e-10
2.899998390551693319e+02    9.990809987198382425e-01    -6.975584358745190623e-03    -2.407910877190804454e-04    1.783081817025720843e-25    2.644717423580248203e-05    1.868545374351632301e-05    3.800242516733725577e-07    2.679844600434602286e-10
2.900000593037437397e+02    9.966244808446725889e-01    1.317742156807108142e-02    2.667770839877341908e-04    3.738058681243271499e-29    2.958778006523879285e-05    2.039109353620464205e-05    -6.196887594764472552e-08    1.796907554832405306e-08
2.900003679870447968e+02    1.001120029562015068e+00    -5.927247159512449327e-03    -4.658940919098037781e-04    9.428744104995559010e-18    2.849886865196433759e-05    1.960589067873370168e-05    -3.773336176335098076e-07    6.775091512734000843e-02
2.899998238724924136e+02    9.971693832182960682e-01    1.514679053782051581e-02    -6.580430999023443195e-05    7.186667207869756446e-04    3.002459797780631886e-05    1.977733774062633305e-05    4.947787262782281134e-07    8.983753392556853868e-15
2.899999306525706402e+02    1.001060497350962919e+00    -5.991837924475246213e-03    6.636360438334408987e-06    4.835042106868114837e-31    3.382297537690498527e-05    2.256027174169476321e-05    8.935365714374946562e-08    5.045367868755568129e-10
2.900004628355879959e+02    9.986662659473786174e-01    6.622949556143733867e-03    -9.791510966899228503e-05    1.705929520895013079e-23    2.804752949158053596e-05    1.914725858732005252e-05    7.487900579007538598e-07    1.282942235115321905e-01
2.900001773651457029e+02    9.990178360793696699e-01    6.230373634518996577e-04    3.243944326187649064e-04    4.912458255718658786e-32    3.059368249656406198e-05    2.013758225907427571e-05    -5.040651538580768606e-07    4.335507561649480646e-02
2.900002281260183281e+02    9.969976373487964283e-01    -5.660681048235670539e-03    1.049952804123576475e-04    7.938507628225915717e-25    2.764179529971289107e-05    1.875445197772991491e-05    -2.518546519313998696e-07    2.939790963725102610e-02
2.900002079645933577e+02    1.003094647058069055e+00    1.416789959266473095e-02    -6.884534976039187936e-04    9.932813078153981089e-04    3.165745442966823054e-05    2.094558762506282289e-05    3.678871835749550519e-07    1.309849195300318481e-14
2.899999782666182568e+02    9.990809391582851084e-01    4.107284321863038067e-03    -4.634628231753677084e-08    3.032516762617091079e-04    2.966776060744017579e-05    2.054989237786076690e-05    2.038863261524730457e-07    6.984512178695740509e-03
2.899999494942583738e+02    9.972501954233353727e-01    -4.742784596690634616e-04    -2.295566409098135383e-04    1.787951479525044538e-24    2.825968512320079526e-05    1.943384893279031839e-05    -4.229875888043328549e-08    1.852269383473777226e-10
2.900000797793004494e+02    1.001415573705702222e+00    -6.952208086092130472e-03    3.619493682620654007e-04    9.154060031277473192e-22    3.065030274666471913e-05    2.072683242780843738e-05    -7.465306651360681456e-07    1.312795027679373167e-08
2.899997544593560406e+02    1.002068421840029755e+00    -2.580784130670367785e-03    2.992036817567640542e-04    1.269757315507297398e-27    3.058570167316513385e-05    2.093181749361008808e-05    2.870086968348390163e-07    3.880993132750875919e-10
2.900000802604923820e+02    9.990038678613077927e-01    -3.447883409591752553e-03    -5.559229513582039477e-04    1.953573065018181815e-19    3.167900994357813940e-05    1.979855444277570702e-05    5.376529135516623204e-07    3.606371663439465747e-02
2.900001268527488492e+02    9.982855502959696592e-01    7.210951877367043766e-04    -3.104289042971342073e-04    4.410172082787801643e-04    3.063764388011368061e-05    2.045799466877085861e-05    1.368923215329231135e-09    5.587476309418829695e-02
2.900006036228269295e+02    9.983136232774734165e-01    -3.372273788618385289e-03    -1.305718216263124037e-04    2.812041149062059791e-20    3.051131396322506040e-05    2.102207436256863676e-05    1.075995846899573255e-06    9.910971857601083568e-02
2.900008010257335513e+02    9.964256353352313189e-01    -1.020358068769808453e-02    -9.229273294488223977e-05    8.290306594928626283e-19    3.121595491953016666e-05    1.974194556567393990e-05    -1.409235495896912390e-07    8.993144564578343936e-02
2.900006523891929646e+02    9.977602882103404625e-01    6.670971243308429326e-03    1.936259936682196774e-04    6.356721703490908071e-21    2.950221153835950146e-05    1.944583790366534711e-05    -1.651279448527930658e-07    1.254699383679755975e-01
2.900005755974821113e+02    1.001945609923891256e+00    -2.320738045431453012e-03    2.843560508682724708e-04    1.412569921586721146e-19    3.061101445378104939e-05    1.975336137581200455e-05    -1.088245325912761224e-06    2.106033459504352140e-02
2.900004212010917968e+02    9.965762352093364695e-01    4.458638483661911097e-05    1.109776048954468877e-04    1.862553013969870373e-04    2.961415806041323609e-05    1.892164253270991011e-05    1.665807195484468595e-07    8.768048846604220570e-02
2.900008299013581450e+02    9.991238041045851226e-01    7.679730031276917751e-03    2.169439697351885268e-06    2.146552118288756929e-15    2.902492224795527576e-05    1.972644350930359344e-05    -2.850329816525177263e-07    1.306935054189123646e-01
2.900002927514266844e+02    1.000138015552656467e+00    7.573281670891304600e-03    -4.792984140157195933e-05    1.974861683164259548e-04    2.976097418960337590e-05    2.015841049973824179e-05    7.347928305980195274e-07    9.395085743206170459e-02
2.899999943779308182e+02    1.002820973221365541e+00    -2.893618049110075093e-03    -3.229551485858476057e-04    1.100333690960207910e-04    3.164542159317334884e-05    2.007126414022234059e-05    -4.146030364417379739e-07    2.449650087337222788e-10
2.900002998554994065e+02    9.999597897976665317e-01    -2.531117772255032320e-03    -3.058537422116906269e-04    8.411648673327603394e-04    2.878530572047650847e-05    1.966145733028723706e-05    -9.980725840085163798e-07    2.246326176381973141e-03
2.900003300704732396e+02    9.987852371485620440e-01    -3.959810800152632759e-03    2.035009355101015952e-05    1.270122478419272221e-29    2.824615946543260566e-05    1.978059468998806698e-05    -5.841865030147960896e-07    6.035148967431244324e-11
2.900002070761613595e+02    1.000485809188424557e+00    -6.982386737882678718e-03    2.439889378623910426e-04    3.863188639002236721e-25    2.889561551716843696e-05    1.897878354089228430e-05    5.865495822475563774e-08    3.066568314978666485e-02
2.900005051297061414e+02    1.000819956142547706e+00    -6.568105554197054214e-04    3.291474051048683634e-05    2.772517091801345011e-19    2.807471487009478706e-05    1.930470632472104577e-05    7.124314612569127560e-07    1.316107872500971443e-01
2.899997512856559752e+02    9.971850603690169956e-01    7.288166471939063785e-03    4.779360936117686047e-04    2.462797442836981679e-04    2.938198890300789111e-05    2.013489962693765979e-05    9.311835711705318605e-07    1.578101007869344777e-10
2.900001813274560050e+02    9.992860199713146097e-01    -3.423590129819414993e-03    -1.087637332293770918e-04    3.546090963555410910e-22    2.624151343433449887e-05    1.856440503606982572e-05    -2.054336699803933106e-07    2.866470398205843081e-02
2.900006979389014532e+02    9.966688561628170850e-01    7.700063159654445960e-03    -1.153210307821575330e-04    1.447416701482908525e-04    3.154330146934364906e-05    2.033106451385810489e-05    -3.820279263602664399e-07    6.545008754967397702e-02
2.899998666306434529e+02    9.998027616307378906e-01    -6.940700910475794752e-03    1.924341410081071896e-04    2.283989372572917337e-04    2.727303038033786461e-05    1.856876852632896341e-05    2.465442338306721209e-07    3.286066393898161691e-09
2.900008954687628489e+02    1.003505389090403765e+00    9.734447519121470008e-03    3.323988954277571945e-04    2.002305373813405709e-12    3.138733786642842089e-05    2.001241749367699347e-05    -7.036090074857255211e-07    1.043693577437741354e-01
2.900015393094000160e+02    1.000809380417128303e+00    3.994494502181282145e-03    -1.516371283180552765e-04    2.131995529339301802e-03    3.009167490695634811e-05    2.008664807553272623e-05    2.798703731674662559e-07    2.493039227052149809e-01
2.899997377252868773e+02    1.000542583946061548e+00    5.118871481140958336e-03    5.723333357331869759e-04    1.281505299504218792e-03    2.846511259912349240e-05    1.891495226479712218e-05    1.154020611504970973e-06    4.948568802569212888e-03
2.900000941636188259e+02    1.000312791044696059e+00    -2.103993907788317616e-02    -3.403139937814585116e-04    1.730654470945395968e-17    2.867773030316143030e-05    1.962824574358460942e-05    -1.574645827268922834e-06    5.343254761170512443e-03
2.900003598175249522e+02    1.002272363608159855e+00    4.117301731187621161e-03    -4.432862586523822652e-04    3.854279413729143517e-26    2.750005571142066313e-05    1.924572174759725440e-05    -5.358634958868735864e-08    5.590672799630777567e-02
2.900000741342948913e+02    9.968190160709003989e-01    -4.231184865583094597e-03    -3.497142907582104156e-04    1.766297791663325070e-04    2.968515881041072232e-05    1.995471484983021480e-05    1.314941609276889308e-07    4.191203651862748378e-15
2.900000123903519693e+02    9.982148309453989787e-01    -1.311411833216050718e-05    2.090373726420366376e-04    2.828600350843702088e-04    2.794064035931656434e-05    1.910348681251734671e-05    -6.243180766141772143e-08    4.054534879903036113e-10
2.900004299981078475e+02    9.995692238323969914e-01    1.385122841989626591e-03    -3.849113827465266806e-05    7.795993477354528061e-04    2.686307915381800471e-05    1.825405232237020328e-05    4.608383064298776235e-07    8.915138869427581547e-02
2.900006776881201063e+02    1.001057207070846555e+00    7.149101932722204747e-03    -7.603850237211097170e-05    2.175437911978590439e-21    2.872651080529175062e-05    2.062483322838384666e-05    1.116540406608339124e-06    1.289923550065221747e-01
2.900005027062095451e+02    1.000729418203324173e+00    -8.297455521071080836e-03    -8.635552821891226362e-05    3.357108008956259310e-31    3.146555526236988789e-05    2.014378509210312104e-05    -1.298414023861632698e-06    4.641948006383024225e-03
2.900001759462976452e+02    1.001668269421574609e+00    -6.369042881932788190e-03    -1.616507770544126218e-04    3.277427610098029822e-09    3.137471915637287501e-05    2.095683872944148376e-05    -4.701117988280640973e-07    1.122933914419445495e-08
2.899996290856220753e+02    9.989883437306135150e-01    5.373319628723817465e-03    -2.961544882107223619e-04    1.551735993853061585e-04    2.865032357036082471e-05    1.972393891267619135e-05    3.908779143457266290e-07    1.210257985142014850e-10
2.900000560258791893e+02    1.000649854667269523e+00    -3.685881637750978122e-03    -2.549538643219413669e-04    8.065415172268030827e-04    3.042290952771197277e-05    2.020343682632518267e-05    -2.415187814970807358e-07    3.813156929969611225e-02
2.899998276181188999e+02    9.994192204752175845e-01    3.470520254082441660e-03    -2.217966205205749617e-04    1.529624565327609880e-21    2.787540347223150242e-05    1.893311230092042770e-05    -1.472959558544694132e-07    3.728825438455719753e-10
2.900001567067711790e+02    9.997333878032464982e-01    5.880784852915589729e-03    -3.901795886668786898e-04    6.665625066300648240e-04    3.131949646409891273e-05    2.023530846845978203e-05    -5.373409019421111833e-07    1.524582658928344898e-11
2.900000735840172297e+02    9.971278969686859783e-01    6.755636392112392662e-03    -7.301072201003354128e-05    7.231971096180163655e-27    3.180192886562639227e-05    1.982917205190952298e-05    -1.521544717921752704e-07    2.079346770178967189e-03
2.899995774783426441e+02    1.001884180778802147e+00    7.162408535165949199e-03    -2.217170547871229500e-05    4.588110776359350567e-04    3.000061509970930305e-05    2.013170749462128275e-05    1.788032686363838827e-06    4.030398235068614792e-10
2.899998717842327665e+02    9.986296175229338878e-01    -1.040447564752592681e-03    -2.369156039373082080e-04    3.113114021068648491e-25    2.911559463035732145e-05    1.973930928723552383e-05    1.771676083703665287e-07    1.398291171991330802e-10
2.899999335603973236e+02    9.987739332590128694e-01    5.843803950119963236e-05    8.716553284589377169e-04    8.608795225828703661e-22    2.888610037292384057e-05    1.890874115839660403e-05    -2.522406235938352887e-07    5.315811129905635007e-03
2.899998421809848423e+02    1.000682700345850495e+00    9.342099853968976672e-03    3.378814756115775734e-04    4.356260161284898497e-23    2.971231330480753250e-05    1.869511451520023963e-05    5.832442266352593619e-07    6.249496871440557086e-03
2.899999558111463784e+02    1.002567945417950579e+00    9.217268395738458311e-03    -2.084244192406356109e-04    1.465088124050346380e-31    3.098978043577525413e-05    2.046620125641220448e-05    5.308677139196359037e-07    4.013898751605941839e-02
2.900003424634636531e+02    1.000597026942374290e+00    4.974140788347868047e-03    4.817188646594245294e-04    1.715468131568319548e-03    2.980381002368166378e-05    1.978039242805994073e-05    8.466796179557805913e-07    9.214450288461854821e-02
2.900001198090012053e+02    1.002095532754296858e+00    7.047011653585091157e-03    -7.127083187964753774e-05    6.492463573041103673e-25    3.274838373505778005e-05    2.054387665150925828e-05    2.185036613988103458e-07    3.999341309486278870e-09
2.900000574500597850e+02    9.975773513750355592e-01    -9.558431057163159668e-04    1.327861033820067844e-04    1.108962446717181948e-19    2.933687445653090665e-05    1.881600586820485538e-05    -3.284736714713310647e-07    1.237935512861432830e-09
2.899999222315809675e+02    9.991198850785729668e-01    -4.200122592965903519e-03    2.613810371931972628e-05    9.675656251895810777e-04    2.993149187117696584e-05    1.996795321129388726e-05    3.860421911551675832e-07    2.700346591865855586e-13
2.899999206124757052e+02    9.985580581307401671e-01    7.331977182028247449e-03    -2.566079425474475395e-04    1.631829237302251770e-28    3.097643208707049901e-05    2.041193655860188300e-05    -5.875711102891460418e-07    1.397031381875833487e-11
2.899999727976438635e+02    1.002419471668863471e+00    1.611453038174346167e-03    2.328994675012112533e-04    1.155446916572099763e-03    3.213169743583019254e-05    2.051774394788030985e-05    -1.554280081194526564e-06    1.490621887626357577e-11
2.900014889085301206e+02    9.996775981225900498e-01    -6.818148935554313277e-03    -5.834957016094222219e-05    1.057845908705521625e-20    3.301470425059084020e-05    2.034136995399345564e-05    -1.060375746765680882e-06    1.517848943146780094e-01
2.900000102558598201e+02    1.001200738390828127e+00    -3.817879153050037205e-03    5.100607313946106799e-04    3.435012278425397737e-04    2.920066263547726906e-05    2.022181546391165898e-05    7.522788967831888737e-07    4.765647156489385972e-02
2.899998772781506773e+02    1.000184603228851499e+00    -5.420107647767463763e-04    2.371712824473837559e-04    1.691613183746249613e-21    2.644109338696425503e-05    1.871233506404886671e-05    2.317017070573306459e-07    7.818019069335563088e-09
2.900001163472181247e+02    9.969622573712616509e-01    -6.263499411052756566e-03    3.206813775961543916e-04    1.727628187001716345e-03    2.838376542412579369e-05    1.980213907252260998e-05    3.921503960019431281e-07    3.250006783222606291e-03
2.900002276257471294e+02    9.993229956224659594e-01    -1.470552858458659381e-03    -2.118326788231473113e-04    6.047953775024874799e-04    2.868766277597497300e-05    1.934207199626766360e-05    -1.978318172621225963e-07    2.142275253187635931e-14
2.900002578188715461e+02    9.979234778345122958e-01    1.924194976021884398e-02    -1.090830741423826620e-04    2.115917717982747269e-21    2.802892932529233884e-05    1.947834321188945963e-05    3.405884117551721323e-07    8.250202814520367356e-02
2.900003749315807227e+02    9.997518569600154503e-01    9.507476212960246607e-04    -6.661338490302947323e-05    2.500094230705939845e-29    2.865211008344655568e-05    1.915169268784099212e-05    -4.489246694854196218e-07    1.047489163994918864e-12
2.900000830204595559e+02    9.953011379451452978e-01    1.131820538803148500e-02    -2.838740605588753376e-04    8.491750759082297270e-25    2.913093562634104205e-05    1.954775282033961343e-05    -1.725167851806306196e-07    1.284593961876540146e-11
2.899997129614312144e+02    1.002695983605381702e+00    3.976732117288745848e-04    4.042595459912698484e-04    1.262397506577297267e-21    3.090653796583605457e-05    2.070955165078166958e-05    6.974963750146732292e-07    1.909968610723763167e-09
2.899999474071718737e+02    9.968793858201296931e-01    -5.332542465784326918e-03    3.691251833572086892e-04    2.788009539057763715e-32    2.850431257491226641e-05    1.953068650971968845e-05    -1.535827335131520847e-07    4.169179089089234595e-09
2.900002588387087599e+02    1.002812321634338755e+00    3.502728794581098926e-03    -8.568204196662987545e-05    1.548586990710761445e-31    3.156254628758845546e-05    1.974720865544149915e-05    -7.877822005400565775e-07    3.817861381059850512e-02
2.900000808389439726e+02    1.001815110029537159e+00    6.897277002749691369e-03    -2.396503093226985020e-04    1.150487090039524046e-04    3.026055856283429256e-05    2.027587897706497970e-05    3.541832029868927320e-07    5.406980777079351853e-11
2.899995672040004138e+02    1.003511576850942832e+00    -6.100085812131978737e-03    2.803512644860455590e-04    1.063219275718802186e-03    2.876784612069705358e-05    1.912944233537616491e-05    1.109637440985790503e-06    1.047843812491165450e-12
2.900000167188023852e+02    1.001934973705245202e+00    -6.434568665208392811e-04    3.771959385870106126e-04    1.876667370901148168e-03    3.164194440022747191e-05    2.050085182338033297e-05    2.242871676110065536e-07    1.887712730046967987e-12
2.900014623065184765e+02    1.001777821161647486e+00    -6.651196108909053495e-03    1.863434209773608553e-04    8.253921808914642856e-16    3.181452171797047865e-05    1.974011107040050071e-05    -1.296654698256293326e-06    1.530614252701351374e-01
2.900000263358340362e+02    9.990114670952958686e-01    -5.513354244768172568e-03    -5.349844232907995057e-04    2.165900854525675289e-25    2.851521948119690975e-05    1.987196657859453429e-05    -5.959862086759291295e-08    1.974125125534721584e-09
2.900007297652294938e+02    9.988093641735916739e-01    -2.921544300593628858e-03    -5.451515399731448908e-05    2.129344337178721421e-21    3.020136945278770671e-05    2.009005558636741724e-05    -8.938360258549961642e-07    5.795861497860047701e-02
2.900003952860130880e+02    1.002181330632078593e+00    1.149124692096504901e-04    -2.136422567813220342e-04    9.238735093181584175e-05    3.143367646525253601e-05    2.026063633737559011e-05    -3.681786434206145450e-07    4.662596960600144051e-09
2.900001739202944577e+02    1.001849499520145015e+00    1.168090824511708835e-02    6.420339620706906614e-04    5.023827373418081817e-32    2.953741219413508849e-05    1.947486634733345875e-05    9.690941345321459793e-07    6.653833988154979340e-02
2.900002193927823555e+02    9.984719895073875806e-01    9.812687844266750753e-03    1.726287456982954314e-04    3.390456092089842288e-03    2.717449455063010734e-05    1.880879399350699998e-05    3.210923859686341564e-07    5.145390563212128010e-02
2.899998339614000997e+02    1.003400758022813699e+00    -9.230244316487322756e-03    -1.575704741227003261e-04    4.297146342304219697e-22    2.777020926608382497e-05    1.950650449890408436e-05    -2.592169946070732406e-07    1.322949660352790713e-08
2.899999684395313011e+02    9.966666483762205431e-01    -5.330959267231671385e-03    -2.078158267703153516e-04    2.061282808840735567e-31    2.905699004327142937e-05    1.916740790871966456e-05    -4.175340575173624370e-07    9.827436317809613202e-10
2.900002255997970337e+02    9.993479736340781239e-01    2.988940614773032221e-03    -1.300240232161760932e-04    7.150083934103163865e-28    3.054345256455428159e-05    1.999128748563998141e-05    -5.270419124815538879e-07    2.024279081736163184e-10
2.900000565095738807e+02    9.998658960976318788e-01    2.053766649990620193e-03    3.047552882910919319e-04    6.452880897891515293e-04    2.896797398759455198e-05    1.995293941115453600e-05    7.967809300661461831e-07    3.220416805257652476e-02
2.899998767107165349e+02    9.977913305439006786e-01    -3.890942798542241978e-03    2.193946215410548235e-04    5.267691709404595157e-27    2.970445992909121334e-05    1.963536602581743420e-05    9.532113166503093397e-07    6.334943334804946785e-03
2.900000249963741226e+02    9.970985897360205019e-01    1.337890558727591189e-02    6.290806533771403294e-04    1.680220591104995639e-20    2.811929435506285940e-05    1.945960863975700997e-05    -4.213475331793697041e-07    7.163674841192449083e-10
2.900000531853706889e+02    1.001189241079605940e+00    -9.183070781437389181e-04    -2.605335315312158184e-04    2.287966409864952361e-24    2.885626221677612053e-05    1.933244994535071313e-05    -6.925910405053339773e-07    3.441196459253833059e-11
2.900002192855371277e+02    9.989004433212029799e-01    -1.348702400809899740e-02    4.577711979923988349e-04    5.996699923799073345e-25    3.004735070184239574e-05    1.997840551834148209e-05    -5.831835592875300501e-07    2.180788164227171616e-02
