# f_r [MHz] A m phi D delta_r delta_ere delta_eim a
2.899996349199636256e+02    1.003056610506826596e+00    6.871544533441153492e-03    3.177062371216151054e-04    1.995451289835089334e-04    2.103825928546032792e-05    1.008888076199056275e-05    7.271025266319535973e-08    6.053190791377690263e-16
2.900005240771409376e+02    9.979396041735696388e-01    -6.190518200553839917e-03    -1.890070026190675755e-04    7.641046424087647891e-04    2.167255441755723837e-05    1.041014675081575715e-05    -5.727633787426369568e-07    4.676243354307427907e-02
2.900004360787830251e+02    9.995240728340222258e-01    -1.605767233190739203e-03    1.874618185629899189e-04    1.838449695586558913e-20    1.956287766632707628e-05    1.080494858783826515e-05    -5.307208367910712196e-07    1.230460617082877445e-10
2.899998583647318924e+02    1.001432594424234823e+00    1.093542378117024969e-02    3.414164724624198666e-04    1.048942018400472742e-03    2.255873944758396754e-05    1.046808799093670625e-05    7.976680662725618558e-07    6.611648878938111012e-10
2.900005636772513071e+02    1.000398624970682215e+00    3.117898847997995550e-05    3.936088921147603366e-05    1.954581969722721333e-03    2.081144829317431861e-05    1.069474448871948237e-05    -8.531991454216830829e-07    1.680951591347892501e-02
2.900007759828267240e+02    1.002731473345841451e+00    8.963323196897117788e-04    4.094124549372774280e-05    3.068716376349123115e-31    2.091773957756822735e-05    1.040107323364759145e-05    -1.718102789738627412e-07    1.795503684774536479e-01
2.899996643265698708e+02    1.003344149119146822e+00    6.892742244628756801e-03    8.129493843949710252e-05    1.337606381389357677e-03    2.187090564628202686e-05    1.085621043162329741e-05    1.098590689608719120e-06    1.134311514876843779e-11
2.900000656207615179e+02    1.000318156784717472e+00    3.515663349119086973e-03    1.513663892287973325e-04    1.046909018155387627e-22    2.006528350554388554e-05    1.032762120416742566e-05    5.132521004995688235e-07    5.492180937168836263e-02
2.899997983070106784e+02    1.000275935205722666e+00    2.882526784360393314e-03    -1.051044041274026326e-04    5.053575263695000454e-18    1.835983683472385271e-05    1.040826985174907947e-05    3.752563337378988655e-07    4.414875890407360450e-09
2.900003016826696580e+02    1.001259540885777843e+00    -9.323026887559194426e-03    1.582965929690864474e-04    1.208543407091256395e-03    2.260513128161413114e-05    1.111808460242831508e-05    -1.003216946731196578e-06    2.301009196812318306e-03
2.899998339651790502e+02    9.997338912741182693e-01    -3.139406730476244564e-03    -2.850092316213794332e-04    1.273259306225051502e-03    1.975377143181484304e-05    1.055311110688837416e-05    2.571523832661481928e-07    2.472106828662388772e-11
2.899999525507643057e+02    9.980594427132777335e-01    3.042565526271812267e-03    -1.731229547176488237e-04    1.782860447217803697e-22    2.029513286678317967e-05    1.068850291916643046e-05    1.155498529262800841e-07    5.696020770700297581e-02
2.900006682100822104e+02    9.960790513729869122e-01    1.196902057005472296e-03    -6.083053744411046120e-05    1.155938378601739170e-03    2.116985064574568626e-05    1.004850880086717556e-05    -8.236042679249115487e-07    8.829380457408694816e-02
2.900001673193759757e+02    9.971070603589524683e-01    1.860364207542114989e-03    -5.223298715907516996e-04    2.578726850866589191e-20    1.812693408617103058e-05    9.342330770156312227e-06    -4.836865662693513910e-08    7.453026925083132675e-08
2.900005733018205660e+02    1.000499953897993288e+00    -1.766746977510006127e-03    1.497718298315831823e-04    7.727560965279075035e-32    2.025308428757272765e-05    1.018461161862009194e-05    -8.720301848431406056e-07    7.147669751416820092e-09
2.900005846762908277e+02    1.001508238020132779e+00    -5.680251447501261618e-03    -2.849804078357531236e-04    8.670597492195627944e-04    2.221894887857944217e-05    1.086795688994189954e-05    -1.070100022689735760e-06    3.575950988317555534e-02
2.900002562041811984e+02    1.002186549439669117e+00    1.775002934823404627e-02    -4.425752182813004346e-04    1.068820705189530456e-26    2.007413892788522235e-05    1.044484055177538133e-05    -2.501699624205445963e-07    2.054523529707079701e-02
2.900000278421345570e+02    1.000668723204379162e+00    -1.035120374933279873e-02    -8.646966127733143794e-04    4.070592096883771602e-17    2.040135847262199847e-05    1.015175667976912373e-05    -2.970742845386037683e-07    1.060378674061406849e-10
2.899998890350727834e+02    9.985148308987390475e-01    -5.246115006274898983e-03    5.347475859403062791e-04    1.698374532022926209e-16    1.766518269710900900e-05    9.770796188708132937e-06    4.427298741188708179e-07    6.342572406075684677e-03
2.900004077290672626e+02    9.989153174784082267e-01    -5.401861886150470700e-03    -4.139752514462865011e-04    4.637909189139960051e-04    2.169719949928427226e-05    1.144922132631103142e-05    -1.278487036498625324e-06    4.737629310835906465e-02
2.900002379655656455e+02    9.999954811624021112e-01    -3.283430463595492232e-03    -3.563735173082861036e-04    1.036234080855415489e-03    2.066538029760272107e-05    1.051964460948644718e-05    -2.351729358026658247e-07    1.924889764155315896e-07
2.899999986037271356e+02    1.000349737752156631e+00    2.949855079618154442e-03    8.791012733428303291e-04    2.199701218744920037e-19    1.999266530932422163e-05    1.033052240451659182e-05    -4.065183246499160703e-07    5.958748346885607727e-10
2.900000518564364143e+02    1.001087999192401545e+00    -1.865077725476348191e-03    2.475270694098645106e-04    4.732939989433842369e-20    2.088525904456102364e-05    1.073962125832678053e-05    1.183480515466967579e-08    3.140829355878232976e-02
2.900000554322330686e+02    1.000018956004844917e+00    1.168127322151219644e-02    -1.145128865161069336e-04    1.322406874778297037e-04    1.948360323162361157e-05    1.035666258211452255e-05    2.259779596524013961e-07    1.131662929511676741e-01
2.900000987766308072e+02    1.002016632039805621e+00    4.199770411916619109e-03    -1.399484643775417462e-04    4.166091457522719936e-21    1.910789874095589926e-05    9.890147970913771227e-06    -2.705800539244788755e-07    1.014846909689373986e-11
2.900003833703751184e+02    9.960911111452114275e-01    1.713879262521033828e-02    -5.282232142225811626e-05    9.630714510588877456e-04    2.271109488814583981e-05    1.054134678238179656e-05    4.977750267897767597e-07    5.304836167392101842e-02
2.899998532180532038e+02    1.000873701634260815e+00    2.398897490670682132e-03    -1.675711937950506844e-04    2.360796471147881126e-26    1.928620281343803211e-05    9.969084260600482889e-06    4.742316138597371776e-07    3.882549690431974874e-12
2.900000816981475396e+02    1.000994852593006579e+00    -2.449916045232942291e-03    5.693608540045589749e-05    5.825309231055626324e-04    1.791714213704984600e-05    1.036485282883747847e-05    -4.000208064703420069e-07    3.086407769931997572e-12
2.900003277721905306e+02    1.001025626937390500e+00    1.259418193736719371e-02    -1.681010533582071303e-04    4.411135190517383247e-31    2.094748417670183876e-05    1.120161049270714628e-05    1.054861727967683713e-06    1.556576529693788069e-01
2.899997219438623119e+02    1.002299847969482460e+00    -9.443746840274429288e-03    1.062897149743395104e-04    1.213505873132270319e-04    2.286336958631935082e-05    1.111853876077149575e-05    1.126386975927196571e-06    4.478712095851332398e-02
2.900004531825675258e+02    9.991675050428341365e-01    -1.419521380002275977e-02    -4.124570334442186114e-04    2.001496244711769418e-04    2.096491235607590955e-05    1.009243501782116244e-05    2.957649358247179744e-07    1.328886365904502487e-01
2.900002639866867185e+02    1.000864657034682415e+00    5.586609426119401025e-04    -8.951532969936379749e-05    1.875848421867330838e-03    1.811446674183691462e-05    9.634545733319514827e-06    1.624590490562626066e-07    6.872554674162364985e-02
2.900007221057104516e+02    9.981957435548935997e-01    -1.375973831958761905e-02    -2.702230533818402261e-04    6.088585170864831248e-20    1.945378980953417516e-05    1.047356725229222486e-05    -4.792741756792788466e-07    1.903783241948490967e-01
2.900000681500478095e+02    9.971418903653925803e-01    1.251271182139206909e-03    -3.875795771729533625e-05    1.462761972179585377e-16    2.040246884812921358e-05    1.026416098569283838e-05    -1.315379369449300267e-07    4.581005953567084906e-09
2.899996887980660176e+02    9.987124932100738262e-01    6.229205804862863669e-03    -2.181005600489051692e-05    4.288569192355210040e-19    2.018753953517001158e-05    1.072662230680649242e-05    1.197006498318469352e-06    1.067969475343574247e-09
2.900011489421497686e+02    9.984936996842155299e-01    -2.453803730148352864e-03    -4.129528816442870354e-05    1.796061828536250785e-04    2.009659089990945263e-05    1.038535550473097426e-05    -8.470978357704205011e-07    1.096352040806612832e-01
2.900000695199555025e+02    9.981208186822915218e-01    -9.384754086509686927e-03    -2.281605020093352356e-04    3.416199855640634855e-20    1.985636295625849417e-05    1.036966669704065822e-05    -5.336060835323445410e-07    6.024842121247828407e-09
2.900002341221205029e+02    9.975109831832468243e-01    2.665043109586284569e-04    -2.624972364054252354e-05    2.220493078040923149e-04    2.010546846971905972e-05    1.034958303549869865e-05    7.397491252764837225e-07    5.725439883060576274e-02
2.900000500703973785e+02    9.986270252864460906e-01    1.918923692025556764e-03    1.975105912942237056e-04    3.519176332913425152e-05    2.150763475767797819e-05    1.085568851468435491e-05    4.684131516828088152e-07    2.839015936093827047e-02
2.900000323033683571e+02    1.000658038824816076e+00    -1.085222804796123416e-02    -4.732077310547744400e-05    4.846670601474326479e-04    2.155323600009710459e-05    1.001316647064270301e-05    1.534932185824010147e-07    1.527461304768067650e-02
2.899994283780076216e+02    1.000649812685245221e+00    -2.243208068335468368e-03    -3.319180512643569655e-04    3.671811006872592432e-25    2.130164669972706555e-05    9.960421454527716419e-06    -3.241699858447588976e-07    1.034913276161842075e-09
2.900000944351280054e+02    1.001634749218442977e+00    -8.009339381370335353e-03    -5.684463655230877481e-05    1.676051220459155342e-04    2.208979437914756656e-05    1.059223874749586160e-05    1.004705847039946919e-07    6.283675508633561335e-11
2.900002232875088453e+02    9.995789677865326572e-01    2.179820916145271906e-04    5.332170732923168779e-04    6.208863935913595550e-04    1.745766201697927683e-05    9.605396985913714709e-06    5.667608441609794241e-07    8.110212847428094340e-02
2.900001374359058559e+02    1.000618848026928909e+00    5.090488177385527058e-03    -2.992099772192560779e-04    4.010885384246509492e-29    2.212554356545448709e-05    1.105768049343983233e-05    -3.299350873889110160e-07    1.601640035224216935e-10
2.900003661815193254e+02    9.995723166762428002e-01    8.056963116813913028e-03    -6.787076329703165879e-05    7.447416623513742637e-26    2.304843617665138040e-05    1.098565811490519702e-05    2.387150453285078401e-07    1.129972010880442579e-01
2.900000031258485365e+02    1.000883668188583764e+00    8.623050501055698827e-03    -3.955194718109572387e-05    1.051067852418129186e-20    2.124999726926190427e-05    1.022087466510554681e-05    -2.096505264264012331e-07    1.301219671876664938e-09
2.900002883897836909e+02    9.985488575732083261e-01    5.112583407980567270e-03    2.848329644364391912e-05    1.110327290211385667e-03    1.885746130098769980e-05    1.028266396658307861e-05    4.052112736876275130e-07    1.139031239512322130e-01
2.900003279527795144e+02    9.997044540770834153e-01    -1.211965755709869252e-02    1.427305776357104333e-04    6.054220279794865576e-04    2.146119599170674734e-05    1.119568151042989915e-05    -6.771579247670445523e-07    3.707294457891133210e-02
2.900005418920001716e+02    1.001287659416090881e+00    5.483050039714058160e-03    -9.290263556437076313e-04    8.318870259987562203e-18    1.871372499664164494e-05    9.859402037139690635e-06    1.128536818203946916e-06    2.582680757998167542e-01
2.900000723287850519e+02    9.986713264914165444e-01    -3.775926278290887058e-03    1.787291325870151001e-04    1.293572951540895117e-03    2.151878825248078762e-05    1.026475126529543164e-05    5.873937135798336942e-07    2.006780548991418667e-02
2.899999084415962329e+02    1.002048196656300183e+00    -2.276724642188859751e-03    -3.933980223716413674e-04    5.662012295928154715e-04    2.428872607265998497e-05    1.193427667027859220e-05    -1.575858314015231322e-08    1.090497583093193337e-15
2.900005956817745414e+02    9.996788678581918219e-01    -1.769513310992826228e-03    1.635894044005894199e-05    1.576144814080022345e-30    2.068534133919999390e-05    1.065265038771666040e-05    -8.222669153229281312e-07    2.855072313217226279e-02
2.900001749607738475e+02    1.001715186431068050e+00    5.485626162345506353e-03    -1.012430200914870233e-05    4.276137676019303472e-15    1.993918039821942375e-05    9.831163905772974984e-06    -4.506666763229819320e-07    2.116619703499282927e-09
2.900003310714250233e+02    9.982597122035051784e-01    -4.707714454058135704e-03    1.782951198773335911e-04    7.630748276895023101e-04    2.033127774723853074e-05    1.048342428774964616e-05    2.776113320005023535e-08    8.219412079559823558e-02
2.899992756906924001e+02    1.000956981016631442e+00    -1.731792726731316151e-02    -1.935405082432760718e-06    1.142529911413409137e-03    1.984271319685870146e-05    9.476183219897568852e-06    1.246493821503530148e-06    3.734791388926298177e-03
2.900003753254208050e+02    9.959278457180070765e-01    3.434191441673287853e-03    -3.897878992724517519e-04    1.230288745927120969e-05    2.014612182294348022e-05    1.051567328642220171e-05    9.951693544730223691e-08    1.669541141531574735e-02
2.899998460901302906e+02    1.002270766361719412e+00    -4.955801567817347091e-03    3.749565505391045587e-04    3.892060254218500230e-04    1.890503835370774171e-05    1.048680788534086621e-05    1.215528662165249401e-06    5.493101077365669660e-02
2.899999397326164399e+02    1.000863949840494094e+00    1.014821230651079438e-02    -5.607907096192297266e-04    7.327795731235642981e-16    2.130861129476233738e-05    1.047387723971893692e-05    -6.686798074895611852e-07    4.167282929890667123e-09
2.899997695038206302e+02    9.988720908053801972e-01    8.769292646600840291e-03    -1.431407897032543561e-04    1.718455350414701730e-04    2.176318262477715265e-05    1.098376905619560973e-05    -1.654387405887741499e-07    7.955820151069600761e-10
2.900001315936261790e+02    1.001452091324780413e+00    3.626294177279885608e-03    1.273201926240699004e-04    1.415030639406946724e-03    1.750827361780501085e-05    9.863814553804793180e-06    -3.138609193062969914e-07    3.597445366292077780e-12
2.899996194448604570e+02    1.001755924674575082e+00    2.812542969907726089e-03    4.189262691984660023e-04    2.092888375994017073e-18    1.981906768112292447e-05    1.043771514542923587e-05    4.323279595812553847e-08    2.086510003573756929e-03
2.900005920429940147e+02    1.002435590392373621e+00    -2.878304691909436253e-04    4.543920489030399927e-05    1.509946881708768354e-03    2.194821573000967595e-05    1.063786124709619919e-05    1.591233338294853678e-07    1.110526087949928326e-01
2.900005075502928662e+02    1.000697791676308901e+00    5.254083620358643899e-04    1.010142603267052529e-04    1.631383402413019715e-17    1.796833683568532534e-05    9.835295773256723303e-06    -7.456305102002900832e-07    6.761332258544523743e-02
2.900001929941091134e+02    9.992498000157298277e-01    4.354278808102283495e-03    -9.650011443668763897e-05    1.666483758572826662e-20    2.487325915853802412e-05    1.112199940457151636e-05    2.045758982454795901e-07    3.977893837642283322e-10
2.900008925414919077e+02    9.986611254183935804e-01    2.742666745369329567e-03    1.334351458021283720e-04    3.336566316471194347e-21    2.001028332611206622e-05    1.106937829663386979e-05    -1.382327281332576159e-07    1.993212640603355124e-01
2.900000905175367052e+02    9.994888518116978871e-01    8.663288580174111769e-03    -8.354136075464544081e-05    6.298630681533986801e-22    2.250577672228289524e-05    1.097361726960339845e-05    -4.464915036198908674e-07    2.801532673864116658e-03
2.900004240397594231e+02    1.000541956821636935e+00    -7.235602631203940510e-03    -1.803228409884303563e-04    1.552786083329983982e-03    2.101140049637083802e-05    1.104873933410874754e-05    -1.804918922103047063e-07    6.609855680574278081e-02
2.899998325403103649e+02    1.001398291054510059e+00    4.919069940880298458e-04    -4.247849357862480555e-05    1.141268169766291489e-03    2.207930434330961751e-05    1.090978590740809279e-05    2.036723563898085791e-07    1.994842504288110599e-07
2.900002636600473238e+02    9.982219038265869315e-01    8.762814251611550018e-03    3.637294995819208353e-04    4.588706852984184925e-04    1.821908904261947546e-05    9.798893773582040880e-06    -7.035261763428732188e-07    6.507351434345891787e-10
2.900001008937389884e+02    1.002500110718549609e+00    6.870704518856835148e-03    1.294750252484833607e-04    1.117849138255285011e-03    2.024528485053012642e-05    1.096823092886130528e-05    -9.174025715510332653e-07    1.189121788248556760e-13
2.899998528920995113e+02    1.002406774247845078e+00    9.016114198027913931e-03    -1.492434507522101821e-04    2.557706673499643511e-03    2.032564458211968066e-05    1.062489637886564978e-05    1.895769576654341990e-07    1.176965299902460590e-10
2.899999756253536702e+02    9.963785924266170824e-01    4.297882658418123889e-04    1.622473681241634971e-05    5.213017585543511023e-05    2.074710088609574521e-05    1.117766173904455050e-05    5.110263034865880028e-07    4.755320423489475770e-11
2.900001441148934305e+02    9.973489798960598618e-01    -4.193581064510050124e-04    -2.217871197145850700e-04    8.760339947803548444e-05    2.355770355919702800e-05    1.122241891169675067e-05    -3.287562678199273618e-07    5.677713763223900256e-02
2.900007710800564951e+02    9.991962755980806632e-01    2.646245707303156343e-04    -5.096914182064039107e-04    6.377046070237747839e-04    1.947420947004811198e-05    1.097911209851183501e-05    7.447696511009720142e-07    2.381266088935885816e-01
2.900005694579458009e+02    9.981740940789817218e-01    -1.256334496579161915e-02    -1.372775012385859768e-04    2.195379575608246141e-04    2.131556636068505022e-05    1.104529249372528014e-05    -9.679936305794580583e-07    1.207172978504767596e-01
2.900001522660085698e+02    1.000516046392685210e+00    -4.010876251296665793e-03    3.823766858682573432e-04    7.989488542378368149e-19    1.965845220578876223e-05    1.069010753721348456e-05    1.527626818955683160e-07    5.102407797438913983e-02
2.900001484377135057e+02    9.996872465469002211e-01    -1.121166546704175856e-02    1.498441407248103012e-04    3.212913675002558954e-22    1.924743214145361681e-05    9.856848149326827952e-06    -2.663547381020850802e-07    1.208366693986108486e-09
2.900005890385386351e+02    9.985757359456021165e-01    -9.417063081881804978e-03    -3.944167524982081403e-04    3.330480413787685034e-30    1.945511490234557201e-05    1.082293121448354750e-05    -1.081543726334809835e-06    9.696779450572456050e-11
2.900007319176751253e+02    1.002598398333023555e+00    3.447738487410071610e-03    4.013178186420066074e-04    9.788556230765923204e-04    2.053218473553861969e-05    1.070506116579589148e-05    -2.758889821836380968e-07    1.909078501134449934e-01
2.900001732254207809e+02    9.985819108063236360e-01    -6.373452064760183264e-03    -4.881955370610335549e-05    1.017372568167583713e-23    2.184598359921786369e-05    1.121411197801312473e-05    -7.093159179370017829e-07    1.580547481605057362e-09
2.899997964293359587e+02    1.001713717320660058e+00    -4.692944045981767114e-03    1.776100221137215818e-04    9.226667892148698261e-05    2.044415458323329147e-05    1.065436754771430301e-05    2.440709224880353940e-07    2.789583262957915817e-11
2.900002010718978340e+02    9.979158464025543740e-01    6.647658820785947754e-03    6.924981790629414994e-04    1.535641258275673619e-23    1.815341958922792929e-05    9.145365381948865181e-06    -3.252271573964915879e-07    2.126889788073548858e-11
2.900001243010405574e+02    9.980837254816310455e-01    1.330307995962612747e-02    -1.187210564907660755e-04    1.183721902242717379e-03    2.313944449800583623e-05    1.118283132626952951e-05    -8.507133449319702145e-07    1.158591242274732178e-09
2.900000785324551771e+02    1.000783963826271661e+00    -2.130255139939594804e-03    -7.912064879773504764e-05    1.324011972837438583e-03    2.138111345775696724e-05    1.131583608558143017e-05    -2.627468491692230795e-08    4.033030743079713845e-10
2.900003098814791542e+02    9.994937723989777423e-01    1.879386221028151761e-03    -7.063288678567447110e-05    1.595761362412211363e-04    2.100681555415877767e-05    1.033323807768653161e-05    5.359666854945204859e-07    5.243058687192179296e-02
2.900011428349453126e+02    1.001248816669473296e+00    -9.778254569982247277e-03    -1.140431816129786763e-04    8.067836125350365175e-04    2.008381799280443305e-05    1.096405128024041682e-05    1.576876346291953413e-08    2.040131445836727286e-01
2.900007163892793756e+02    9.972396251713352422e-01    -7.040753223731452057e-03    -5.375914896513316169e-05    7.998781827666048708e-04    1.857278842284409206e-05    9.665049660310800889e-06    -1.414606289894279834e-06    1.168733643580061737e-01
2.900001463731492208e+02    9.971014626234034894e-01    -4.508311205778799471e-03    3.265752593642925854e-04    7.710287825224966616e-04    2.098149253381371629e-05    1.117692848314431299e-05    4.491670830536320595e-07    3.730025275877588142e-02
2.900006933629297805e+02    1.001290127965714705e+00    -3.822897006682699113e-03    -2.954496815499048747e-04    3.961771607826498253e-23    2.175738966059983276e-05    1.115832487973652871e-05    -1.059185844925465454e-07    1.534607179265008170e-01
2.900000431360540460e+02    9.982936627050450484e-01    3.106939543453092283e-04    -1.745747931809842849e-05    8.788379432183022512e-21    2.183341129985275005e-05    1.046564864830349665e-05    -1.736690712679967356e-07    5.914182219346177322e-09
2.900008931668685932e+02    1.000774424150306485e+00    3.684665609037149001e-03    9.238619187522310354e-06    9.542462067886300133e-04    2.057895079283307473e-05    1.058240643937537351e-05    -1.156453705452297544e-06    1.436710027373577780e-01
2.900001837749913420e+02    1.000350308153687307e+00    -4.886165988052604617e-03    8.084117549877331750e-05    7.538401629088106066e-21    2.381180636511136760e-05    1.101724925635000768e-05    5.008748732300930650e-07    9.714557440100181351e-02
2.899998542324705113e+02    9.999078779715394605e-01    1.235515565329579988e-03    -6.995020833447295676e-06    1.035124900844397537e-04    2.302050658001486100e-05    1.085742134757826860e-05    9.809346186154196819e-08    1.891679751861602714e-08
2.900002954919161766e+02    1.001110373028912370e+00    -9.566173152376554814e-03    1.261720943478003760e-04    1.149867842017442622e-17    2.253984450737351225e-05    1.094013151753283154e-05    -6.781195128710868466e-07    4.568965149903230515e-09
2.899998167026014926e+02    9.971867005440329113e-01    1.212167724981391866e-02    1.459460398064057725e-04    2.470495050257025173e-04    1.967457172925158308e-05    1.020587360223513607e-05    -1.346018592222384245e-08    3.472873900812495080e-12
2.899998566852071917e+02    9.986761833689915546e-01    3.379056889589675001e-03    1.924221602454692464e-04    4.153252105379537615e-24    2.018116265000832870e-05    1.090039061191323428e-05    3.589003357952649027e-07    5.027129266885497536e-10
2.900008903424514415e+02    9.987421852581447324e-01    -3.531677628093880719e-03    1.308317235556268531e-04    2.200975699848745089e-27    2.224333843265025173e-05    1.088318776520765418e-05    3.413439811784653418e-07    1.819515600566869173e-01
2.900002174664854238e+02    9.998104732770701775e-01    -7.462975014801000867e-03    -8.099976488623429963e-04    3.787969416788186726e-04    1.892602115503031480e-05    9.813533382101279209e-06    6.447045377220723103e-08    8.660112573391921375e-09
2.900007889574572459e+02    1.001712009896347455e+00    -5.129960770799763675e-03    -2.248221527925043262e-04    6.676353019801193776e-04    1.873831278244676902e-05    1.022017844857112780e-05    -5.757302951595619945e-07    1.643436921975204024e-01
2.900004345262218521e+02    1.001321668383426511e+00    4.316820824707425473e-03    3.774264432613897119e-04    6.597825480923538710e-04    2.084979681366696817e-05    1.081266264381453732e-05    -3.510190902981143678e-07    1.224466182327205190e-13
2.900003355319098546e+02    9.975335159878738756e-01    -5.889677085438460406e-03    -3.665344535330953136e-04    2.234000700333448450e-29    2.038317404414868584e-05    9.931960029154639951e-06    4.581965118423872458e-07    9.369967357474882907e-02
