# f_r [MHz] A m phi D delta_r delta_ere delta_eim a
2.899993052851411335e+02    1.000823716649680728e+00    -2.520781550472543132e-03    3.146495943915390966e-04    1.306096969516908729e-29    2.479799165211325868e-05    1.269534861401592314e-05    1.117234632712753582e-06    2.219334628708135969e-09
2.900006256615424149e+02    9.987589870410427118e-01    -4.328090159318445304e-03    -1.833638863678844165e-04    5.454843099249199207e-21    2.525199906414765034e-05    1.372902091344600363e-05    -3.870889698448415270e-08    5.572729025087164861e-02
2.900001541935436080e+02    1.002341955805327922e+00    -4.241241678311171749e-03    -1.162185882850989295e-04    2.063171522896936833e-04    2.109004151904375352e-05    1.280416089747783763e-05    2.064171940300147485e-07    2.112837131418887049e-11
2.900000930063102942e+02    9.991172053729482361e-01    -5.684985838336574678e-03    5.050591281479792924e-04    7.035899938640169252e-04    2.048214784747615235e-05    1.184551360968662190e-05    -3.134691512778785596e-08    2.915692501297244876e-17
2.900000395797129045e+02    1.002518793069355318e+00    8.176662722297051503e-03    1.113822409956752101e-04    3.458947067154583622e-25    2.238948435488920957e-05    1.252116914873242089e-05    1.958411440067569996e-07    2.971814911880249828e-09
2.900002604736000080e+02    1.001309608863149903e+00    5.075689191389768165e-03    1.699894039089256488e-04    1.465708610850119857e-29    2.225422920632411775e-05    1.326562401272985945e-05    -2.406695640711633180e-07    4.835328257407570666e-09
2.900001250389957477e+02    1.001365696177261899e+00    1.476286349699686487e-02    -3.824204003459652154e-04    2.231093724155103511e-26    2.418884757162225778e-05    1.241089746919846328e-05    1.854068365883758737e-07    5.438509641943525492e-10
2.900007912979612001e+02    9.993750446597239323e-01    7.245961703385914165e-03    -2.378352505838738165e-04    1.107331248848965170e-04    1.957560262432360938e-05    1.226442538134993589e-05    8.520667738104646552e-07    2.142657855632038311e-01
2.900000859571858882e+02    9.993779617571705298e-01    1.682432070122210493e-02    1.488911941403878018e-04    2.304245978742992662e-23    2.123675961382705106e-05    1.253063750653468726e-05    1.118480961508061624e-06    5.088498903027662695e-02
2.900001065107963996e+02    9.963600563968079138e-01    -4.262690713846735598e-03    1.724084936294464617e-04    1.656978575646788840e-03    2.355068114833304944e-05    1.332380437644127792e-05    -6.293284276130995428e-07    2.098767666786043024e-14
2.900007451242926209e+02    9.984885537561843938e-01    3.655782100092667443e-03    9.363374989788118049e-05    5.369001012280817847e-21    2.107070355202546254e-05    1.172039999764441540e-05    -3.141690831265092633e-07    1.473416957053961807e-01
2.900005584848262856e+02    9.994400113016549403e-01    2.116719704344111660e-03    1.075049916066224219e-04    7.598818113866843060e-04    2.520097072044433684e-05    1.310870834296573650e-05    -9.421236512127482900e-07    4.675158114626458417e-02
2.899996684064112742e+02    1.001004103502312725e+00    3.270433816596612052e-03    -9.773428433826487070e-05    1.066082246501429669e-21    2.248520904094467558e-05    1.302123825475092436e-05    5.660103927562715305e-07    8.503276907608537007e-11
2.900003338975650991e+02    9.983448362054547776e-01    -6.451931481221994703e-03    2.113854775365082983e-04    2.645907521092404360e-31    2.057193380467159182e-05    1.264460500071540356e-05    -9.986767814391056810e-08    1.764153249196392541e-10
2.900010364149729867e+02    1.000623633637832910e+00    9.688312831470629466e-03    4.731509144607122535e-05    1.009759675224894899e-17    2.343946788678712864e-05    1.199468203541912107e-05    3.319494263984501617e-07    2.536370083826025579e-01
2.899999322949026350e+02    1.001609765571321198e+00    5.288428480163477087e-03    -2.671431849611101894e-04    2.392603325846259787e-03    2.300252305303333083e-05    1.290810913686908315e-05    2.699395392931105790e-07    2.767139655488849508e-14
2.899999797385110014e+02    1.000796990249491758e+00    -3.578759225510343839e-03    1.307779885565549455e-04    1.840359359664278457e-22    2.290234581612638436e-05    1.304009097109404295e-05    -2.152774352942161719e-07    2.699064861491783551e-10
2.900000998143975721e+02    1.000765978894851305e+00    5.231455900143261450e-03    -3.442126477517057251e-04    6.546169607986670163e-24    2.432560317628148955e-05    1.339830390110854025e-05    -2.408661825256620092e-07    3.996925309786893629e-09
2.900000808830808978e+02    1.000585009698834682e+00    2.513112553651046521e-03    -2.728854612414338817e-04    1.612487687197911948e-18    2.158638048048370752e-05    1.253093244171910811e-05    -7.476435938812254443e-07    1.265642583642016453e-08
2.900000510583817572e+02    1.000823529581308602e+00    -7.390198551227513020e-03    1.605215001807443198e-04    2.728730771652080951e-18    2.213101911062151765e-05    1.232298338835829313e-05    -6.021048399229063857e-09    5.240238547996108054e-02
2.899997937491289690e+02    1.003599744717046827e+00    6.493480852950416285e-03    4.940356991440562158e-04    9.815570624662789834e-04    2.395155195122578449e-05    1.322560339693611465e-05    1.037844140627190063e-06    1.740841919209625027e-15
2.900002599490209150e+02    1.003234625747770448e+00    9.355898665954008597e-03    1.481645079134197541e-05    9.608404970790710700e-04    2.144425253062474460e-05    1.310771881721986334e-05    7.174853794367565719e-07    6.506095814982919279e-02
2.900005798264699592e+02    9.999773261997716434e-01    7.525446639408246707e-03    9.107185003812163376e-05    2.690277820351575838e-24    2.614922449426992779e-05    1.418298072557976763e-05    1.480158291627892853e-07    7.275927076361592138e-02
2.900004986115756651e+02    1.000211373266112869e+00    7.198065393777645059e-03    -4.908132794674669548e-04    4.162007853988116334e-18    2.330114394741642495e-05    1.187232743177743384e-05    7.498382745479602600e-07    1.447000225448428767e-01
2.900000568113288750e+02    9.978995342483636399e-01    -2.718025751761340460e-03    -1.688137176027041856e-05    5.855031645458005094e-04    2.329907040587093404e-05    1.360079864005454428e-05    -1.518528096201619472e-07    6.380894405576522919e-12
2.900000654830612348e+02    9.986804943554378200e-01    6.520643121722282005e-03    -1.645567295259236671e-04    6.937583807073038379e-04    2.278786548900408400e-05    1.353740040194873815e-05    -4.024019952423139850e-07    5.546910994905061808e-12
2.900006746518756700e+02    1.000727555108547273e+00    -1.108898984312158172e-02    -6.707586890009683981e-04    4.214543541244695699e-15    2.283605884953404062e-05    1.279935430440534428e-05    -3.569549530172400825e-07    1.135930092793392965e-01
2.900004201145858929e+02    1.004082806260985006e+00    -7.982144586297028332e-03    2.118514832899505819e-04    1.144825479055788552e-21    2.301985104910424034e-05    1.282023125992380429e-05    2.267360074658108124e-07    7.561047712953448963e-02
2.900003907119149176e+02    9.988473243401752022e-01    -5.029768976100214110e-03    3.436808814992034543e-04    1.198166417919331378e-03    2.166924335300642561e-05    1.268561895435170849e-05    -8.367176439813753544e-07    2.536265497891179732e-11
2.899998528385448822e+02    9.987762445446621840e-01    4.469633019822526199e-03    -4.917830834680264265e-05    7.446970719327689841e-28    2.213296520810068479e-05    1.192704290331061015e-05    3.878358931848273422e-07    2.341171208125445227e-03
2.899998175066039607e+02    1.000029369228707887e+00    5.058116050055552239e-03    -4.028076326265596255e-04    4.270565196514286167e-24    2.194188328648228836e-05    1.187227277733023661e-05    5.543778629835191696e-07    1.794353820490037687e-10
2.900001278219061760e+02    1.000520785894374765e+00    -2.642105954870303548e-03    1.142836133768426206e-04    1.827488687320250570e-04    2.488622421964387435e-05    1.373894502110274978e-05    -6.759603652166086384e-07    1.983064910796441887e-11
2.900006887426649200e+02    1.001283979623319942e+00    1.104054506690281545e-02    -5.597837696562025709e-05    8.274217630176706628e-21    2.316351643217752764e-05    1.291876140700210335e-05    3.960085875420637308e-07    1.169427006140321551e-01
2.899997540256571824e+02    9.990539713993639159e-01    3.724978914505938307e-03    4.929513846468321168e-04    2.282659693345011270e-23    2.243509093564622470e-05    1.205178787844393064e-05    1.069061759691884192e-06    2.113806395581312170e-02
2.900002435668365592e+02    9.962981127315753138e-01    2.340411880094753726e-03    -2.501516134003113905e-04    1.516511869947367395e-17    1.903245973077025081e-05    1.145180758292947886e-05    -5.182662337970162754e-07    3.693350303224191000e-02
2.899999675729729915e+02    9.964773861358974250e-01    -1.174939074954090739e-03    -1.407697990416046177e-04    3.251898900880353829e-19    2.163000971134271014e-05    1.193164461854187588e-05    9.630651710644055396e-07    4.700918223996083251e-02
2.900004881627273221e+02    1.002302358428018847e+00    2.430068770619475856e-03    4.412646764650695160e-05    3.028873519132977668e-04    2.115938288739898013e-05    1.186692228131107844e-05    -2.520621648897135711e-07    1.044747217089425501e-01
2.900004189663058582e+02    9.989083878997944144e-01    -9.005643555207439943e-04    7.361666217212198748e-04    1.426664353268260253e-04    2.241555217281564772e-05    1.345346992987244192e-05    -6.481202896286820401e-07    9.647232090974584146e-03
2.900002101868271893e+02    1.000154036807556546e+00    2.196879344623847794e-03    -9.377436024595142390e-05    8.530095477443670936e-27    2.089165057737210241e-05    1.197710838229889271e-05    -3.336711291674064952e-07    6.368072825992676937e-08
2.899999629245460824e+02    1.000273204871710453e+00    1.076983997455623196e-03    1.524314166208685301e-06    5.401810767019031134e-04    2.113602833336937489e-05    1.293854524272249315e-05    1.049506331223441849e-06    1.393938063587379372e-01
2.900000413940360886e+02    9.993457885722983880e-01    1.158264262904681180e-02    2.329297613669882464e-04    2.090629463524827244e-25    2.209845269560874255e-05    1.178087947122696492e-05    6.846997218294025161e-07    6.375151725387454005e-02
2.899998987120042102e+02    1.001422490900914397e+00    4.418822621234117301e-03    -5.983243576263137483e-05    4.301072363055462664e-17    2.246198026928345083e-05    1.187280201243052499e-05    5.297734007948949562e-07    3.272307421676606126e-02
2.899995680495170518e+02    1.003374263896052554e+00    -4.609473770933211582e-03    5.282984781811089292e-04    1.003626057856685253e-19    2.189008839753213491e-05    1.248918672318161828e-05    7.827227023217648588e-07    6.115333059206453997e-10
2.900004753630272489e+02    9.980506085951864614e-01    -3.157900098033178306e-03    2.167385252441241385e-04    1.154881233587884664e-19    2.316053494446122058e-05    1.276117141148990994e-05    -1.531135120964514105e-07    6.630765425517082257e-02
2.900000713731036512e+02    9.988246068046486847e-01    1.630747081989026084e-02    -1.989872470230818916e-04    1.524221294387236967e-16    2.016783618488204275e-05    1.224108040104807330e-05    4.146113356984014326e-07    3.711963162125237609e-02
2.899999152460832192e+02    1.000756017982811663e+00    -1.692766876528642049e-03    2.676931301390631949e-05    2.730273039034033702e-23    2.334823924262916016e-05    1.284769268999501287e-05    -6.850988453803570276e-07    2.587321451237474772e-09
2.899998175123218971e+02    1.000156974268769483e+00    1.252101537810479566e-02    1.943529473344488272e-04    2.989183369509008609e-15    2.293963338631024309e-05    1.302032321643807615e-05    7.633979353371885633e-07    2.738715597953625550e-09
2.899998851653880365e+02    9.993006537472688411e-01    -3.385391085783284737e-03    3.961886983096760161e-05    1.585197285733645669e-15    2.214404779561795450e-05    1.241957497969957514e-05    -5.610447412689795929e-08    2.137707286142775924e-10
2.900002276055493553e+02    9.984084850248402532e-01    -8.252139925943745638e-03    -6.162060659457791129e-04    3.153109684873235309e-19    2.172179102201701007e-05    1.194582404474707588e-05    -3.017676371013756951e-07    2.871185907330240728e-09
2.900002241921467316e+02    1.000785111006532002e+00    1.243488060846846283e-03    1.498389554083350038e-04    2.862436969693714101e-03    2.262699747576321798e-05    1.249387117585072948e-05    -2.899529780327080469e-07    9.382308421582089344e-03
2.900001761129240663e+02    9.987697748779502671e-01    1.311265084463664621e-03    -2.675975277553155839e-04    1.635791759392415959e-20    2.123641960342976222e-05    1.139603652778209503e-05    2.609203573355139403e-07    1.285760739688171506e-01
2.900001655072300650e+02    1.001689175460166448e+00    7.395799769684169474e-04    7.273426251735903218e-05    2.548303963117239958e-04    2.295352603327340319e-05    1.356156217306883476e-05    1.770326069239049405e-07    3.993299714301853237e-02
2.899998515932126679e+02    1.000804473366990965e+00    5.450515678792839172e-03    -9.903479857481028374e-05    2.737709369114760828e-27    2.253454507946992428e-05    1.255114338952716763e-05    3.676898974624420605e-07    1.221518452970569836e-10
2.900001656551048654e+02    9.994953929675930437e-01    2.275982499419875859e-03    2.496132211866988770e-04    2.035775014954950394e-04    2.144082741575988152e-05    1.261251318874563456e-05    -8.079104748245656218e-07    2.333979468501257994e-04
2.900006858785034183e+02    9.999924144718762564e-01    5.996077211995180789e-03    -2.125272675407367774e-04    5.227683437801735654e-23    2.280997717847600557e-05    1.227799822526914539e-05    -3.150043387526762444e-07    1.351275616474368058e-01
2.900002904037838789e+02    1.000889465918067822e+00    -1.164302363412159959e-02    -2.857361282268843818e-04    1.251303432388931196e-26    2.177622216252259700e-05    1.213443425016437073e-05    4.206965399370164274e-07    6.140576943071975047e-02
2.900001990533923504e+02    9.973946953466177323e-01    -6.703366122476211997e-03    7.229736860719878950e-05    1.799694622355606569e-04    2.491477430530706909e-05    1.380673706424485951e-05    -6.309984444528283061e-07    1.948994628080483529e-02
2.900003913471124406e+02    9.983882125761331938e-01    -2.399234056962545880e-03    -4.848684464047158795e-04    1.305962283899617593e-21    1.991085649690553833e-05    1.178207024370647966e-05    -2.053808718108720385e-07    1.408112776704860680e-01
2.899995248427340471e+02    1.000779574654321991e+00    7.140013475509992234e-03    -6.632231412385501278e-05    1.296859066458282602e-21    2.520378551335514933e-05    1.255792246960320324e-05    6.011380050603223621e-07    5.676031605206718957e-09
2.900000684178963297e+02    9.996200447866406824e-01    -2.727933441114533883e-03    8.687212992521918802e-05    7.246138525505744457e-31    2.453657697541796403e-05    1.323383513239955836e-05    3.205121926646518710e-09    1.890279267390333744e-11
2.900000646809634191e+02    1.000762495812209885e+00    -3.080929368471596813e-04    -3.886552138805247393e-04    8.549636930693935818e-26    2.160815274071763696e-05    1.214548225721451228e-05    7.341257025950013078e-07    4.453478095396803949e-02
2.900001234840163420e+02    1.000794599558823217e+00    -4.230886138275632806e-03    -2.460163934302171673e-04    1.657523958583366189e-17    2.233965019425243628e-05    1.263806897783200465e-05    -7.117404535336818912e-07    1.152416439310153599e-10
2.900003403214416267e+02    9.987682846312234686e-01    8.753239509230875681e-04    4.197685970431241784e-05    1.699295083393396110e-03    2.581420969709430783e-05    1.328639033196228294e-05    -1.010827975153384821e-06    1.737783410616542627e-04
2.899998670380084604e+02    9.997293942895613128e-01    -1.144268252239325498e-03    -3.479578667330450247e-05    1.631701547871873219e-26    2.181210735311487950e-05    1.219578509894520335e-05    -6.007800446812564874e-07    3.768526143382177105e-09
2.900010300378438615e+02    9.992234570227062074e-01    2.776490111318365931e-04    -2.181958742630219969e-04    1.857738697816269968e-23    2.041103057872952202e-05    1.166875235497054702e-05    -7.985431856588678754e-07    1.506650270132261771e-01
2.900000832741974364e+02    1.002685910885175335e+00    3.971632378144078664e-03    -3.362484369764854697e-04    2.473247082460604591e-27    2.365289714735751235e-05    1.254203431889379395e-05    -8.395087138845262201e-08    1.647196173345674219e-12
2.899999333904560217e+02    1.000825264745606180e+00    8.724085045707952527e-03    1.451462952932489959e-04    3.945076518112823539e-12    1.964289721126050641e-05    1.122945516697411077e-05    3.835146330694573722e-08    5.219372212793857088e-03
2.899999063971523583e+02    1.003514358252770133e+00    -1.795826827877974223e-03    -3.242561057575175779e-05    3.017491102599797765e-03    2.398876552968830022e-05    1.280599711537300165e-05    -6.596211286235934796e-08    6.427605250059934645e-09
2.899995726090803032e+02    9.995985549868111608e-01    9.656175490875346849e-05    -3.362107841001138659e-04    1.764257030442840917e-28    2.530294686154436698e-05    1.331725905036074695e-05    5.814711689965114785e-07    1.777137173362505914e-08
2.900003380590605389e+02    1.000576615210194475e+00    3.172463909131733803e-03    -2.189382222538471183e-04    6.963739358341389371e-04    2.278612920120990978e-05    1.269230371761957098e-05    4.326190410816688330e-07    7.917543155788528408e-02
2.899998253178894743e+02    9.981818857558534264e-01    -6.745579177573424526e-04    3.463358078883370362e-04    8.164621929674211359e-32    2.545904415725949499e-05    1.386951148228253195e-05    2.528705551948610565e-07    5.236134789967799436e-02
2.900004010076862642e+02    9.973495636924745167e-01    -5.622491244111345148e-03    1.205365618287218641e-04    4.421504820472520268e-18    2.288567513182195040e-05    1.275149385645276236e-05    -4.243776410251194087e-07    6.295854387998188473e-02
2.899996673568920755e+02    1.003029354625223801e+00    1.264991242735436601e-03    8.088175095944332522e-05    3.626018383004971546e-04    2.371210951933933650e-05    1.284818500750585274e-05    4.840939676865883697e-07    8.686554648776998355e-14
2.900002656401782133e+02    9.988170253706915025e-01    -7.665681653512322093e-03    -1.918210716187700561e-04    9.243909812303533556e-06    2.277532599323518804e-05    1.241332617730297246e-05    -3.564327688865499509e-07    7.389538466702104402e-02
2.900002583953837529e+02    1.002265714551650921e+00    -3.986028822481163872e-03    -1.956183964526970022e-04    1.993728754503542227e-26    2.290065347324592423e-05    1.190902350220322073e-05    3.769705085779164548e-07    1.996451674414614214e-02
2.900000443324555590e+02    9.996435581623254185e-01    -7.845872054725321759e-03    -3.551471939876971011e-04    5.414191207836632558e-23    2.370133877006300931e-05    1.224721873233270015e-05    3.183768287246267908e-07    3.034562249365996467e-10
2.900000804277529483e+02    9.988616892537641734e-01    -7.261754641538455644e-03    3.316639266837618431e-04    5.289149354788450614e-05    2.462367907656533281e-05    1.300576344111006844e-05    -8.226419006695416632e-07    2.858373613033770590e-10
2.899999703599469285e+02    1.000667850651985269e+00    2.402435217670512331e-03    -2.963299328365989966e-04    9.839448960461735089e-04    1.962464714190022822e-05    1.167311907187667691e-05    4.618707764349816487e-07    5.872057326234625396e-02
2.900002395646885702e+02    1.002636140636098405e+00    5.798622402998173699e-04    1.589029986193968009e-04    3.658875337758882117e-21    2.178994830215717166e-05    1.159150035299911126e-05    3.304090242776135250e-07    4.246102507449175251e-02
2.900000702440044051e+02    9.995718538124873653e-01    4.386204948360793859e-03    -1.838911019806949848e-04    4.375571630051135153e-04    2.403406117198776733e-05    1.362753285064113016e-05    -2.404388377985214820e-07    6.146811380608283951e-11
2.900001079219772464e+02    1.001238716000788287e+00    -2.207805552965623507e-04    3.563488636271659672e-04    1.008731557052057167e-03    2.106051287473821812e-05    1.220877691926630941e-05    -1.776271742237087886e-07    1.758940151115181093e-13
2.900000303571988525e+02    9.969996953318185362e-01    4.643635764380084092e-04    3.789039657178229709e-04    1.884746313794446303e-24    2.361337759317808134e-05    1.210710218380272261e-05    4.749028159720759129e-08    1.926100951996163928e-10
2.900002539766091445e+02    9.967501351583191171e-01    8.985410423690450010e-03    -5.972224833036790959e-04    6.731130718553782330e-04    2.249598944938702757e-05    1.259635489800661182e-05    -9.695647270111196922e-07    1.670645032735501385e-12
2.900000061933523057e+02    9.977042180473828514e-01    -5.932278878788838604e-03    -3.287593387675504441e-04    5.770819019320410079e-19    2.088030056429985532e-05    1.193140484381196378e-05    3.033924587876041908e-08    8.088591465047459048e-08
2.900000574334254679e+02    1.001113116873491693e+00    -2.036606606741309805e-03    -1.370802594964480473e-04    6.494236366279278845e-04    2.048871647964190971e-05    1.193150947806356802e-05    9.393103260882607302e-08    2.612797574899428793e-02
2.900005520900021452e+02    1.000149119318336055e+00    7.426410160089374525e-03    -9.843436228806903767e-05    2.912468779636719204e-04    2.101063987085135626e-05    1.287335802947195698e-05    1.039599750407006225e-06    1.639606547979580720e-01
2.899997293143765091e+02    9.994870122361300124e-01    1.466876349599884782e-04    5.533351669201665591e-04    1.114464409438262497e-03    2.303181482281469668e-05    1.305524709255721650e-05    2.002169733435452146e-07    5.627811234866994784e-12
2.900003749876807433e+02    9.970655840460446173e-01    -8.680786493278625209e-04    -3.821709706210902648e-04    3.054700443325862819e-04    2.208063838387599298e-05    1.367824710499619582e-05    2.951183221836173268e-07    4.187997864582395507e-02
2.900008329092273698e+02    1.000527654706480085e+00    -6.018435331056580517e-03    -6.982490105189761954e-05    6.171014694010689035e-04    2.219522785203344460e-05    1.256618282900939310e-05    -7.557223586826688746e-07    1.340271915891004528e-01
2.900000019094416643e+02    9.966880728087014196e-01    -1.857530711794654716e-03    2.696339114539776931e-04    2.110718338908531102e-04    2.048719375953097111e-05    1.282147645029750920e-05    2.565739813187067499e-07    1.138938995557262079e-02
2.900002438120594093e+02    9.981340866548065183e-01    -3.187819562329476976e-03    -1.746143407146146626e-04    4.091813219706165499e-28    2.196549054808833286e-05    1.282739777846678078e-05    -1.827229023316443714e-07    6.490248852845869862e-11
2.900006692684468703e+02    1.002321340575526021e+00    -3.783731508409380814e-03    5.426988279099834763e-05    1.161702847940757023e-03    2.333174330374802053e-05    1.220184957048477034e-05    -4.756931734166120588e-07    9.696818793944954329e-02
2.900009763682887751e+02    9.973087034696617170e-01    1.090845372235289129e-02    -2.314589088837817183e-04    1.936170271343508938e-03    2.184491339916596749e-05    1.280171349148189112e-05    -5.311843109927630997e-07    1.860253766891215854e-01
2.899998385105555485e+02    1.000638893770784632e+00    -7.206891414429519339e-03    2.000712636578999993e-04    1.196902395564457613e-03    2.149284789352041308e-05    1.286604342702374680e-05    1.136851488997957136e-06    2.058544738915042020e-14
2.899997428353625537e+02    9.985133640471783867e-01    6.347268708474488805e-03    2.200325605311046287e-04    1.573887305004345290e-03    2.176306745085855633e-05    1.209513189664354357e-05    3.327107262597103660e-07    2.465087949582022309e-09
2.899999696930182722e+02    9.993649666197835790e-01    -5.415848605936779067e-03    -3.705986685486392239e-04    7.587869701633834490e-04    2.557833617227766915e-05    1.419135342865728340e-05    -2.000020758031699290e-07    2.074009077713686841e-11
2.900001506635804276e+02    9.991841616468062348e-01    -5.034772912373562843e-03    -2.788553744696024611e-04    2.873194626906782050e-03    2.229161236229114122e-05    1.279956322578216222e-05    -4.641681708317949691e-07    1.522265697063792374e-10
2.900003268596008184e+02    9.974952628530114884e-01    -5.357210001636861924e-03    -3.915640334479138793e-04    2.845591722730301256e-35    2.270810527017420689e-05    1.258176135033898868e-05    -1.320753359500254720e-06    1.479153990479280386e-07
2.900002285937300712e+02    9.986694590357844126e-01    5.087163446832887979e-03    7.191004696737616304e-05    2.636034235309480245e-33    2.266611364517712049e-05    1.273295939844800948e-05    -1.527535254465185963e-07    3.890463619295859837e-09
2.900007795308871437e+02    9.996830022042136887e-01    -9.697877421565177444e-03    -8.543974412178631744e-05    7.556856904641786208e-17    2.156773427286605646e-05    1.187613711406622300e-05    4.952788818799930003e-07    1.583078120442548697e-01
2.899999995666967152e+02    9.976602544970665232e-01    4.277811405036070942e-03    1.630454417898375774e-04    1.782509511338326328e-03    2.137349774244385296e-05    1.237872130559966317e-05    -1.297029925299409101e-08    1.117903976946158472e-02
