# f_r [MHz] A m phi D delta_r delta_ere delta_eim a
2.900005403734617744e+02    1.000400340109334429e+00    4.142010974848998189e-03    -4.318518365789948492e-04    2.153058281780867123e-13    3.681727847213701573e-05    2.588751650497140327e-05    -8.964919602467684300e-08    7.108275295230920277e-02
2.900006836790028615e+02    9.986314725330168729e-01    -2.015950471088140405e-02    -2.514237788344324341e-05    8.060924643998281696e-04    3.331944410017237813e-05    2.383074453781587786e-05    -1.681428909808566271e-06    1.475218733927368894e-12
2.900005629037100903e+02    1.001134603711713478e+00    5.258297593082255500e-03    1.522159664395723367e-04    5.771507362347540583e-04    3.271710500762751734e-05    2.435916614010266384e-05    -7.830908570626741299e-07    6.265374257166327066e-02
2.900003956624097441e+02    9.973802968445013573e-01    -4.110837874603031489e-03    -5.954840559284924344e-05    5.427208700661203958e-04    3.250555003877392843e-05    2.489834466236626862e-05    -7.653661427772792661e-07    2.802884083449346588e-10
2.900003300140421629e+02    9.999645537281869334e-01    -2.733261909981176199e-03    -2.302267314979064246e-04    2.121559370505948070e-14    3.386872614395552040e-05    2.482343635010702022e-05    -1.007165711234775607e-06    1.440790199125870433e-02
2.900001295981107319e+02    9.992374604407089356e-01    -1.848300171555126211e-03    -3.597101244079480920e-04    2.959708397247629216e-14    3.456926052542912489e-05    2.508687498421586994e-05    -9.569697044259524449e-07    5.172806639604478597e-10
2.900001574488446181e+02    1.001249440217784947e+00    -5.788381761268072880e-04    -4.198889618653132440e-04    4.290744536431021878e-12    3.481240870396418407e-05    2.508421986865343084e-05    7.265702061432358984e-07    4.365865830307757989e-02
2.899996665158417386e+02    1.002391522781249655e+00    9.944908395976176027e-03    1.355718476109709335e-04    4.941114661378149652e-04    3.516606683659799157e-05    2.486451001254679367e-05    1.410128551742696461e-06    1.814151443760465832e-09
2.899999667041521434e+02    9.944732042208759282e-01    -1.076869336039961746e-02    4.667754320431642678e-04    1.012764095839121566e-18    3.570216364412383703e-05    2.654349253852343490e-05    -1.604336214866108668e-07    1.683239062306838077e-03
2.899999199762837634e+02    1.000348948580989772e+00    -6.599145031686079813e-03    2.177836456360461841e-04    4.041536135229749685e-04    3.680542739721101727e-05    2.543908704990158358e-05    -4.331033588427706630e-07    1.021872638591497622e-02
2.900000006920182614e+02    1.001770054174818902e+00    3.081391522984698247e-03    -2.185567793211774822e-04    1.382064388470446471e-03    3.461177868170510540e-05    2.499036044922335205e-05    -1.644322738747461024e-07    1.133127518260114824e-11
2.900002757759502288e+02    9.998744696029716605e-01    -8.226979962658228021e-03    1.253206912446270757e-04    8.700108309387613202e-04    3.548310620938578111e-05    2.455463472324963606e-05    -1.204577898186266518e-06    8.400361544130250490e-15
2.900008240841740985e+02    9.985367507582287860e-01    -2.272778458220866757e-02    3.427694163864042354e-04    1.065746256897659189e-03    3.395113565558969453e-05    2.583812268328191820e-05    8.827725137059872112e-07    1.137981612629895417e-01
2.900003413642389205e+02    9.989037093740199547e-01    -4.570565575619404096e-03    -8.836377438365293957e-05    1.315695036730566043e-04    3.415741737980333172e-05    2.553411073767041336e-05    -8.820765111888294958e-07    4.882443467568217931e-12
2.900002199588250278e+02    1.001574224953766690e+00    -2.654799322366258041e-03    1.188917422231830853e-04    5.121080199342842006e-04    3.380561775309950761e-05    2.471976760557915133e-05    -5.780025510144706613e-07    3.687671140808557527e-10
2.900006502778338131e+02    9.986910759920623049e-01    4.027943926776534830e-03    3.167917775052541047e-04    8.606993322711996297e-04    3.426646529962866115e-05    2.534225036684645545e-05    -2.053696780467482929e-07    5.799067276631218737e-02
2.900007756704960116e+02    9.961117522571101279e-01    -1.603749468159329679e-03    -2.046695139329478361e-05    4.890057707525043932e-04    3.624338990890357023e-05    2.471528449720148914e-05    -1.313334931652506162e-08    1.279300237301656540e-01
2.900006109891152732e+02    9.994678185628234068e-01    -1.356213342465320895e-02    1.521217230348797871e-04    1.664475876960389185e-03    3.335753043312462832e-05    2.408700960236343457e-05    -1.923964128598396189e-06    1.094776274490482260e-06
2.900000785246302257e+02    1.001233462588656753e+00    7.103231315122741918e-03    3.170666175050837043e-04    1.206470589242551495e-04    3.327266739428941255e-05    2.456022083854358712e-05    -5.348027637062256991e-07    3.151795677117590500e-03
2.900001057413481931e+02    1.001765896643548537e+00    2.303856150152741328e-03    6.205298805828124966e-06    5.758015430128098728e-04    3.626943190306761925e-05    2.477382277871500012e-05    3.637978028382951499e-07    1.374140123954516179e-04
2.899999266026252371e+02    1.002148665858862975e+00    -4.903604608641091295e-03    2.915000913054851292e-04    1.484263880121637505e-27    3.570278356292598749e-05    2.535041289479905951e-05    7.990028964557269309e-07    8.421483492791167322e-09
2.900000632136406580e+02    9.965150869012247004e-01    1.064199665313105524e-02    -1.468537270531243414e-04    2.115750168397644796e-03    3.335860421994878827e-05    2.484533619747904612e-05    2.222189026560468184e-07    1.184899499147684318e-02
2.899996026819061399e+02    9.990352527086391321e-01    8.343101927788289240e-03    6.186975858046018508e-04    3.120135399994583180e-16    3.321380140782248432e-05    2.454683016442272441e-05    1.573184087671172825e-06    2.964486668825182854e-03
2.899997405633441190e+02    1.000082616682049119e+00    6.110859786500178305e-04    4.309461893434464431e-04    2.700276331047884905e-09    3.450730167194599580e-05    2.504923063920542719e-05    1.091338846747593820e-07    9.733474627217240798e-11
2.900001622928640472e+02    9.978719639359250326e-01    1.545316043469179132e-03    -4.937364093353375886e-04    1.086879272577191517e-03    3.490730905306164880e-05    2.468169259138828611e-05    -1.189842247911267337e-06    2.285711625125887853e-11
2.900009244900819567e+02    9.991542229986573043e-01    -4.794473286283303971e-03    -3.444450415119678266e-04    5.700534535722646488e-13    3.372441833348835145e-05    2.425460808319089204e-05    -1.280854620029925054e-06    1.006807996598525906e-01
2.900001084516518972e+02    1.000593912395510987e+00    4.947851876876868497e-03    -2.722928236904461870e-04    8.048862681513354616e-24    3.500697746562062051e-05    2.464174165927709702e-05    -4.937007204895774185e-07    1.707253292531055057e-10
2.900004601561523714e+02    1.001932049537412883e+00    2.176618373239152214e-03    -3.787470638788223952e-04    1.110290411580760897e-03    3.490361863723176814e-05    2.531555521288469804e-05    -3.461300836497854169e-07    3.524112652834332504e-02
2.900004245120508699e+02    9.998744486659136843e-01    -1.922056824514688841e-03    -2.137968516421734401e-05    1.151690075924791546e-03    3.457351772441872456e-05    2.490209000781654807e-05    5.960493523951277133e-07    5.890496654298817830e-02
2.899998217530132933e+02    1.002117060963817252e+00    -6.553971800891665069e-03    -2.363890663132148641e-04    9.830424080931912465e-14    3.478602419401993811e-05    2.498705422462602001e-05    -3.285226040452123448e-07    2.261096088320860981e-02
2.899999785617929433e+02    9.997836329483599238e-01    -4.043557221374473472e-04    2.732200549014414284e-04    4.606505547107647919e-04    3.509781889536030079e-05    2.396343512747869646e-05    -9.416257295569085327e-08    1.459886903596448805e-14
2.900002942231918723e+02    9.997346821861836652e-01    -3.969174452731732972e-03    -1.298353390926971379e-04    8.030234851841405166e-04    3.650979748237103919e-05    2.486238173360354897e-05    -3.849265733396235273e-07    6.857759122804220342e-02
2.900002508897796361e+02    1.000223610757788650e+00    6.552377564219533145e-04    -2.667988095258332516e-04    5.615482379023847880e-04    3.681815481264385018e-05    2.625945805301079468e-05    -3.868213504800954082e-07    1.482015013477428270e-02
2.899996223809655476e+02    9.977709742187175213e-01    6.437815212932804579e-03    2.274276344091388455e-04    5.671699837748894225e-04    3.477006632679432486e-05    2.588164550694508145e-05    6.844006071661577340e-07    2.371542245957074680e-13
2.899999725596558733e+02    9.996009635680226380e-01    9.161201265088472117e-04    8.207561697803496237e-05    1.647420043405415193e-04    3.536393437039845645e-05    2.573423497643668260e-05    2.220633190639949145e-08    1.280585056513641275e-12
2.900001586506452895e+02    1.000937871863600392e+00    1.157138306464995658e-02    7.153378652809088800e-05    4.001413413574128933e-04    3.493456799446447878e-05    2.475633611040498207e-05    -5.885337726653944224e-07    4.674481622634653333e-10
2.900001590020891626e+02    1.000265756988758747e+00    7.948877639623010832e-03    -3.998410916509382654e-06    1.364796522750871171e-03    3.511405658743422463e-05    2.451033670047822244e-05    1.522558718060347926e-06    5.514039660898344825e-02
2.899997780135803964e+02    9.987019050916872143e-01    -4.151071283809187190e-03    -3.127115575589534558e-04    3.212253179635048790e-15    3.467231923398920133e-05    2.444636065580153833e-05    5.330874124911463369e-07    8.840134021800220748e-12
2.900007921208676294e+02    9.994435549966198540e-01    8.310669112115134580e-03    3.648265398562604506e-04    1.444034736778852009e-21    3.520756541160024718e-05    2.619548702758957539e-05    -6.093305209012769350e-07    8.523245428214627772e-02
2.899998670979856001e+02    9.996857951497758465e-01    -3.848569870123059577e-03    3.828653048389143391e-04    4.277391224686236267e-04    3.429967753937854279e-05    2.510908097630532859e-05    -3.058174798386889401e-08    9.662340158905352854e-15
2.900008127387821446e+02    9.987301153120450303e-01    6.913886601335388982e-04    6.412166996942982771e-04    6.568861616167853560e-11    3.514405763199906824e-05    2.479111801344612264e-05    -1.333747666561442811e-06    5.515117662840479662e-02
2.900003793971360437e+02    9.987811896241961529e-01    1.052801472078916667e-02    5.015589015313099162e-05    1.297211979640920622e-03    3.237900852351225506e-05    2.445411401351954556e-05    7.038466343589456815e-07    2.403269520882607424e-02
2.900001494588373703e+02    1.001593121228101513e+00    -5.513038636809200477e-03    -1.667611944497666163e-04    1.931634407624926216e-03    3.330155781914495209e-05    2.411643533819553004e-05    -1.207241692086862910e-06    7.023546009969966331e-12
2.900002066898228463e+02    9.987401739166357206e-01    1.386772149007270806e-03    3.793578060070992592e-04    6.421663065304305929e-12    3.366916263888017954e-05    2.381561137792544657e-05    -8.366026536582323232e-07    4.373220342453792986e-02
2.900001063080888457e+02    1.000474360155242826e+00    -3.350012379672587508e-03    -3.121424450051094295e-04    2.912598675637476711e-10    3.496616089305048679e-05    2.496528884218727860e-05    5.033394035534581149e-07    2.526393459135057875e-09
2.900006681600598313e+02    9.996364815361459266e-01    6.796016221789657162e-03    -5.825630091883964349e-05    8.275742298337816657e-16    3.331750645307739883e-05    2.501921429578693847e-05    -3.766284414038521944e-07    8.040579577534408273e-02
2.900000229345260436e+02    1.000182520528614560e+00    8.658245227626449117e-03    2.893868994859716379e-04    9.036131913289468772e-04    3.630235193351510523e-05    2.627971146895787549e-05    1.726473226789389791e-06    5.927503027424587539e-02
2.900000104758466932e+02    1.003203414515145164e+00    -4.414380634371623674e-03    -1.040566807749662606e-04    5.429722594088585074e-04    3.565597525671376214e-05    2.461417313834165786e-05    -1.157650364436766283e-06    2.241895576505650769e-03
2.899996769238192655e+02    9.992489445654966218e-01    -2.668781055884414887e-04    -5.445275482853023993e-05    2.665041718455535879e-22    3.722557306049315945e-05    2.639744880926389418e-05    6.124194373275376317e-07    9.460917301060997695e-09
2.899999538526673746e+02    1.003726954390306680e+00    -1.016157478544347202e-02    -9.666769588633643045e-05    1.337873299598314313e-03    3.449387828221026829e-05    2.498375552426511327e-05    4.617118372281551698e-07    1.743451980128469950e-03
2.899999247373972366e+02    9.998901100685648746e-01    -4.247685598160745829e-04    -5.108838308170275552e-05    2.287856278290439401e-25    3.330146253306370780e-05    2.393799736486148708e-05    3.822492344017690605e-07    8.000173653981973454e-10
2.900002247389278978e+02    1.001795589069538250e+00    2.647677486723792103e-03    -6.393064082320465500e-04    9.281168453399247847e-04    3.545186957789815587e-05    2.438434614772936170e-05    -9.531573868123732462e-07    8.626707297660729350e-13
2.899997819456597767e+02    9.993620650840550068e-01    9.084684417259484765e-03    1.035003171297658293e-04    4.753145068377986828e-04    3.498428521652245367e-05    2.534878003143017285e-05    1.447170635396180108e-07    6.042242697655206794e-06
2.900004414305873865e+02    1.001762971369370980e+00    -4.694767076866353424e-03    1.641629198371655609e-04    1.605566980064834629e-04    3.576972786486962266e-05    2.486583997922446487e-05    -9.992784425417735474e-07    3.847783614967733440e-02
2.900002045749111517e+02    1.000644951328455656e+00    -7.378025479621385871e-03    -2.107504097429974523e-04    1.060191965792459719e-03    3.448824550157912763e-05    2.500265136863380353e-05    1.014689866652870635e-06    2.869210004722658192e-02
2.900000285660708528e+02    1.001496852242734326e+00    -5.673067100794878907e-03    3.707949696429531979e-04    3.908982750839286010e-04    3.709727371332211600e-05    2.630987050019340770e-05    -2.574075556040963788e-07    3.420499642770605040e-12
2.899997937965673032e+02    9.980158299820193202e-01    -2.388327100700091479e-03    8.606873499393345164e-04    8.733980533549462354e-12    3.567449966841243096e-05    2.512551331427187053e-05    1.049732006601147476e-06    6.075595479458679478e-09
2.900007123936546236e+02    9.995669838332713608e-01    -8.006267016752281491e-04    -3.811648991367193144e-04    6.614313350468006403e-23    3.430526994840768019e-05    2.441997601973526220e-05    -4.574753075077015567e-07    7.804656383341744552e-02
2.900002056311961383e+02    1.002125627899068672e+00    -1.234101297806334055e-02    -1.760248963703527200e-04    2.620080402236309256e-03    3.484909439674084911e-05    2.479511543834224057e-05    -9.062779761654697421e-07    1.357405666457768717e-12
2.900010161549424765e+02    9.994673425948676915e-01    -1.398229213819084636e-04    -3.821268093399203796e-04    3.963133529656817189e-04    3.308968536848950841e-05    2.313473519595581364e-05    -1.580152378569695482e-06    8.459450327539605463e-02
2.900004039242817271e+02    9.995549293859922191e-01    -4.055763822776313650e-03    -7.675669545710222055e-05    3.228146772819229715e-04    3.259303320686978073e-05    2.290038735996428236e-05    -3.752167129834946981e-07    2.248651441090498276e-02
2.900001074415935705e+02    9.992554651579258485e-01    7.339813698286257529e-03    2.925306801328862757e-05    5.293162821666321264e-04    3.538031826142339022e-05    2.541490171394319590e-05    8.533425843611734126e-07    3.919228064682917650e-02
2.899999716164459755e+02    1.000109028217156304e+00    -8.353747347368333659e-03    -1.288683305029367048e-04    2.249081913118380438e-04    3.348776870725720398e-05    2.400187439230842584e-05    -3.930991178789089735e-08    3.100486483073739822e-12
2.900001689689976274e+02    1.002618064021186806e+00    -2.786662351990406954e-03    -6.075132787375344193e-04    1.334704833352531221e-03    3.333150568318623256e-05    2.400873902832720026e-05    -7.558751438622169390e-07    7.166233674066831814e-11
2.899998718659907695e+02    9.996919308693327233e-01    7.494615906791251940e-03    4.687339603437746497e-04    1.250256967746068764e-03    3.589920304376919256e-05    2.512995794187427158e-05    3.312063128163856821e-07    1.029911138448396865e-02
2.900005883837617375e+02    9.993470336023974054e-01    -5.330977553344985048e-03    3.126873012527464591e-04    1.068685157701038200e-03    3.766165864027546832e-05    2.608215047054546977e-05    4.336856594726579804e-07    7.817958876398742318e-02
2.900002729319410832e+02    1.001496416663106626e+00    1.542850339455871869e-02    6.481395005078361272e-05    8.390171602271433550e-04    3.316577251649306803e-05    2.401031970467679014e-05    -1.082066766950551301e-06    4.683274310075105640e-03
2.900003244236401656e+02    1.000085549018326470e+00    -2.143170797083770746e-03    6.452522171992946772e-05    5.032527166571760255e-04    3.539646542897300897e-05    2.437056001669197751e-05    4.835012245322416771e-08    1.892164730017943317e-02
2.900006233118450609e+02    1.000859616251302153e+00    4.307633894096250110e-03    -3.653375887398205692e-05    9.855282934860679685e-04    3.574472997308192199e-05    2.577203417500681512e-05    -5.437286976025481075e-07    7.976784055613053703e-02
2.900003061236865847e+02    1.001022750531369132e+00    -6.089735237883925865e-03    -2.093582343964265613e-05    4.253744140176457551e-18    3.448087292264135164e-05    2.479606811129436651e-05    1.037489859923258262e-06    5.298720834547410163e-02
2.900007283692868896e+02    1.000137213503306866e+00    3.681864290687551257e-03    3.460506654719645164e-04    1.085129860274513082e-03    3.471591362575815264e-05    2.426976862030319143e-05    6.245388089801180988e-07    1.005181119211187718e-01
2.899999292610474413e+02    1.000145342405356352e+00    5.422878145626692029e-03    5.139920234595851938e-04    3.891123795754689554e-11    3.485289860999888901e-05    2.410813938709125201e-05    6.152372441780432852e-08    4.317253309295212768e-03
2.899995631197553507e+02    1.000708519015058418e+00    3.372856102297947488e-03    6.926227127352883742e-04    3.033951180133992078e-17    3.350307795426382679e-05    2.336315004140291973e-05    1.345330838894713821e-06    2.280949726328627408e-10
2.899999760327567628e+02    9.971522537798059860e-01    3.337652199417495084e-03    2.805252874657783967e-04    8.175690909063127228e-31    3.454622277512184043e-05    2.508405436546580931e-05    5.161350605186240213e-07    1.700028243590811293e-10
2.900001291453892804e+02    1.002180809002788608e+00    6.062865022066008490e-03    -5.526555754455535126e-05    7.459482126643204033e-13    3.577131163594162111e-05    2.506269391883613750e-05    7.935417770178168463e-07    2.743928985158495645e-09
2.899997430777345926e+02    9.990125094782197346e-01    7.340362233134244130e-03    2.700637028316625718e-04    5.763125032464514862e-12    3.629907045132416284e-05    2.613040776302940564e-05    5.328946549541856828e-07    3.090667486501970055e-10
2.899998986906643381e+02    1.001230046533408080e+00    6.411826039167243694e-04    2.872095834482554419e-04    2.753598882792372086e-03    3.466397445037950118e-05    2.435556969354171682e-05    -1.253976514882920479e-07    5.700625516517510363e-11
2.900000880376989585e+02    1.001352414709863803e+00    -4.912078119934271559e-04    1.873430320038040650e-04    7.800018458793931157e-04    3.339308083745566342e-05    2.338765716426999066e-05    -5.888551852575249594e-07    1.181945152007992665e-11
2.899999814908034068e+02    1.002746740045138862e+00    6.044207345004650941e-03    1.049385323162259467e-04    1.486634264374244309e-04    3.221558292426467390e-05    2.403316859832639943e-05    1.586368675966971643e-07    3.365407340331255312e-03
2.899999921315526308e+02    1.001663022377430323e+00    6.620831843783853317e-03    -3.200028846247221655e-04    1.560160758838528603e-11    3.571053905906155054e-05    2.508355281420543683e-05    -6.179197685013297600e-07    1.903732580138340494e-09
2.900005353528347314e+02    1.000767944699572753e+00    4.982497583335193311e-03    -2.243299314682570722e-04    2.280855930488543510e-04    3.567520947960290745e-05    2.522156377765244603e-05    9.432366864619023294e-07    9.715736380248642112e-02
2.900004835853516738e+02    1.000322789715085481e+00    2.273031835547685304e-03    -3.500902528419992947e-04    1.916259481562366831e-06    3.419255394027636695e-05    2.458027078037766514e-05    -1.879397537804955494e-07    5.106978612707639004e-02
2.899998705816719848e+02    9.997461615792765377e-01    -9.415231408789590320e-03    1.588524695299456477e-04    3.447771168470195775e-04    3.543931653075704682e-05    2.466942441652172330e-05    1.593861664144931792e-07    2.565617187916016231e-16
2.900002624943452929e+02    1.002130762665379704e+00    -1.696400446588809804e-03    -9.785927208108007752e-05    1.349563165636359947e-11    3.321999873006408551e-05    2.363982091737729704e-05    -8.633329143193055052e-07    1.751244239175461103e-09
2.900000302773486283e+02    9.977419019202332651e-01    -7.661269601340805341e-03    -2.650336440074285366e-05    5.547961374062131221e-04    3.360449939918914238e-05    2.414429606480059641e-05    -3.846352257531631927e-07    2.546303018862855049e-03
2.900000225415490149e+02    1.001212840486018552e+00    9.031599893912056753e-03    3.913016680867124572e-04    5.249769616402829436e-04    3.561743427600536251e-05    2.525525379656225872e-05    1.007972207585049896e-06    5.650846522554867080e-02
2.900003482914562483e+02    9.991379850499454429e-01    -6.413206476950210518e-03    4.479514986922374423e-04    1.680639354433028302e-11    3.624158445414260831e-05    2.610999859362566022e-05    -2.248311063258259219e-06    7.895345334762362630e-09
2.900001014956031895e+02    9.986181795582603771e-01    -4.473078134122876991e-04    -1.071018903859548836e-04    1.146209362724146009e-16    3.509619159314489751e-05    2.509791080947150471e-05    7.209993034598668631e-07    1.325651959514710133e-02
2.899999111173365804e+02    1.000025323539798894e+00    4.778685319503747642e-03    -2.397949410822132574e-04    4.551396251282507623e-15    3.492186711537118466e-05    2.539597462351741642e-05    1.368699659225308912e-06    3.542398785690165780e-02
2.899999325531451291e+02    9.965180670332364210e-01    2.112080302080322682e-03    -2.830337770267837621e-04    3.050006133947394209e-12    3.656283118778241338e-05    2.574045783273566908e-05    5.680399944597883578e-07    1.742327161963970819e-02
2.900003439020319433e+02    1.000924671545177835e+00    -7.856773981628146011e-03    2.570794158939261869e-04    4.559239754108464461e-19    3.621697494709916101e-05    2.529566096347473218e-05    5.641149503946574753e-07    5.233724495627863071e-02
2.900004166449347167e+02    9.986140176194667761e-01    4.946046500691327757e-03    7.208763017099506032e-05    4.503107978276285102e-05    3.571994622072429993e-05    2.533585381572140931e-05    8.225149798059634764e-07    5.929105511430562969e-02
2.900005984382319753e+02    1.000446045156321739e+00    -4.198649360032221528e-03    -4.227841649430779554e-07    1.518569126015682259e-03    3.503732355545936540e-05    2.447286808174192174e-05    -7.408839011935733033e-07    5.658050688060401595e-02
2.900006692373090686e+02    1.001001888576512400e+00    2.168027150677049718e-03    -5.469076082612945363e-04    7.944416065737015764e-14    3.467734000137901395e-05    2.480849894196370667e-05    -1.507022735472032747e-06    3.705007408825717469e-02
2.900007610986181135e+02    1.000555527291113744e+00    -6.446672237783473113e-03    -5.158310645940370842e-05    9.929289585249992996e-04    3.534723856551699690e-05    2.429082059559332357e-05    3.389088353275035598e-07    9.471933700677839796e-02
2.900000488203864961e+02    9.989273178281381504e-01    -6.365771474773297169e-03    1.437407749518262914e-04    4.978423735076428595e-04    3.419148209995205307e-05    2.400324334312950816e-05    7.462212667966104864e-08    7.953114398679067223e-12
2.900004682525339490e+02    1.001953986943107111e+00    4.122526356700976645e-04    -4.050399084646923577e-04    2.782514416239566723e-04    3.347214098775628079e-05    2.480736011771826692e-05    -1.740544848604546212e-07    1.998299839095257768e-02
2.900000998189597681e+02    1.001242191285988126e+00    9.782724377690050696e-03    -3.203024511789215995e-04    6.587269423135400179e-04    3.355537310354803640e-05    2.501204325967616596e-05    -1.747957653498696788e-07    4.531974870255757459e-03
2.900000456286003327e+02    1.000700962199161603e+00    -5.943282957655947850e-03    -1.423738087340653666e-04    4.823124414922193965e-04    3.554792741229884984e-05    2.502251383748578000e-05    3.013827207060205793e-07    8.635288151916904048e-03
2.900004079556642864e+02    1.000426766916682864e+00    2.008354584677928478e-04    -2.362715827989287403e-05    8.907156271214940023e-08    3.361755797946550892e-05    2.433865779011942147e-05    -4.292509981617670697e-07    5.077252330611567444e-02
2.900000048558733852e+02    1.000520160002237757e+00    3.768171260314872369e-03    -1.915120578735558744e-04    1.101509064273678477e-12    3.560565428034071693e-05    2.555377524050794872e-05    5.151942295665597823e-07    2.744380650944655206e-04
