# f_r [MHz] A m phi D delta_r delta_ere delta_eim a
2.900000759627682783e+02    9.987956707990931493e-01    -1.311658523324949269e-02    -2.490338558028455402e-04    6.583357624846687418e-12    3.444700837622469895e-05    2.538025004405526590e-05    -7.273114826381636437e-08    2.478829386088993059e-09
2.900000868229946036e+02    9.999810797853374567e-01    1.600587042214878181e-03    2.933925330039827595e-04    2.588604403613834258e-06    3.693811592047104833e-05    2.665847644515709138e-05    -9.681450323792869294e-07    2.241500291299908453e-15
2.900001891992777132e+02    9.974312071108477618e-01    1.887514604547348672e-03    4.826058538859873538e-05    5.695588535633877873e-04    3.468156548853317873e-05    2.481323086556900658e-05    -6.712573617200091859e-07    4.903460454731333807e-11
2.900004055762069584e+02    1.001876974888690652e+00    -2.133598452660044002e-03    -3.387485878529372164e-04    8.447226004831440106e-04    3.363831701327131150e-05    2.430087677175823789e-05    -3.150532283958583750e-07    6.686707720922423215e-02
2.900002700135219698e+02    1.002622855699977222e+00    3.045080970404087303e-03    -3.212857161889893912e-04    1.742050328715528951e-03    3.320096661888926102e-05    2.414972987867563791e-05    -2.354029371191747200e-07    2.974524226250613628e-18
2.899997361376298954e+02    1.001397077339009956e+00    -2.928688449980370277e-03    5.909825221191663570e-04    1.580756003236016274e-03    3.499016814710092713e-05    2.503256327704551058e-05    3.899785169367069147e-07    1.445937509949179621e-09
2.899998689243797685e+02    1.003415382921561960e+00    -7.955629147900575987e-03    6.578583329928288292e-05    4.723060439374172632e-04    3.409216419949726565e-05    2.491647720980635252e-05    3.950840664876655548e-07    2.807699856247026067e-15
2.900001719613185287e+02    1.000383479907017703e+00    -7.612743880304067862e-04    1.623787536136742549e-04    1.926553066883778978e-11    3.220086457102285698e-05    2.371856469450455153e-05    9.798010417885684467e-08    1.935370526440945183e-09
2.900000190992145122e+02    9.982865772778179991e-01    3.121199522250700867e-03    -1.604375358162244336e-04    4.100885182067358446e-04    3.613339110230599874e-05    2.555959123063847289e-05    -6.609453826093787190e-08    2.433188696154122560e-02
2.899996612084840990e+02    9.977511212004827046e-01    6.617961699598354404e-03    -4.022942697069645875e-04    2.358271735027292395e-03    3.572473295943348875e-05    2.584705640850525567e-05    1.474649648254937786e-06    4.137473715403366652e-12
2.900003717083255310e+02    9.978392551893359164e-01    4.222513225838021682e-03    -2.886095873460838793e-04    6.572897842735020727e-04    3.577122959340693571e-05    2.578551367924133582e-05    -3.902310114197494358e-07    3.578135475036221119e-02
2.900004557275567549e+02    9.987184294395519135e-01    -7.787406949331100031e-03    -1.557288077531736174e-04    2.041756256209128913e-14    3.547935569418043234e-05    2.554927943448975027e-05    -1.455687146975201159e-06    2.947898760979754886e-10
2.900000373789505375e+02    1.002037243594688265e+00    -1.533535247504772166e-02    -1.582961445577039320e-04    4.467223871469963559e-04    3.570456935138301114e-05    2.638688183995147848e-05    1.968511167786411687e-07    2.352440281907839352e-09
2.900005714397743191e+02    1.000069535076653304e+00    9.462723503445625607e-04    -3.282591543860943111e-04    2.388702422676112705e-18    3.452934612599626685e-05    2.533588097208128973e-05    -1.020309215801909669e-06    5.332619008829005136e-02
2.900001164558667028e+02    1.001207045086149439e+00    1.798709770844648861e-03    3.290113166726817140e-04    1.498360466453281374e-24    3.663990167499612811e-05    2.467563191347939836e-05    1.716644709684932686e-07    3.018231071568115072e-09
2.899999216308413565e+02    9.935138846517979072e-01    -4.149782915947410229e-03    2.270475130056642853e-05    7.838033331359096540e-14    3.500656534480877166e-05    2.559621456928538112e-05    -6.020433505333962731e-07    4.885922939079266382e-10
2.900000055619399291e+02    9.985067898139254883e-01    -4.938254664578234886e-03    5.222803769519628828e-04    2.777594123205614667e-18    3.615725430156424206e-05    2.609912474824377027e-05    -6.241882881962998489e-08    6.485627199805668396e-12
2.900000478797347796e+02    1.001394176046612072e+00    6.730022917874670801e-03    -8.473703579348887188e-04    8.960196782695316052e-13    3.549431038492138757e-05    2.599670904588830054e-05    9.352654015963762340e-07    3.111767991583766491e-02
2.900002646910637054e+02    9.970170348668447868e-01    5.498480336522200331e-04    -2.889720834372398349e-04    2.728178751588039585e-06    3.479530920577054737e-05    2.536603052497193143e-05    -3.480613832912966376e-07    2.978017915524875812e-10
2.899997063898619558e+02    1.000149886209758199e+00    2.348603827941096647e-03    -2.391734597674163539e-04    1.266032509076975815e-13    3.648580374729519423e-05    2.604689566728580593e-05    3.738853276520369209e-07    7.130721876724886374e-11
2.899998733090502014e+02    9.972046473470623784e-01    3.332953347310773067e-03    -1.998432096269660651e-05    1.439488133849299643e-04    3.625296031915866427e-05    2.618630649419861859e-05    1.853644167593049425e-06    4.930109320182671923e-02
2.900005912332008506e+02    9.986663619570413930e-01    7.066776963057580171e-03    4.142547354047774609e-04    1.772100007395752075e-13    3.574359965875507873e-05    2.587903015148879953e-05    6.603412714996070849e-07    9.852317784612914242e-02
2.899998633900464142e+02    1.000262969024065862e+00    -4.382373663334169882e-03    -3.054337219759285056e-04    2.794008321368079716e-12    3.714426301470590978e-05    2.639019470486675148e-05    8.028762339208511742e-07    5.379903585912577252e-03
2.900003183039540318e+02    9.981438923689015530e-01    1.050420927332661701e-02    -9.681255425027789649e-05    2.681129943362127264e-09    3.312004952369003441e-05    2.433035752251995359e-05    -1.148561511456722003e-06    3.319582393145496108e-02
2.900000004978031711e+02    9.982180725504605778e-01    -3.115027350578607190e-03    3.560815842410238949e-04    2.038049494684311799e-04    3.230298216347610147e-05    2.409131093371445854e-05    -7.934837743700796141e-07    1.127401989005469198e-11
2.900000681436326886e+02    1.003158455906417501e+00    8.473520610210220905e-03    1.875203954670962112e-04    2.115659095395088733e-03    3.699519908963424457e-05    2.583996753607323014e-05    -7.590136900011265109e-07    1.725424606149720836e-11
2.900003557252669566e+02    1.002838479499304603e+00    1.790251926177337943e-02    1.637297745889843611e-04    1.584795175578086529e-03    3.477209054019305101e-05    2.548180778838835656e-05    2.230903420126626572e-07    2.673213978809649630e-02
2.900005940904665636e+02    9.983919731842106904e-01    -3.358608150856352489e-03    -1.188881601449534514e-05    1.496477946741760335e-12    3.260012736328083045e-05    2.371441791359852998e-05    -3.393531047072168862e-07    6.957723637845024400e-02
2.900000966806989027e+02    9.995846756310248216e-01    -1.153676935704126992e-04    4.167446019641695711e-04    2.483487659490468246e-03    3.406436735810998033e-05    2.410354019539998074e-05    -4.048049649985414452e-07    2.759901137346939433e-09
2.900000102310227703e+02    9.995207849251291909e-01    3.953831542459237784e-03    6.995021069277123293e-05    1.203504752305104725e-11    4.071355696107293226e-05    2.681218518316441318e-05    -5.975577223643889752e-07    2.514857016860168082e-09
2.900006104423175657e+02    1.000920329128986985e+00    -8.642637112145887951e-03    -1.937553158632708864e-04    4.317427032986863014e-13    3.660069996351161304e-05    2.556028708138203889e-05    -8.922284379291853337e-07    3.913038983728633208e-02
2.900005857150457018e+02    9.980706365771974120e-01    1.268767626829402952e-02    -2.828502455464841506e-04    5.166209939868431891e-05    3.651077843056221834e-05    2.615376271526219964e-05    -3.260859846231266903e-07    5.376469800243073582e-02
2.900001998781990551e+02    9.987084977750663173e-01    -1.384724566031017914e-02    -3.361571618175063485e-04    5.794883659221987567e-04    3.571530934255576147e-05    2.546213799002576555e-05    1.326960844951377252e-06    7.147399920113389760e-02
2.900000180137602115e+02    1.000741234041541361e+00    -5.353933141324157194e-03    -1.527016883264760449e-04    5.231966970716863665e-04    3.457354651084451619e-05    2.401404383529594553e-05    -2.193186603357409813e-07    8.332078542534015846e-11
2.900003721803861936e+02    1.002106066870234846e+00    -3.047768349166642826e-03    -1.051486832230009104e-04    9.619710054793429561e-07    3.722284480612428402e-05    2.635845159234861322e-05    8.219316890042523050e-07    5.055854917337600923e-02
2.900002754953606541e+02    1.002398509665265003e+00    5.379091576247332744e-03    -1.808059943828490125e-05    1.385359477842816817e-03    3.594935954244141688e-05    2.516827597161583980e-05    9.079292693392172134e-07    8.076366851017420523e-02
2.900002878931779833e+02    9.988321333630664212e-01    -1.078675309154961126e-02    4.004210191749256790e-04    2.756592783097966881e-04    3.510046858030469087e-05    2.500900275050536674e-05    -8.897132571530179843e-08    1.296306932764790211e-11
2.900000414380786538e+02    9.993733561896387396e-01    -8.353293595073536804e-03    2.451012879105532102e-04    7.482657222808856198e-04    3.741917310743089151e-05    2.558566424388400730e-05    9.265397526867173613e-08    3.133160786769719881e-13
2.900004501873404479e+02    9.994639729778055370e-01    -7.152322323668592816e-03    -1.804596920772385637e-04    2.103620762937029560e-12    3.521738129683055397e-05    2.508572351103601972e-05    9.636501896117797375e-07    6.738928006263766868e-02
2.899999096997809147e+02    9.994812754990439752e-01    4.348224780846687691e-04    -1.705698386140760086e-05    1.010100930680078246e-03    3.623365517719710581e-05    2.532885707955529587e-05    -1.392355101528204530e-06    8.018852913241283047e-14
2.900000230794712479e+02    1.000466332361646060e+00    2.692983947199072137e-03    -3.474555534105568957e-04    2.262410046485946891e-03    3.354294211284984911e-05    2.522210503850140555e-05    -2.272083401062607808e-07    6.547781164363421265e-10
2.899998385133884540e+02    9.986372573594555213e-01    1.214900546095749705e-02    4.151428429020738399e-04    1.716517464105205958e-03    3.524995633881935472e-05    2.458666475478909531e-05    2.392679535662308153e-07    1.142562511315566292e-10
2.900004365884400386e+02    9.970360963020366007e-01    -1.245351710735429114e-02    4.498249900553402773e-05    1.101998530404931214e-03    3.349137899404990368e-05    2.505396796964926465e-05    -1.207085997147809766e-06    9.978062072559820347e-03
2.899998104418072558e+02    1.001021738893724145e+00    1.238360108965133946e-02    -2.547557548917726367e-04    1.327820777671230747e-17    3.713351578752729080e-05    2.603207420285137694e-05    4.241836800041705113e-07    1.014193243041893577e-10
2.900001600381859816e+02    9.993814365111017839e-01    -4.115539791152940559e-03    7.263500224361985253e-05    4.529138618194990034e-07    3.300255588701838945e-05    2.388844890137805039e-05    -3.861750221308092328e-07    2.793377911055371434e-14
2.899995388751536325e+02    9.986468404347123018e-01    4.034107069213600447e-03    -2.981347321479847919e-04    1.994794028447532616e-04    3.739268628915319608e-05    2.593003272840307085e-05    1.290862156662571557e-06    8.817449446224903832e-12
2.900001674063973951e+02    1.000842379924998582e+00    1.201511869806158410e-04    3.026211679797542807e-04    5.595498845396233017e-04    3.591213507375688502e-05    2.561677119438215459e-05    -9.514396474897100255e-07    6.081934667075437418e-11
2.899999629288574852e+02    9.996249974543847117e-01    4.161253535122407389e-04    3.725189026921375780e-04    1.718323715904651486e-04    3.446121252734346920e-05    2.501978852788106094e-05    6.385044887268433739e-08    9.755069331681011759e-14
2.900006071821873661e+02    9.998955605370589694e-01    6.324192255355582347e-03    -7.224809486262229110e-05    4.687014906553521045e-11    3.566218969390829829e-05    2.556120698046353504e-05    8.634382130478239937e-07    6.792295042402961280e-02
2.899997961607397770e+02    9.987774374964627500e-01    2.125953643697208687e-03    -3.159047225260748346e-05    4.815685751487644651e-05    3.773585835654825050e-05    2.591570046981420684e-05    -6.462010253532545235e-07    6.500988774352831185e-12
2.899997985805408121e+02    1.000714780791087444e+00    7.655536252483010305e-04    2.793686368958343564e-04    1.327370749777904502e-03    3.747595793414742023e-05    2.567298377092488870e-05    4.691560914245777083e-07    2.300309010500637650e-11
2.900001245861305961e+02    9.989121365083180049e-01    -8.744340364037938435e-03    -5.916706719319897358e-05    1.423997063054184250e-04    3.494472445301090286e-05    2.529248730119031314e-05    4.811230916447600490e-07    5.377796989667208566e-02
2.899999306140941826e+02    1.000483112441119316e+00    -1.140400610891598686e-02    2.984034145767653690e-04    1.830158666445786059e-03    3.537687981413272995e-05    2.494297335957567526e-05    -4.858598591749450755e-07    1.546664352487764152e-16
2.900001199678460466e+02    9.994481441618571216e-01    1.762084553364112044e-03    -1.552605813567774706e-04    5.222975253350765793e-12    3.703889668526712806e-05    2.624127215656113393e-05    -6.114013891465181097e-07    4.592430507146005522e-03
2.900000476872381228e+02    9.991800716754762890e-01    7.020801858266344404e-03    -4.442981649346103290e-04    3.215429558294729357e-04    3.577389727122852670e-05    2.580539636208442760e-05    2.952174006111043714e-07    2.672858469537892469e-14
2.900003553399557745e+02    9.974317220704654874e-01    -1.006850230918312529e-02    1.622438676397721809e-05    1.843665298185903894e-03    3.512076014890491064e-05    2.525058486066488004e-05    -2.092390612823178707e-06    3.881079702218002828e-11
2.900001400618540401e+02    1.000672406473056109e+00    5.796502588147605523e-03    -3.797894479420717870e-05    1.714852853606975468e-03    3.596736432009215031e-05    2.501436583809448622e-05    -8.323316128631246279e-07    1.094140718375631940e-12
2.899999685853309757e+02    9.997462014997117175e-01    1.008231343255354320e-03    -8.775481965524187310e-05    1.634947386164333459e-04    3.547350334456558291e-05    2.554697675592455764e-05    2.595236692917247169e-07    4.532506446787525599e-11
2.899998013732122786e+02    9.986641104680556991e-01    -7.457746936480969500e-03    -2.505853378086946324e-05    1.093068795431989196e-14    3.616321907865145262e-05    2.476738788546367623e-05    1.596285307212090041e-07    5.305495558556503659e-09
2.899996081960909464e+02    9.975461598493980953e-01    9.277061176598462924e-03    2.432474004250233365e-04    1.305183451706521941e-14    3.642100144443891096e-05    2.556086729582448237e-05    1.174515651202683402e-06    1.321458661991409543e-09
2.899998739733663342e+02    9.999234224360348255e-01    -6.400264679294773336e-03    -3.843000988324294265e-05    7.924459877501563183e-04    3.675500599875784925e-05    2.633081027165627271e-05    -1.074876770149644553e-06    1.734459897538218054e-09
2.899997992213181988e+02    1.000557297115931554e+00    -1.607007185711702493e-02    3.662760798336839492e-04    1.658983227424997613e-03    3.523070420877043204e-05    2.514624581084915630e-05    4.981308826884698065e-07    1.728710992595223735e-14
2.900002470103789847e+02    1.003187558866417417e+00    1.744011687942315916e-03    5.787315791288948769e-04    1.313078554797147317e-03    3.680171783902599583e-05    2.591480968769987932e-05    1.574151638804296624e-08    3.291670848074893657e-02
2.899998111664089038e+02    1.000056549742144307e+00    4.717770956745231504e-06    2.464475715694660805e-04    1.553055926112956229e-20    3.549618001991819595e-05    2.446867352041044391e-05    -3.137791581774508722e-07    1.299048455863974330e-08
2.899995675948173925e+02    1.003216996314900689e+00    1.028180371205280469e-02    6.820516784934780550e-06    2.415227526936812571e-11    3.560852171556505883e-05    2.415968903697300003e-05    1.363089455129093426e-06    4.005548465810699219e-10
2.900007840893604794e+02    1.003198189338541768e+00    -1.517468501232415758e-02    4.163539129565762805e-04    8.447164162671995510e-04    3.714760319667534958e-05    2.613345080383437500e-05    -5.683544198736105842e-07    6.602550891378784759e-02
2.899999214017856275e+02    1.000906294668013174e+00    5.549049649102337327e-03    2.162079180632556884e-06    1.268347201027442053e-03    3.343225173743860786e-05    2.483854826710212691e-05    4.504866313207530210e-07    1.425110200552417595e-12
2.900000977211423105e+02    9.986701613821961088e-01    -4.916598707388670532e-03    -8.577543546104014413e-04    4.638121903647739359e-04    3.388692856619195587e-05    2.573401723203242892e-05    -6.042202432752942061e-07    4.597988921278007600e-13
2.900001194071306259e+02    9.978469000582955717e-01    -1.710923923282994374e-03    -5.813274291032308288e-06    5.213360072292340380e-11    3.419843608174590244e-05    2.536328955247051930e-05    -8.478441238038732581e-07    1.363630744134043481e-08
2.899997799609328695e+02    1.001532204559394623e+00    5.697560006907511840e-03    -3.533103231041553730e-05    8.408937132636110827e-13    3.705918100421962732e-05    2.653728239943680241e-05    5.275301796745705015e-07    1.123850046079046504e-02
2.900004266871783329e+02    1.001598944862812868e+00    -6.818552589365488130e-03    -5.660574936361679847e-04    1.912026736917008954e-10    3.573159844187795555e-05    2.535876418368916758e-05    -2.386461723154553125e-07    3.718084722893760102e-02
2.899998122287109368e+02    1.004030732094538081e+00    1.511672005863609874e-03    3.055611092970911366e-05    2.526146442780632093e-04    3.627018099636425522e-05    2.618200345698331721e-05    3.019440962499821317e-07    1.649449928327600680e-09
2.900001173545942379e+02    1.000360940649985819e+00    -4.114198060529655407e-03    1.062871654557478513e-04    8.046777542850946235e-04    3.766609350118497264e-05    2.621700340680157751e-05    -9.705959107388768545e-07    2.078164283728230641e-16
2.899999993640381604e+02    1.003491804726477143e+00    -7.864678303567938095e-03    -9.690388788292610741e-04    1.948191448555260526e-10    3.455876522790092580e-05    2.526791397299938221e-05    7.714832038340120347e-07    1.077868011232559236e-08
2.900002008197714645e+02    9.983023235647683347e-01    -9.725446650970375265e-03    4.215784328181806906e-04    7.329391538281197986e-13    3.454455789432344412e-05    2.398429652032483389e-05    -1.102822196049144954e-06    1.828029673059004815e-09
2.899999995391409584e+02    9.983871382724713861e-01    -7.396304601442600830e-03    9.498480161048783801e-05    1.011067487321541655e-17    3.297510993423441325e-05    2.501401877337855760e-05    8.395868810056227414e-07    5.622549496417213208e-13
2.899998996402528633e+02    1.000100670776125522e+00    6.276250797181603426e-03    -3.823136483707800359e-04    8.284467336818868684e-17    3.680190432390681026e-05    2.608967364868242011e-05    7.061356058984222119e-07    7.926198809050604756e-13
2.900001203070879683e+02    1.001573660157495604e+00    2.275401091729542611e-03    4.597928887345387937e-05    7.116735608777756025e-14    3.509320035938654332e-05    2.606000521812077718e-05    -1.318044097477315667e-06    1.688786708390648094e-09
2.899998346028138485e+02    9.996116605472703531e-01    3.165003781269797121e-03    -1.783786471745024704e-04    2.065072549926038080e-14    3.559810732773284925e-05    2.605289466203920953e-05    -1.185762149985028973e-06    1.681602157389455385e-09
2.900004825247001463e+02    9.986208659721768077e-01    1.177862662311416828e-02    2.191036292040741029e-04    1.629344379970561543e-03    3.485961635750521522e-05    2.648549419557674913e-05    -2.766228625416067405e-07    4.948311032456065989e-02
2.899999819259972469e+02    9.996075209969385034e-01    -1.213759579391736863e-02    -1.352574002570173014e-05    6.971181109230042234e-04    3.694440484540548100e-05    2.500970367852388778e-05    -7.451631161518049379e-07    1.227721509593432334e-14
2.900002827206020015e+02    1.000290930897213881e+00    -5.915549253790231866e-03    2.433031430035672649e-04    9.002297826375645462e-13    3.496625826557621939e-05    2.516579601676557172e-05    -9.623638267717926565e-07    8.083245067824465849e-03
2.900001120651768360e+02    9.987314744326303284e-01    -3.467318479342588241e-03    -4.160053492637016178e-04    4.925470226630154248e-04    3.732305381650008604e-05    2.672418291257998012e-05    1.370265014676943669e-07    6.829483894249097802e-14
2.900001726962678958e+02    9.975724477276055602e-01    -2.126257416573989925e-04    2.138007794432300037e-04    1.113292636311655997e-10    3.333341610193842855e-05    2.565315042375868797e-05    -3.338784709865922972e-07    1.312799036359095332e-02
2.900002275828953771e+02    9.985721120552261132e-01    6.847102577705863925e-03    -4.430068836436253598e-04    9.349293011691110017e-12    3.557840941755582419e-05    2.460820708164335614e-05    1.394641433509565078e-07    2.134551625060043117e-02
2.899997175113350636e+02    1.000011912240453160e+00    -4.418797914849657317e-03    2.639914041363077934e-04    1.816151028466504773e-36    3.440784658564508355e-05    2.446602642080706629e-05    7.386271148355049384e-07    8.312018381304164207e-13
2.899997084773050346e+02    9.989163765487871771e-01    5.872155301483670056e-03    -1.318171836873293768e-05    3.034187496867158649e-21    3.665698812761779079e-05    2.572166661954886112e-05    8.263090280246403605e-07    4.368635429410503153e-09
2.900006815653567855e+02    1.000303523231766523e+00    -5.304824822947576055e-03    -4.606947395299930068e-04    1.117668263910095213e-03    3.648706288993301228e-05    2.674870244495941663e-05    3.425170551961243745e-07    1.065266321493237994e-01
2.900000503305588495e+02    9.992130509993253362e-01    -9.557273279393519632e-04    -7.714247519379095535e-04    8.939859102403104529e-04    3.441104002149960282e-05    2.514092111671537954e-05    6.519919333294116701e-07    2.397599439279380165e-10
2.899999683282114233e+02    1.000465529616994198e+00    4.015770539425556410e-03    -1.429161944620386876e-04    3.361328303601256413e-14    3.379807258860186107e-05    2.497671201637835145e-05    3.093644395770404088e-08    1.745177950898033320e-09
2.900000952274928636e+02    9.967137042824255611e-01    2.608643180170117874e-03    3.925696833295366740e-04    2.532217555992690599e-04    3.644052980874527299e-05    2.560167446630303318e-05    -6.480527834279700867e-07    3.450915171732096869e-09
2.899997710009096181e+02    1.000116122202687530e+00    -1.408754114975955098e-03    -4.563358748534873839e-04    3.849239700460452404e-04    3.554005496748140127e-05    2.518981545108832609e-05    1.227158733471757748e-06    1.563285458530089636e-10
2.900004811589536757e+02    1.001698418047485939e+00    -8.314106527245358411e-03    3.832895543473194408e-05    9.247703459445496968e-04    3.669542991743284422e-05    2.620804569186945083e-05    -4.190361855952925885e-07    5.875634870842225133e-02
2.900004849129825288e+02    1.000436041519858987e+00    4.574174798367330874e-03    -4.275121933747217350e-05    2.411022125728512315e-03    3.305428865674336371e-05    2.497312631861249438e-05    3.933266795515096758e-07    5.788645402912161175e-02
2.900004501937511350e+02    1.000284260485271970e+00    1.194538772463494408e-02    -3.947577142875774043e-06    5.018750376508589271e-04    3.675802074139376699e-05    2.548305137452237625e-05    1.512120711486701745e-07    4.920801715981886620e-02
2.900002001082740435e+02    9.996720280198597708e-01    3.776148187447842842e-04    -1.619248160671087219e-04    1.660854565593985655e-09    3.791325296497934804e-05    2.609187759134323526e-05    -1.017240483610580498e-06    5.480110089489291037e-09
2.900002336794887583e+02    1.000389835520617110e+00    6.017003163316028171e-03    2.643441476024174460e-04    1.716757087840533943e-16    3.436276851700224117e-05    2.410964325909562309e-05    -7.614560238820618525e-07    3.627241208187474181e-10
2.900000301076257756e+02    1.001591167607773780e+00    -3.691477854321554338e-03    2.328226734979974721e-05    2.811211829084212011e-17    3.757440396302983235e-05    2.580593420802707638e-05    -2.439082607517289884e-07    1.834272322265782559e-08
2.900001172266997287e+02    9.989864883582372235e-01    -1.383608025462731029e-03    -5.507330817242367263e-04    1.029276489404614283e-06    3.496861774858592200e-05    2.531630331521895255e-05    -1.332833906396443168e-07    2.483834070359418070e-12
2.900001394086911546e+02    9.981399466104043938e-01    -6.287832420434466031e-03    -3.428759214010453863e-04    1.518655231867044614e-18    3.773003853016400360e-05    2.637166576231938093e-05    -1.573448351199388272e-07    4.596877612928733370e-02
2.900001195300592371e+02    1.000136572237676269e+00    1.245224592032707868e-03    -3.316328645479197984e-04    2.808242781343643694e-05    3.644457899461424187e-05    2.645987609912415421e-05    -1.066058474127280757e-07    4.787466902886165776e-02
