# f_r [MHz] A m phi D delta_r delta_ere delta_eim a
2.900001246180838734e+02    9.992122292295150254e-01    9.757833348766939419e-03    -6.484491160015150323e-05    3.332733954041136723e-04    2.772863929373839935e-05    1.607726232830465651e-05    -8.646281955812482467e-07    4.904009572920150069e-10
2.900007485612651408e+02    1.000674354182631065e+00    1.306835185517928218e-02    -4.388904198371731724e-05    4.873423383156006472e-18    2.422624359028106519e-05    1.498452450408798831e-05    -1.197756062885410589e-07    9.298531852089692018e-02
2.900004118856688251e+02    1.001773021564144051e+00    -6.253289035706830271e-03    2.004813033357012773e-04    2.388470444027359382e-22    2.405244426776607190e-05    1.455171401201226711e-05    -4.204883575487104820e-07    1.656142355408650110e-02
2.900002337300599038e+02    1.000202127006255326e+00    -1.051619383995863483e-03    -6.431045547811711175e-04    5.925761613312261963e-04    2.507235845488283124e-05    1.577838708020048352e-05    9.788910390796044307e-07    1.026151033301288540e-01
2.900005291337593007e+02    9.963750147715373373e-01    -1.393271969458251486e-03    -1.065302221271403015e-04    2.508914855904462431e-03    2.243973747540542316e-05    1.390813587066451828e-05    -2.942733217974260099e-08    1.034519827603511410e-01
2.900006467823372986e+02    1.002291363978604188e+00    6.520081849737062452e-03    1.402754262116105005e-04    8.563612269635285856e-20    2.417991502290143957e-05    1.495693782820403362e-05    3.723076234802602530e-07    1.110003676675062889e-01
2.900000210745787967e+02    1.001225816241052557e+00    4.342024594028915351e-03    -2.126781736023083090e-04    1.206828246946398158e-04    2.370979223911746472e-05    1.533018166477016870e-05    3.388867950363368729e-07    1.371724283437525157e-11
2.900001612464769778e+02    1.001933582043680548e+00    2.898385455308574981e-03    3.159283783158617527e-04    3.094126503216919047e-19    2.441831763632353660e-05    1.529731388792263162e-05    -2.999462127662230455e-07    1.416042211179988989e-09
2.899997911942681981e+02    9.968630636902133801e-01    -6.664848504767450187e-03    7.997247670830531666e-06    1.239410423137992520e-17    2.434127251234117684e-05    1.509858491578342943e-05    3.214184811006510435e-07    1.275832396928954499e-06
2.900000098237148904e+02    1.004533056665444901e+00    -1.177487683534731225e-02    -7.708301888803461687e-05    3.524667385443106487e-23    2.414975259327251071e-05    1.414584705730848524e-05    -3.769598105987790329e-07    3.307315761931966185e-09
2.900002219994744905e+02    9.995410994568858509e-01    -6.095942072569594024e-04    -2.017671510496976467e-04    1.062197352842820901e-03    2.489556871467743401e-05    1.576316605375465777e-05    -4.926285556165611957e-07    4.656841365759406810e-12
2.899999287459029347e+02    1.000487685636932245e+00    4.980102742509382244e-03    3.556671643910993066e-04    3.647604273423562963e-26    2.425549750630343109e-05    1.539318554759106175e-05    1.246844718477698076e-07    3.415456698766362163e-10
2.899999323387716004e+02    9.998083879567528642e-01    1.272187972426007743e-02    6.122239792780336193e-04    3.749593426193385663e-04    2.516843734293272602e-05    1.512728331012867257e-05    -9.587970850756573501e-08    1.158356887625667381e-02
2.899998807443722058e+02    9.988825901805949981e-01    -9.044243315746368058e-04    -9.212824749716006444e-05    2.028394481870168103e-03    2.762153603191571513e-05    1.596219706851567471e-05    -1.573083735289635502e-07    1.912471033201003632e-09
2.900004082407540977e+02    1.001025260112142767e+00    1.643258999245572659e-03    -4.354896503726016980e-04    6.036637030048873191e-04    2.308738105877486735e-05    1.499946261233883396e-05    -3.256878511044566192e-07    1.227027301774353402e-01
2.899998704694940557e+02    1.001056364331815773e+00    -4.249829572484035978e-03    1.543218177814798377e-04    2.077332920647466125e-03    2.759373373639151827e-05    1.593554502446461197e-05    -5.099145765226753459e-08    4.646263094207495910e-13
2.900000138189749350e+02    1.001796486787620344e+00    2.192766993199781118e-04    5.664144355253393189e-04    1.303927908556923139e-19    2.578986828458806863e-05    1.543083044349664266e-05    6.487252671478120102e-07    3.976068005196114191e-09
2.900003248932750353e+02    9.995786224746789905e-01    9.970633359407312518e-04    -1.828347756453578023e-04    7.496732480395561964e-04    2.278911647968466712e-05    1.460224057573953943e-05    -1.175438076132644993e-06    2.085309264582511235e-09
2.899998382584586238e+02    1.001511833737751767e+00    -3.365683124059001309e-03    -7.368339783472948039e-05    3.693244528821343209e-23    2.371801923973076897e-05    1.579482472586258253e-05    4.690279039056928658e-07    1.252128200860606715e-11
2.900000398861689064e+02    9.992138669743561019e-01    3.326582996678602300e-03    -1.614782017431309370e-04    5.314275506949511689e-27    2.372494929598539858e-05    1.494219982442889350e-05    -4.322669100220403861e-07    9.054047673285004223e-09
2.899994833097472338e+02    1.000155177053078548e+00    1.060338393103713028e-02    -4.710488485417019169e-04    4.863911945732500076e-04    2.790516377075048194e-05    1.549707964792557133e-05    1.909373302246826054e-06    1.871959439318947257e-12
2.900001261488087039e+02    1.000778715787532747e+00    -8.593840343617362154e-03    -5.782582000278463191e-06    2.236657321346314110e-04    2.793006035151086283e-05    1.625764517664601548e-05    -6.289722151791249042e-08    2.873679091360050597e-09
2.899998082904546095e+02    1.002744127953002273e+00    1.950682885921560181e-02    -4.408572187786046186e-05    3.271824164635352515e-25    2.651829721647066903e-05    1.601193419028043704e-05    7.934864836775359311e-07    3.154992350091132974e-09
2.899996801607373413e+02    1.002726677826246027e+00    -8.855932374060851908e-04    1.800044641568173580e-04    1.392314347073054513e-28    2.870498066649979644e-05    1.658927327812670383e-05    3.067371324014940717e-07    1.479162974337884732e-09
2.900001230480148706e+02    1.003226900195517635e+00    2.858163197321305065e-03    -6.859189623618710619e-05    3.183706809580779599e-04    2.660947714928858831e-05    1.586760236705700376e-05    -3.657220094565353568e-07    6.011456149561533740e-10
2.900008294451764641e+02    9.985965748533968123e-01    1.095662962760656119e-02    2.173581633294652021e-04    5.793582275287075092e-24    2.727404518202748525e-05    1.595352621938390513e-05    -7.437080404412906305e-07    9.107498191056111192e-02
2.900006843410668580e+02    1.002030724707712483e+00    5.892079746928868302e-03    1.082487996426574259e-04    8.581510176089145745e-04    2.533825855535610434e-05    1.511613765173320304e-05    2.671629801711370530e-07    1.619558138368175637e-01
2.900003680546222427e+02    9.997448298556244062e-01    6.599118053148314263e-04    -5.314685875151790997e-05    5.737183162442826537e-29    2.498122947416180339e-05    1.393298981325217743e-05    -1.254261565499775719e-06    7.034845559260470560e-02
2.900001192848700953e+02    9.974591559105014937e-01    1.924333574079636552e-03    -3.605321474606300747e-04    3.731122641956244584e-04    2.576060989450700936e-05    1.577537292004800538e-05    -3.336760791977471190e-07    8.010060718735284941e-13
2.899998185038818974e+02    9.984462298574239281e-01    6.070507126381331775e-03    8.486090692939407629e-05    1.221730015642121360e-03    2.697432334016921748e-05    1.527256489300560452e-05    7.028938808471997157e-07    7.151875701298103006e-10
2.900002041885687163e+02    1.001279808023865403e+00    -1.486645935877474890e-03    3.480348200882690444e-04    3.520977742929518033e-26    2.588194846570641050e-05    1.599332085165106190e-05    -2.759564708954339423e-07    4.569966875514197557e-02
2.900003167061163936e+02    1.001570438592598089e+00    1.295867054149320036e-03    -1.125194565538801216e-04    1.128741012297028576e-03    2.510431018958485586e-05    1.551514549925301625e-05    1.630103208117747806e-06    9.871881763876730331e-02
2.900000091568413723e+02    1.000242714688279744e+00    -4.840179747737368560e-03    -2.638952439746092261e-04    9.005098128202325849e-28    2.595624867558915403e-05    1.538296546035234665e-05    -4.942373253817806670e-07    1.360779283737543555e-04
2.900002739484991139e+02    1.001799460164495725e+00    -5.361919696821260128e-03    -1.251268054516557651e-04    4.672850487919757859e-04    2.500096172720418891e-05    1.549199826782295925e-05    8.514711218041498699e-07    8.698033051318114495e-02
2.900002759360389746e+02    1.004023744418005570e+00    2.705115801113989072e-03    -1.594548713309130560e-04    2.677068886115963980e-22    2.518943224459738633e-05    1.521011599812448513e-05    -1.649132716940469896e-06    3.804706601944697420e-09
2.900003911014496225e+02    1.002343047574137724e+00    -1.095030903152444113e-02    8.590756175985384696e-06    3.950960239956087138e-22    2.818801013416485788e-05    1.618164124142916385e-05    -1.261189265905024436e-07    4.788661233922618388e-02
2.899999360360347964e+02    9.980519770186369044e-01    9.581160907203162822e-05    -2.638339965396008322e-04    1.252171734279085291e-03    2.364310428448582223e-05    1.403824579048623417e-05    -6.029701577466221073e-07    1.136888269077897078e-03
2.899998076238548492e+02    1.000225644257209279e+00    6.418585902499417302e-04    8.835553167967744753e-05    4.014909488335001411e-21    2.582897270750464163e-05    1.500954840470691492e-05    5.973136714257351924e-07    2.335172356143753550e-09
2.900006562109612105e+02    9.977661315383689056e-01    -7.443193267508177793e-03    -2.988721995552247692e-04    1.320612158944419563e-03    2.307806172640748175e-05    1.492808392519125610e-05    -4.611353822404825954e-07    1.017639628664990248e-01
2.900000208681071285e+02    9.978447500709188844e-01    -4.413026255270060746e-03    1.586685711752583146e-04    1.745388595259253625e-03    2.531308078466501882e-05    1.549836826261534825e-05    -9.890735317031379305e-07    8.443538633292399571e-11
2.900006801437984336e+02    9.994162555715468965e-01    6.606708495547918003e-03    5.770574690838944367e-05    1.720588444506032856e-21    2.419641676572737075e-05    1.443168247860054933e-05    -4.937699308140286438e-08    9.021347321536797581e-02
2.900010038019136687e+02    1.002315080420939308e+00    -4.718173629848726111e-03    2.361269121505399100e-04    1.227054872551691295e-22    2.816719244639122354e-05    1.644213534403614541e-05    -6.707987980333603714e-07    1.345869852599936856e-01
2.900010379517414094e+02    9.971632665160504727e-01    3.916520613455520480e-04    -4.452154671807829903e-04    8.002869727506234203e-04    2.510825488256628328e-05    1.516749461465977704e-05    -3.285396706289755082e-07    1.529293996753409712e-01
2.900002677827433217e+02    1.001734258270854605e+00    1.751760053674607286e-03    -4.504006447125233283e-04    1.288722212214213996e-17    2.597484975354400803e-05    1.551855916406708887e-05    4.298407438732238263e-07    4.746521510061554178e-02
2.900004153002786325e+02    9.979704461658382986e-01    -1.159027498217528188e-03    -5.567132558132929874e-04    1.129285777142864655e-03    2.627956304643130062e-05    1.570663473148183002e-05    4.991660190029813448e-07    9.532628088270898858e-02
2.900002659732017491e+02    1.001590504641596269e+00    -6.209853186074820904e-03    -3.209808525041844937e-04    6.058935304499994982e-04    2.452333231287341867e-05    1.561520553127129519e-05    3.941595584607927675e-07    5.594782381074377836e-02
2.899999535189764401e+02    1.004144084458057140e+00    5.639380976725735274e-03    3.996878935633091037e-05    2.265150418299416318e-16    2.326893976280670838e-05    1.445071861589656305e-05    5.905736810426331128e-07    4.572856029909081604e-02
2.900005377564840501e+02    1.001540491410424671e+00    -5.484110691742890772e-03    5.098185439856607604e-04    9.238903253389211223e-22    2.627419122004783520e-05    1.487525052618196725e-05    3.826370415518315925e-07    9.576840221950660981e-02
2.900002910485262078e+02    9.988577955412226705e-01    -5.585408833050439434e-03    4.291983326383894820e-04    5.973253062655297600e-04    2.383050191951471632e-05    1.414567830654158844e-05    -8.099122173156169959e-07    2.648803780662714027e-11
2.900009228472148379e+02    1.000079754790016207e+00    -1.631332845349504250e-03    6.280357508739959999e-06    2.437579867090163769e-22    2.518366123035217273e-05    1.499375308784479434e-05    -1.408659726716994200e-07    1.507706731993132543e-01
2.900001309256295485e+02    1.000988059616682468e+00    -3.810171154703715876e-04    -4.255593497484250957e-04    2.715162302470560879e-27    2.305905410125768802e-05    1.519608835101327117e-05    -5.015579015020196545e-07    1.191996551266525761e-09
2.900001767966771808e+02    9.967835834312006593e-01    -7.950216516578909390e-03    -3.179161485957566948e-04    6.279636289663375987e-18    2.471353820755372831e-05    1.619390019210248244e-05    2.263410717089385663e-07    5.453568434473503312e-02
2.900005020580611017e+02    1.002322472180987578e+00    -5.064903036178044875e-03    -1.274890593655599654e-04    1.247221280150690943e-25    2.458165210970187042e-05    1.496492836268578735e-05    -1.192755825124945821e-06    8.347890492622708769e-02
2.900002825866463354e+02    1.000581514180786780e+00    -1.332064670640414937e-03    4.974126043643736648e-05    1.245653901005331536e-03    2.569749741565167207e-05    1.517191090651892788e-05    -3.065216001547371451e-07    9.212646061960075294e-02
2.900000288565443611e+02    9.998934606250031720e-01    -1.089781119299015194e-02    2.031325276563478339e-04    4.423737815703421121e-23    2.422292490497758731e-05    1.486024216130895144e-05    1.199520546684578598e-07    4.647974726035019962e-09
2.899998324750332586e+02    1.000191862796866227e+00    -1.206222594049962933e-03    -1.217918330560995667e-04    1.587024931857467154e-29    2.691131101028771430e-05    1.538132511192792602e-05    6.543745434203595998e-07    7.686916137413222935e-09
2.899999726669518623e+02    1.001497194211042219e+00    -8.616995848303721228e-03    2.386005913863029375e-04    1.603537002235383532e-26    2.810380397028599387e-05    1.627213206085372394e-05    4.926253435658184116e-07    2.070976715200949224e-10
2.900008609168219778e+02    9.985752265374018277e-01    1.092055697417246805e-02    -4.816390721450549187e-04    8.570708063876654416e-04    2.574422861114235200e-05    1.526478986924119214e-05    -1.201310495644456227e-06    1.194900001952722418e-01
2.900003671051969150e+02    1.001883280430522660e+00    -6.893985382729128164e-04    -5.477319742531608707e-04    4.014129163062900383e-04    2.520454443874596274e-05    1.560812143025140333e-05    -5.948569027302540561e-07    2.543859029781643175e-02
2.900005406597521755e+02    9.996182077327581128e-01    2.683539519777301038e-03    -2.116532731450494265e-04    1.328370480969347407e-03    2.564212983968080869e-05    1.567140423976636177e-05    -2.853301148883629848e-07    4.382398578000028244e-02
2.900008315938413830e+02    9.967187855540945440e-01    -8.930567995798748947e-04    -3.912530464635910477e-04    1.977397658233822250e-19    2.274235603930431144e-05    1.479781542183386830e-05    -5.196823746461948588e-07    9.816856337019480572e-02
2.900003301363112200e+02    1.000026999652964488e+00    -1.022104265942163281e-03    -1.704108566518493543e-04    7.720710168959603673e-04    2.513922867539210992e-05    1.558931970689579673e-05    -7.256124377345059931e-07    2.762354516416188829e-02
2.900006685999892397e+02    9.989332552330711934e-01    1.704863974673042400e-03    -5.111332957834973994e-04    1.302734088946926081e-18    2.642388996228731376e-05    1.569744711860611547e-05    8.044225884793773342e-08    8.718659270704774700e-02
2.899998316275843990e+02    9.987499581957901551e-01    -2.767747860797152831e-03    5.397060958733608310e-04    7.040488189466337929e-04    2.560784096249973165e-05    1.395441158701922973e-05    2.338732991475577636e-07    8.120729290793401653e-03
2.900008676950963036e+02    9.966933049528320376e-01    -5.152746187482443998e-04    2.367939719100298679e-04    3.700257845177746456e-04    2.444585954180318512e-05    1.493043964455157647e-05    -7.890162158857944868e-07    1.327670904519098471e-01
2.900001239990048703e+02    9.966764062343466124e-01    6.123523267071251906e-03    -2.825539255577836847e-04    1.703857936434938355e-04    2.538858960508859688e-05    1.601390093321304657e-05    -2.267491524824145224e-07    2.921091692608528715e-15
2.900003994731030730e+02    1.001617595334820310e+00    1.072928124099152352e-04    1.187236428629178281e-04    2.454074359656940329e-20    2.441288334222659783e-05    1.477709980707054110e-05    1.821414100102484315e-07    8.684443064371155652e-02
2.899997389165336585e+02    9.996458421919547366e-01    1.015038828010525127e-02    2.813063006138277690e-04    1.061238012002383806e-15    2.684007842368758500e-05    1.556104031964449297e-05    4.249821827815546123e-07    4.892863354479966113e-03
2.899999375074719410e+02    9.997689371694278293e-01    5.636047362396425300e-03    -2.081852384230066793e-04    8.737055727612505485e-04    2.637037834869566878e-05    1.577171650637525642e-05    1.958457599689612934e-07    2.820715950198364523e-07
2.899999589020043231e+02    9.981364615221289815e-01    -1.883599463870669431e-03    -1.427782338655339779e-05    2.622162923210537896e-03    2.249631087979524392e-05    1.492448863349927654e-05    3.067719822997980769e-07    6.686276804055221734e-02
2.899998130364426174e+02    9.972846608382548439e-01    2.244810869448511745e-03    -1.445394958663203961e-04    1.172258183703945526e-04    2.502260307897642176e-05    1.418582553856774319e-05    2.079074783746690318e-09    9.877699964458181055e-13
2.899997641295364019e+02    1.000446785455495036e+00    3.578033009873602798e-03    1.518338449207800504e-04    9.450492246713616991e-04    2.439360936371568427e-05    1.536079259900739407e-05    9.175039108260112827e-07    2.756929683133763510e-03
2.900006044080395213e+02    9.992157982183420550e-01    3.543198449170992508e-03    5.501357332666493216e-04    9.926078225699478709e-04    2.726720448685928779e-05    1.586011882193573378e-05    6.966223215317554281e-07    1.197130166547076130e-01
2.900001391245590412e+02    9.998045519826413985e-01    -6.898669558144214509e-03    1.039596232540067082e-05    2.554770115860933877e-15    2.402759898366620703e-05    1.533191898869930994e-05    -9.680583761491420535e-07    3.030340902407895444e-11
2.900001342899024053e+02    9.985782481083744777e-01    -6.223298948000678329e-03    -3.965302682953636274e-05    2.241187653480098602e-23    2.097569837548222550e-05    1.463541073164865503e-05    -6.380819212759771386e-07    7.757314324809972727e-11
2.900009679016567361e+02    9.981029867743164141e-01    3.554888122783162515e-03    -1.070656348708029482e-04    1.459578182625738971e-03    2.492531434762500326e-05    1.517208917202639617e-05    -1.033893454924734467e-07    1.527321355958559668e-01
2.900004613028289668e+02    9.996799696549418801e-01    4.488910340157955224e-03    3.745888341254388306e-04    2.264595616527383592e-25    2.433930506808645942e-05    1.482785669090068758e-05    2.158748373745989545e-07    1.069326290571347843e-01
2.899999450418945912e+02    9.983974062296506746e-01    6.126047140327535098e-03    3.466812788696167400e-04    8.114605185054251865e-04    2.337991992775648634e-05    1.507861679016717049e-05    6.193487719206468197e-07    3.400361840633365121e-12
2.900002065006230509e+02    9.986777722901704069e-01    -8.948427727014814353e-04    1.695691033150708833e-04    5.720635501552915345e-32    2.410699811716629588e-05    1.497513290553945011e-05    -2.631448336890610590e-07    5.276178821810324077e-02
2.900000364041176226e+02    9.999405974668051922e-01    -2.411214841657935686e-03    -4.508405327466065275e-04    2.323257600177006631e-03    2.670179758287177457e-05    1.579918164758182893e-05    5.444501353196090311e-07    4.641927537822793104e-02
2.899998953460355438e+02    9.986292537739455133e-01    -9.887069520235566497e-03    3.602768378819181896e-05    3.170841224008028248e-30    2.565017155877304041e-05    1.495659400571788270e-05    9.999088405971726662e-07    3.873658636803104285e-10
2.900000855773104149e+02    1.002404749879763024e+00    -8.094856811118567377e-03    2.587353543891635858e-04    1.064858288302788857e-04    2.650881413835726625e-05    1.521344051292720493e-05    -5.841851215264853739e-07    1.772928017439849568e-02
2.900000749608772708e+02    1.003472101898769786e+00    5.495893144858129790e-03    8.357887786784733597e-05    1.881363720106788567e-25    2.779238188539539785e-05    1.530502993972618451e-05    8.375970045681376819e-07    1.088248923163720287e-02
2.899998944558354879e+02    9.985959261586268010e-01    -5.606089996030971107e-03    -2.192190601909174794e-04    2.576109038033674555e-04    2.498707033859745108e-05    1.519505116068511527e-05    2.305807892881862785e-07    2.316496039699883315e-09
2.900004064304018812e+02    9.977414555932749840e-01    2.145415333702999604e-03    4.270706231083882263e-04    6.348562105543725429e-05    2.456667150297899639e-05    1.465293054184647694e-05    2.371013098898072733e-07    1.076571289506650236e-01
2.900005652103585021e+02    1.000915903687335184e+00    1.035280102552594249e-02    -2.697399157761721394e-04    2.663583711970922831e-04    2.517649830048582552e-05    1.570687686250317531e-05    2.017285366262879327e-07    1.016294535181803543e-01
2.900002897521441128e+02    9.984349280719668762e-01    1.416648709721518486e-03    -1.365735173138810988e-04    7.409094837575138386e-20    2.257101075610154319e-05    1.390743793836830793e-05    -1.064181460003101669e-07    7.142466071936620642e-02
2.900000154604664999e+02    9.998904125334077131e-01    3.225734443016905779e-03    -1.218889037307736834e-04    3.939256180721182890e-32    2.408171550384644700e-05    1.522713049556999436e-05    -5.361388773133505591e-07    3.495739553049794268e-12
2.900006941753549654e+02    1.002562888801334928e+00    -6.052411159967230163e-03    -8.266698233267573122e-05    2.323896514382132182e-17    2.603906073610548201e-05    1.535801418847205694e-05    2.742061287374139152e-07    9.755361257880784676e-02
2.900002896293659091e+02    9.994436145314558040e-01    -2.442066694518826245e-03    -1.687371130857459481e-04    1.515043631569208867e-22    2.415998072146414925e-05    1.533674951213965295e-05    -1.073172099696490057e-06    1.323509424154164019e-02
2.900000584392633982e+02    9.965479622666227888e-01    -4.271703134921613770e-03    -1.395322573519842783e-04    3.722188598488886842e-21    2.589802760018986266e-05    1.533328473304231332e-05    8.081955706271164545e-08    4.639533339100722353e-02
2.900001312611175308e+02    1.000646393706241088e+00    -3.612626456659349082e-03    -6.309340487053903210e-05    1.757611572785203018e-03    2.635643137615660715e-05    1.568275745906037562e-05    -6.395755721150605238e-07    9.186276939935168057e-03
2.900002971237482825e+02    1.002298072102528748e+00    2.188903156840411174e-03    -1.544277557017947379e-04    7.804574492786810136e-21    2.202678339022729690e-05    1.464005547889694890e-05    -7.397198770350712796e-07    1.355364417958479789e-09
2.899999034288453004e+02    9.985003005046294566e-01    -7.180713270645110516e-03    -1.921268214084217933e-05    2.023540840194297367e-29    2.707947127872594353e-05    1.565652373802595761e-05    -5.169561068081675826e-07    1.317713059634125980e-02
2.900001383528913266e+02    1.001096969602231601e+00    3.997406385030254430e-03    1.960378468161855128e-04    6.298954500680611608e-04    2.558158575882944622e-05    1.465326523073864601e-05    3.304564629388097475e-07    2.818441156577067633e-02
2.900001558135607524e+02    9.983776951399360167e-01    -3.806682798135489591e-03    -2.031983148291115942e-04    2.022729679053517283e-16    2.526882760549070935e-05    1.491393391507993359e-05    -1.003085878410353576e-07    3.138666282910484995e-02
2.899998682744709413e+02    1.000284192841875974e+00    -2.954619901872987224e-03    -1.074570373327013136e-04    3.609865760675843357e-03    2.764011338464694356e-05    1.601781006666624146e-05    -4.056979485492084942e-07    3.690469057407690330e-10
2.899997346227620483e+02    1.002247202590329067e+00    1.132067106145258220e-03    3.761758150827238857e-04    4.020358887778280495e-04    2.826446292828397580e-05    1.661121179491986644e-05    1.327546928448678990e-07    1.228575218628018918e-11
2.899997623107747700e+02    9.988637757512630611e-01    -1.091647595199632913e-03    2.319171530199335253e-04    1.428427855527168765e-03    2.489707334164272838e-05    1.445802657334261809e-05    6.739462643908212368e-07    1.359089484553090434e-17
2.899998083337563344e+02    1.000440318108620108e+00    -9.930508482594073427e-03    5.847972151430879881e-04    9.236703367619010246e-28    2.438846578474653494e-05    1.545598400430308862e-05    -7.667159940054740293e-08    3.567241243629249892e-11
2.899999910619358729e+02    1.001600534302484968e+00    -2.061472659142190005e-03    -2.729159097192468582e-04    6.829814436144115205e-05    2.342181037014036106e-05    1.447745195476137153e-05    7.022741244803557516e-07    6.904818578728772320e-13
