# f_r [MHz] A m phi D delta_r delta_ere delta_eim a
2.900002733845570333e+02    1.000753862956008655e+00    -8.713859254171535396e-03    -2.313871708635440155e-04    2.543784757329941411e-11    3.339695548835827128e-05    2.198013774847963153e-05    1.017291398530376683e-07    2.942873727139342327e-09
2.899999732636889007e+02    9.995575111734864571e-01    7.166623712914469216e-03    2.153649717368163183e-04    1.667946215987923200e-31    3.304659291805612571e-05    2.297064234858696145e-05    2.896876358447803880e-08    1.138913358469210279e-10
2.899999907464688249e+02    1.000427800148784296e+00    -7.183828267396788481e-03    6.986411867693951238e-05    1.551952131509951038e-03    3.092047784830368666e-05    2.160265131062453397e-05    4.388411640483591934e-07    1.227006694121937591e-11
2.900007973376265227e+02    1.001514465496979644e+00    -2.459653895317605657e-03    -4.455748991966582270e-04    8.852467393429903821e-04    3.140811490631660705e-05    2.059507861267181433e-05    -1.348093020533593851e-06    5.941622326931113307e-02
2.899999239406575953e+02    1.000535543004644756e+00    -9.012560047172516950e-03    5.616594644594325543e-04    7.472097661360822905e-04    3.229772982465984601e-05    2.270849775259628137e-05    -1.347959009101820255e-07    8.485709326076388050e-11
2.899998360392064001e+02    1.000530121681034501e+00    -1.311238066238426146e-03    2.712299427561060930e-04    6.359241390570118479e-26    3.158613470715828893e-05    2.135717169635084452e-05    9.424620275744141004e-07    9.869613293519250851e-10
2.900001522622194443e+02    1.000291990563945577e+00    6.137604144769700197e-03    -2.115917010143979948e-06    4.226301290956419022e-04    3.090390369525019513e-05    2.166443658926283104e-05    2.306177919498797311e-07    3.365723505150259463e-13
2.900003120504467802e+02    1.001092481624648478e+00    1.627213742327014018e-02    1.979276800446327792e-04    7.512667581926699969e-04    2.872626053816411808e-05    2.000896098283066690e-05    2.859276600308044197e-07    6.447060561511670784e-02
2.899998575511716581e+02    1.002013194734977741e+00    -1.335049517497222853e-03    4.337866390072374746e-05    1.415742843170321560e-24    2.781970393531842784e-05    1.924574960140386707e-05    4.548637880878171610e-08    7.693310027769261504e-10
2.900000835153385879e+02    1.003804011554369824e+00    2.631977571949886512e-03    3.159072791896353686e-04    5.410701901594363152e-04    3.131180120337756072e-05    2.130697456364412243e-05    -2.427122165338197237e-07    4.288863637501929539e-11
2.899998713068398501e+02    9.989077250856519541e-01    -1.230475412075784057e-03    3.046481708253145340e-04    1.664714505859009330e-04    2.975195987304501423e-05    1.994657042232728106e-05    3.793013573320800222e-07    8.813473993036401643e-08
2.900001342483387248e+02    9.989480925420879398e-01    -3.634272128932894766e-03    -1.997889475942453451e-04    1.604701189941386448e-03    3.171740652162999264e-05    2.125022837887217085e-05    -2.800920282513866335e-07    3.803236674977557297e-02
2.900000644271940473e+02    9.987799195728149781e-01    -6.380876430136274424e-03    1.898058975286458315e-06    2.941451543131400866e-28    3.131128644882744566e-05    2.151946795477822759e-05    -4.492017011117986629e-07    9.529535229337731289e-11
2.899998337940597253e+02    9.992888927541411226e-01    2.028485884139706770e-03    -4.836437349955903953e-04    5.111022241846703259e-04    2.934979347568811509e-05    2.199652609854862390e-05    -3.701489992306432973e-07    9.200195338540177652e-14
2.899997818999926835e+02    9.981766447379638585e-01    1.705084414217708901e-03    2.653452821903915524e-04    1.770667159599219911e-28    3.237643819444640923e-05    2.087493198449828387e-05    7.215516553265377332e-07    1.299011799580987731e-10
2.900006022023646892e+02    9.984360372857519206e-01    -7.477229313310545210e-03    -3.453223662068464887e-04    4.959633655983949636e-04    3.223107485682186917e-05    2.198475952385427657e-05    -2.563956998020355479e-07    4.978561617299784303e-02
2.900001808621669852e+02    9.991124122712219391e-01    3.563285314902697905e-03    -9.581691777686228548e-05    2.299972918435231796e-28    3.343883256373271186e-05    2.174036796949493363e-05    -5.297689646713687554e-07    9.812721079402155891e-11
2.900001015926013110e+02    1.001047907807993687e+00    5.640308943133934792e-03    -6.676741546709607632e-05    1.371320832774677216e-03    3.374101809055862029e-05    2.229285080457400574e-05    -2.697634755620741306e-07    1.873020714844243742e-09
2.899999950497834220e+02    1.001431419427722957e+00    1.052572156649505403e-02    6.682709658164124114e-04    1.603795392313934544e-12    3.515556034855002920e-05    2.231426980669616020e-05    1.742128915475048454e-06    2.735588009375281709e-02
2.899996922265618764e+02    1.002703515515231292e+00    9.452848970602996436e-04    2.369387976787392378e-04    8.535879015061570060e-25    3.097100322750731723e-05    2.081715370787382230e-05    1.552655686600081076e-06    8.527607900840012909e-10
2.900005682486186060e+02    1.000485018259645198e+00    -1.472183839995574312e-02    -3.786044533312992529e-04    8.880818920438782822e-05    3.153931721842885631e-05    2.113189847103463361e-05    -4.330811280286721974e-07    7.969086058188121213e-02
2.900000485657631657e+02    1.001200133882388821e+00    3.343678242209691641e-03    2.126511104213132681e-04    1.863383397455672030e-19    3.180162374031784137e-05    2.224003019076137009e-05    7.453414392800799751e-07    7.706445013602107592e-12
2.900003745779361566e+02    9.970892722776631967e-01    9.615794608510057004e-03    5.405179326210308739e-04    1.261296792511177418e-03    3.201142406004913582e-05    2.196952397931502780e-05    5.815224760358698241e-08    1.099965585752037826e-09
2.900002298197802588e+02    1.003082486942511231e+00    7.392205715937093247e-03    -9.840636103688388053e-05    7.192473393798283345e-07    3.084527539957690939e-05    2.083537829014966928e-05    -3.449004162488495961e-07    6.613764888461354919e-11
2.899998186285834549e+02    1.002869792796277304e+00    3.696148732086322348e-03    -2.974886445835771558e-04    3.917204382784101762e-24    3.194458232636286166e-05    2.215999119738791626e-05    9.483328895761508248e-07    7.857696835611686567e-03
2.899996771215326135e+02    9.993309473979453683e-01    -4.241368431446892995e-04    1.976422388334559039e-04    1.373607778923923405e-03    3.272357526777912350e-05    2.092359724534679556e-05    1.783025498090530961e-06    1.055593620514295658e-02
2.900006963016095369e+02    1.001135427368245123e+00    1.100881031269354375e-02    2.017718876704989851e-04    1.229553958164328164e-17    3.085359227442286279e-05    2.139584893434349816e-05    5.983150192715273273e-07    8.492906839439767763e-02
2.899998580219007067e+02    9.962842139716121537e-01    -2.932834979428148008e-03    4.770429529076222796e-04    3.059002628495278865e-10    3.482447196431770893e-05    2.177092921497652617e-05    9.505672711999696770e-07    4.810955223697773107e-09
2.899998586589941283e+02    1.003933985138024232e+00    4.654723150221017416e-03    -1.267602439936579459e-04    4.028441086434851450e-17    3.351111198797336328e-05    2.235286163149396605e-05    1.712643139503966412e-06    1.504340905721985276e-02
2.899998416980675415e+02    9.988966168927825295e-01    6.049396919818329429e-03    1.457684372030193705e-04    1.955755122336339020e-09    3.230053599276298300e-05    2.143351499923261023e-05    5.592059733949241811e-07    5.887435423294413422e-09
2.900000540604164030e+02    9.995037263524191307e-01    -9.920146700696585301e-03    -2.558723655299464592e-04    7.141852346463026382e-32    3.128565161590760393e-05    2.013266843756441376e-05    -4.859501901619554869e-07    1.692386923559296638e-02
2.900001019316107431e+02    1.001722006764358630e+00    -1.012110098505108330e-02    -3.704865884167231728e-04    8.851097503080010939e-14    3.181009677965529605e-05    2.124247622667291120e-05    4.592367328765332837e-07    3.754199989332257514e-02
2.900008708824050245e+02    1.002104048583836171e+00    1.172648674088335157e-03    -6.278805626265680144e-05    1.900410278821423361e-03    3.321627240347526668e-05    2.191584754385962459e-05    8.593646637397243693e-07    9.868309125475577259e-02
2.900001814964064124e+02    9.977427765037729657e-01    4.264306897412837444e-03    1.796036135601920955e-04    9.036513401957457264e-13    3.308527971795533358e-05    2.250065076130823528e-05    7.587445426078086500e-07    7.916802662512047173e-02
2.900001100453603158e+02    9.991540515524365285e-01    2.326299800685948087e-03    -3.860323019019115307e-04    9.067688252526992553e-04    3.307198590541311778e-05    2.241930044362539559e-05    6.050149595091755177e-07    2.051648649472985475e-09
2.899999284949151956e+02    1.003281902418853955e+00    9.179186369221400618e-03    -3.725927246922061057e-05    1.336296174996871161e-04    3.226861250959290109e-05    2.189950310731447758e-05    6.150898609515561570e-08    1.190719629824164775e-14
2.899999884479879597e+02    9.978425095427777558e-01    4.710665806081844667e-03    5.401791831787377147e-05    1.097638783565167350e-03    3.161881350971235404e-05    2.122873127643637537e-05    -6.623009492766331746e-07    1.716322622506367401e-10
2.900000946089362515e+02    9.992839595116591589e-01    -2.870562170042388270e-03    -1.610092813924829803e-04    1.123485876556064192e-12    3.202689399722198285e-05    2.181530493398286670e-05    -1.151274088856878320e-07    1.541715047075712004e-02
2.899996416764103060e+02    9.980932928642235469e-01    1.299513195412742642e-02    -3.669275813181528136e-05    4.415197026829705386e-05    3.350391340115460570e-05    2.172366648580628085e-05    5.924692087903191645e-07    1.302216414134190809e-11
2.900010592001477789e+02    9.995950898868269929e-01    -3.611497559685967682e-03    3.370442788059044639e-04    2.672397988844232162e-14    3.394999187791028034e-05    2.128958416682003865e-05    -2.954833269182976318e-07    1.006943147466586586e-01
2.899998366751478329e+02    9.977675384326483154e-01    8.152816758986863171e-03    -3.037204606387984259e-04    1.037865986527200735e-04    3.154125104286518820e-05    2.143297470537283814e-05    5.159220514290000116e-07    7.169755138672622986e-12
2.900001076369313751e+02    9.982586314930528282e-01    -1.422156769576996254e-03    2.392603586889587800e-04    4.169337910002119685e-25    3.159620964030939171e-05    2.130156546878260592e-05    -9.315114112921923707e-07    4.032665763074190717e-10
2.899998389625757795e+02    9.992332960904890538e-01    3.242841485570045756e-03    -1.930270088718842592e-04    6.066176651520990316e-04    3.059864453189440269e-05    2.117602499746059887e-05    9.838781890014272387e-07    1.792642726900746733e-02
2.900006146380103473e+02    9.973657660783988854e-01    4.316846745584030547e-04    -1.520830721856960199e-04    2.560926397024039038e-16    3.031985787245774898e-05    2.147716828613978194e-05    5.421071219027168540e-07    1.152930127305478170e-01
2.900001792551454400e+02    9.996892867401950822e-01    -1.721745857476763642e-03    3.249706567403583854e-04    2.694856406891805555e-27    3.110592988432264012e-05    2.207779204015873536e-05    3.308440682661405607e-07    3.140716094400058250e-02
2.899998727820529894e+02    1.001409535891210734e+00    -3.264102285853367515e-03    -2.837931461795536623e-04    7.750709583890524629e-04    3.184599955359662129e-05    2.280046039822906755e-05    8.460049519096076040e-07    2.249598551452985234e-02
2.900000223551318754e+02    9.979827117506374634e-01    7.909863114250588424e-04    -2.621827080707245217e-04    5.652433413325366237e-18    3.138373574072286337e-05    2.231176106927814582e-05    -3.914726667625870251e-07    3.280983947385949199e-12
2.900004242556905183e+02    9.983702236373741545e-01    -1.941695395664414219e-03    4.026736015772081176e-04    2.794249471221140072e-11    3.387259185780310022e-05    2.240274199077008836e-05    6.745888469459389234e-07    8.075994906022136710e-02
2.900000903888237644e+02    1.001843302086057097e+00    -4.408820251857159186e-03    -1.695513636185708986e-04    2.256314540072047100e-34    3.265361939828572758e-05    2.272351218284662355e-05    4.770061873595335569e-07    1.010590039777977366e-02
2.900004427085502812e+02    1.003545582766650179e+00    -9.801689798386274341e-03    1.359190850696880264e-04    9.749605802821683753e-05    3.327641305685504115e-05    2.303308348113743646e-05    -1.009415563570802209e-07    5.307008644727542745e-02
2.899994622645515960e+02    1.001037298373139706e+00    -4.753537783464287757e-03    -1.073075653479500724e-05    4.342654225745811024e-27    3.526924870851392483e-05    2.256592953865524734e-05    1.515429060205615226e-06    2.860123753603396651e-09
2.900001038843050196e+02    1.001894633074601471e+00    8.272799914455371620e-03    2.469628248712546731e-04    1.589555640292140963e-20    3.440740522932372717e-05    2.197983063060448037e-05    4.476114840831710179e-07    4.084534261853570158e-02
2.900003394265802399e+02    1.001120912775734118e+00    1.495313077465267775e-03    1.946723428659840401e-04    1.732616258341590498e-03    3.229402664058725765e-05    2.168456319137281125e-05    -1.004178721548143451e-06    6.179329502284377804e-11
2.900005934758352169e+02    9.976725023027144257e-01    7.535849888613769219e-03    -4.489289235966902524e-04    3.716482560801616649e-11    3.016898175625690065e-05    2.083038289256024692e-05    -1.321920069584757937e-07    9.372491006309884021e-02
2.900000407371230153e+02    1.000399996491231125e+00    -9.056573642692316087e-03    -4.437823344978139833e-04    5.664834409793218558e-04    3.371895517950135578e-05    2.226910229188067784e-05    4.822105945732124067e-07    2.021512023553992052e-02
2.899999693557547857e+02    9.997578845591543750e-01    9.238088772538288751e-03    5.209156737996057870e-04    5.001345174547248974e-24    3.299853175849355963e-05    2.222467675463711803e-05    4.814199120235080005e-07    4.641972634169465274e-10
2.899997496292293704e+02    1.000815951288760886e+00    -1.097410506310493063e-02    2.517209557675149185e-04    2.811717144198508421e-04    3.252997705814856687e-05    2.185385940818385805e-05    7.101197052128427540e-07    2.386715867962998270e-10
2.899996472656881679e+02    9.991349344548666744e-01    -2.294968879143741841e-03    -4.032482529028524404e-05    6.181830141898017352e-10    3.124729057364704024e-05    2.115943735751190277e-05    1.060061143263026595e-06    8.541187574163900884e-04
2.900002951872741050e+02    1.000741004969212256e+00    -2.977051675540180742e-03    5.484493470949552149e-04    2.602017723495093938e-19    2.988909233131038768e-05    2.076334102341689707e-05    -8.049271648772081564e-07    1.436266130403738969e-09
2.900009700001028818e+02    1.000877666969605562e+00    1.825643553314813946e-03    8.934698692464852635e-05    1.076898274440599547e-03    3.089446410894169335e-05    2.143984045219095839e-05    -4.859915979992747274e-07    1.299383365245187771e-01
2.900001457040812625e+02    9.989128166041096879e-01    2.305980683531475001e-05    -2.034126052912897838e-05    1.241370341812583766e-03    3.242057024334037238e-05    2.120940966798030107e-05    -8.974292244773192659e-07    3.365868419501066421e-03
2.900002855360490912e+02    9.986924110531508747e-01    -2.803773689868120384e-03    1.515519884565585875e-04    1.077898113074424267e-03    2.920444980012102881e-05    2.088100707836606997e-05    -5.235651477891684678e-07    4.201239810090489496e-02
2.900000253297444601e+02    9.994223893930505032e-01    -1.169979634495836238e-02    3.079224252429091201e-05    7.327698926142959787e-18    3.315235720522599356e-05    2.178562305128887140e-05    -7.872999435280799057e-07    1.090484750485162612e-08
2.899997356617938067e+02    1.000641828748119577e+00    -4.258262879006220422e-04    -1.512163683921401950e-04    2.419707445861967517e-04    3.004960867625565822e-05    2.114257093960829624e-05    -8.200803021967271928e-08    1.259673584540998925e-13
2.899998912401488269e+02    1.003463732005631881e+00    -4.559995083749612127e-03    -3.966310766164847946e-04    1.312405159239812737e-03    3.199352079852578197e-05    2.255874533976147747e-05    6.064818481736092975e-07    4.967596514659904252e-15
2.900003129489216462e+02    1.000961389759606801e+00    3.377602909527153627e-04    -3.473595340016212346e-04    1.121446662419520613e-03    3.131923840840562323e-05    2.167258599837906848e-05    1.024643490141911823e-07    8.303725312762511024e-02
2.899998382580664611e+02    1.000245834168989267e+00    5.611244693721168658e-03    1.136267601798946581e-04    2.314449383287323013e-11    3.190746750257442463e-05    2.115251475268361368e-05    -7.478989364329257641e-07    5.832959825575941907e-11
2.900007444580642755e+02    9.960951270000383273e-01    -6.238488143678036849e-03    -1.911407207396768871e-04    5.658498207555360138e-04    2.976302664638319918e-05    2.138929272343622736e-05    -8.607821163310963998e-07    4.712507234038078308e-02
2.900003216390355760e+02    9.995000892212806409e-01    -2.527524076103855708e-04    -1.328526214387939868e-04    5.198101337205922865e-20    3.181192274249693814e-05    2.216852938603813098e-05    -3.079259841052109373e-07    2.562169336785045243e-02
2.899998612066907526e+02    9.985044995347150953e-01    -2.871280096300075912e-03    4.435695441537051086e-04    1.372730298806834051e-03    3.213998835733066872e-05    2.208113976744459760e-05    6.072333275748493556e-07    1.933946049508697765e-02
2.900003405286295219e+02    1.002201772282691916e+00    -1.075472919183470370e-02    -4.932379920846685065e-05    2.476420694376715593e-13    3.271543657563901733e-05    2.221434601121254873e-05    -1.229867973306641220e-06    1.665971355507216145e-02
2.899999157592581582e+02    9.992167256555399835e-01    -5.441703937991654826e-03    -1.529127722155868062e-04    5.945213359446088102e-04    3.066354780492193584e-05    2.117119349556061264e-05    -4.005390761121783918e-07    1.886980105030949774e-09
2.900001690501761686e+02    9.973111451351155399e-01    4.174612127063742628e-03    -2.655131893522822708e-04    9.216886196812996979e-04    3.044033294641460615e-05    2.190190595866970248e-05    9.682008915450826723e-08    2.479803780006710479e-02
2.900000430810422927e+02    9.964420653488099688e-01    2.669895971522817310e-03    2.361024610336024049e-04    1.421166577550872978e-03    3.138550449798645556e-05    2.169822035980070352e-05    4.999705020388593479e-07    6.175145104878041087e-03
2.900007241180503570e+02    9.994507626212350004e-01    -5.563930046521125411e-03    3.494098561964721346e-04    9.315823635897507813e-04    3.166157517944659313e-05    2.179768195504246301e-05    -4.020812270611688700e-07    4.308408470258377060e-02
2.900001240462261194e+02    1.000499007487461567e+00    3.672577070835816789e-05    3.579495850124412383e-06    2.153034347559031061e-17    3.331434831489730374e-05    2.276507555854445034e-05    1.937176088614472729e-07    8.845353968088786462e-03
2.900003149491553245e+02    9.986286615070349981e-01    4.268906564882928890e-03    -3.208567666916512526e-04    1.853090526804258582e-03    3.359674054794839097e-05    2.254828274262633771e-05    -9.954678339602492043e-07    2.966558335422084247e-02
2.899996025068554673e+02    9.994191334705984087e-01    2.810315722825935687e-03    3.296326683794812687e-04    1.362898018187562482e-24    3.316326451905377676e-05    2.189443422517447092e-05    7.123673930483169151e-07    7.339503221686689109e-09
2.899998115983942739e+02    1.000941128169334116e+00    -5.235449637106376862e-03    -3.829208422610181186e-04    1.541731783173803898e-19    3.309928865851877568e-05    2.176006878415942059e-05    8.538464944275132781e-07    8.137851651361512493e-09
2.900009221513764146e+02    9.998837339009951641e-01    -9.503168855129716375e-04    -6.195747121530346100e-05    1.113229078612160186e-19    3.110364516919206777e-05    2.146790549475757751e-05    -1.088750141492370445e-06    1.018259944744451806e-01
2.900003856584046389e+02    1.000618498234031817e+00    1.402368251120543821e-03    -2.338505316228353182e-04    1.091474640009058601e-03    3.337485215468277830e-05    2.239212742021512120e-05    -1.017145625662399443e-06    4.214840131805245617e-03
2.900003457325508975e+02    9.959039495164621059e-01    -1.051037253130868848e-02    -3.334447622221681012e-04    1.650089328028825873e-04    3.173182213958180740e-05    2.116196202571659897e-05    -1.805453253239881059e-06    7.642339606003894202e-11
2.899997830264719028e+02    9.973199034370919813e-01    9.992406935028581155e-03    -1.757274210005077910e-04    3.657050433918353953e-04    3.363880243360469635e-05    2.244930920056964306e-05    1.180994517826128296e-06    3.546245757571642944e-11
2.900004696021010204e+02    9.997916910612989483e-01    5.372399207162474599e-03    3.284995723659226157e-05    1.348856835030465369e-12    3.144564120594703658e-05    2.226107754945270181e-05    -1.166664328093232886e-06    4.278071130725018961e-03
2.899998734145528942e+02    1.001632978484723546e+00    6.835233685373403451e-03    4.124560478416672152e-04    6.605937358432321677e-04    3.216461080081939989e-05    2.210118177242406852e-05    8.181779657234223204e-07    3.056067179207504337e-11
2.900008653196447881e+02    9.960827008047000719e-01    -2.755939510081080674e-04    -4.093069330847059779e-04    3.835810588808674375e-12    3.099467487873691488e-05    2.171858521204780826e-05    -7.838733049298940099e-07    6.455139207353986774e-02
2.900005459961868723e+02    1.001264677934751157e+00    -5.404938011882663880e-03    -3.149333991609993806e-04    5.353725864088158322e-20    2.988816267283213670e-05    2.020127489348091853e-05    -1.392296928652135345e-07    9.419204089069965757e-02
2.899997932392298594e+02    1.000684977972911893e+00    5.529903898171550231e-03    -5.588964418759846653e-05    1.922576870838011353e-03    3.114950356529479181e-05    2.109583743038638185e-05    6.720923283333531045e-07    1.385308769279289427e-02
2.900002390404175685e+02    9.995305487314185555e-01    -6.515220623178292342e-03    -5.412653375249331083e-05    9.909653668342544607e-23    3.325889858071604660e-05    2.149179939582661461e-05    -1.215696326369540438e-06    5.059152956388912225e-10
2.900000739683642337e+02    1.003534512187408856e+00    6.194305477302244813e-04    -2.260149132939735371e-04    9.413683336820406439e-21    3.505794211615992671e-05    2.290641474221645512e-05    2.620328246911978354e-07    5.390150474840071926e-02
2.900001160299669891e+02    9.980066297410963294e-01    -9.463984618948203392e-03    3.603168142655831393e-04    7.307685984381122367e-04    3.473650041923390406e-05    2.266758133784859571e-05    -8.760357474781663303e-07    4.738627656104516667e-03
2.899996395028652501e+02    1.002091520059771534e+00    4.077183615801175526e-03    2.249139719409748667e-04    4.465310843711282684e-24    3.099499949612115747e-05    2.195865172997240404e-05    1.470533548322634088e-06    3.235760858446126854e-10
2.900005090007364288e+02    9.993793657105857209e-01    2.691321552781655510e-03    -2.201415690085130284e-04    1.747097046144706302e-03    3.201219867191623707e-05    2.164190637111416710e-05    2.452253090663892345e-07    7.024046216688734079e-02
2.899998495890552022e+02    1.000670973601193836e+00    -1.037750238933890165e-02    -5.085692647365362435e-04    1.367666714239008354e-10    2.926234204007727673e-05    2.102195595253543404e-05    6.783386138274659792e-07    1.977392678151277676e-12
2.900003754900128001e+02    1.000124999563362982e+00    -2.359899651350528572e-03    1.738774690411548087e-04    8.608257508878726158e-16    3.265807881199005386e-05    2.236243872473479499e-05    -1.476182398347957685e-07    4.705119009165760480e-02
2.900003694490608837e+02    1.000001126763910175e+00    3.484677702990008480e-03    -1.862334792018346843e-04    2.907775822239176209e-21    3.372889658571743914e-05    2.127168686927592066e-05    -2.193217263324162969e-06    8.357574532931363312e-11
2.900004211281669768e+02    1.002172555460410841e+00    -2.443233890683416294e-03    1.800770140795243275e-05    7.764166042933923857e-04    3.070084603936518711e-05    2.178632552416035598e-05    4.518997709957355396e-07    8.643884743393996650e-02
2.899997523265246855e+02    9.989986030422732810e-01    1.841257647608196459e-03    -2.235953468116708154e-04    6.462501572654564996e-12    3.242280345335813439e-05    2.205661606690627392e-05    7.929840886041361418e-07    1.330095011409745399e-09
2.900000676690415276e+02    1.001804526023668540e+00    8.004982894049085529e-03    -1.911018868489763347e-04    2.476822169383291513e-28    3.300865679001439000e-05    2.179288828831567990e-05    -8.454726394404524248e-07    2.330551259226315856e-10
2.900001355526163707e+02    1.001973929820838327e+00    4.658564110685962587e-03    2.753901139396553564e-05    1.019188593998562693e-14    3.235952429452766698e-05    2.080129735779020873e-05    6.053768300892483417e-07    3.461312993528541798e-02
2.900003997337053079e+02    9.985379795552736804e-01    -3.990390600921407162e-03    -4.923999103364785348e-04    2.720445870202021178e-21    3.082775069769211405e-05    2.130564269075581199e-05    -1.872248355214740231e-06    6.639664196359982510e-11
