# f_r [MHz] A m phi D delta_r delta_ere delta_eim a
2.900005765416135546e+02    1.000521126434665176e+00    4.517277139824800274e-03    2.012973937450788261e-04    6.344809156441959641e-14    3.548025811796343750e-05    2.421779030857557966e-05    -1.315815306237451293e-06    3.718944185320065265e-02
2.900001261388009652e+02    1.000179959833270127e+00    -3.452482480343482211e-03    -1.789062950740362884e-05    9.665499558465997110e-04    3.538245819582487003e-05    2.488502228727467312e-05    5.930503706541086456e-08    3.207604754745497361e-02
2.900001880030920347e+02    9.986517132423581300e-01    -6.092129986224941937e-03    -2.745203453065758617e-04    6.475187521248885624e-20    3.507405765912530074e-05    2.372299583928198866e-05    1.507989112409491620e-06    1.118845102911474321e-01
2.899999907173910856e+02    9.990119790362355090e-01    -6.801277483341093381e-03    -1.710988358873270006e-04    2.042861973273836450e-24    3.644559197032028430e-05    2.359631966869122580e-05    -1.802526727456709174e-07    2.797377118743002173e-03
2.900002696772967852e+02    9.975868941151109226e-01    1.078956870458011932e-02    -4.167376021701991529e-05    3.204243664507401371e-29    3.295937635105822185e-05    2.404149950611239516e-05    -7.496817252542989686e-07    8.793635978348589456e-10
2.900000535714572720e+02    1.003098468868980797e+00    -3.417787593471042096e-03    -2.133781579980921104e-04    1.530103878191453419e-04    3.599466437733426984e-05    2.454416726000024037e-05    -6.708742804634994851e-07    3.534791071022682653e-04
2.900001241856355136e+02    1.000169713793465531e+00    1.006757237459537241e-02    6.597634489028488989e-05    8.214807575499853395e-12    3.329473933002906599e-05    2.382633972168837736e-05    -5.177948678139840040e-07    5.326422757077815026e-08
2.900000772511181708e+02    1.000560804554010641e+00    7.580834954865112163e-03    -1.414991234575392577e-04    5.177007823332508340e-10    3.375344308584524291e-05    2.359383461382002725e-05    5.880983804239619253e-08    6.922327208864860666e-09
2.900002474310473985e+02    1.002542881444110412e+00    -7.273840878130232758e-03    -1.850946426502764869e-04    1.164478338611643251e-12    3.535959261779452964e-05    2.441704867491575900e-05    -1.151192415235235448e-06    1.541173085797098075e-08
2.900003383575253793e+02    1.001954135724166584e+00    9.957668348942971120e-03    2.850999727762413161e-04    7.808193214355158788e-04    3.139074210742098168e-05    2.339966630316733478e-05    8.707671289134339435e-07    3.629832571149691628e-02
2.900012216253416568e+02    9.997043243389726053e-01    -1.789646755256804676e-04    -6.473147994742824195e-04    5.328434050962000342e-22    3.575981101218124128e-05    2.399390914225542137e-05    -1.235642927848845223e-06    1.327387822780710103e-01
2.900009370681300425e+02    1.002345337455574414e+00    9.194476257401402314e-03    4.422780699793816878e-05    1.754540675722933307e-28    3.593456786461116066e-05    2.408023196055503545e-05    -2.871019388131264424e-07    7.938887352423948385e-02
2.899997910173367472e+02    1.002082670585131785e+00    5.187310796553955272e-03    8.229993385311245321e-05    9.372699823542080577e-13    3.319793354120633452e-05    2.348651984195618226e-05    1.018132562046589990e-06    2.161845907358405449e-09
2.900004391192832713e+02    9.993114830689061590e-01    -4.547504410255115426e-03    8.932064466030357889e-05    1.435062203784010686e-03    3.591430722736528830e-05    2.466478086890384281e-05    4.071650789122803701e-07    8.172594252781099911e-02
2.900002279447376168e+02    1.000219417488092954e+00    1.290453939942525288e-03    -2.210425932873897725e-04    5.004346922688334543e-13    3.436974100226666297e-05    2.377032617446506296e-05    4.054644409082409161e-07    2.558877665315312591e-02
2.900000520051119111e+02    1.003295282196686955e+00    1.117606213417837724e-02    -1.530132256857062549e-04    1.254372607213051884e-03    3.169781155737978870e-05    2.258279419104850514e-05    1.368070593565196103e-06    4.669668174550625772e-02
2.900001137576672363e+02    1.002202649593513240e+00    4.513204367818618272e-03    2.562962988463643086e-04    3.573010098170402093e-11    3.291350959822890508e-05    2.268701270374807560e-05    -3.655515179351482345e-07    3.210191469199546202e-09
2.899998294789379543e+02    1.000712282192605995e+00    4.513005746602960391e-04    4.626054625065133328e-04    5.923539887438593913e-15    3.384106490291273922e-05    2.297019120071405317e-05    1.505597908536437258e-06    9.025712712952533644e-10
2.900001560746662790e+02    9.971462537466792009e-01    6.466493182461582542e-03    1.605355836864776981e-05    3.916391657578513035e-13    3.369747616307675444e-05    2.419536088659973599e-05    -3.165874108541732030e-07    3.428380167251619814e-02
2.899998835539027482e+02    1.001062058001244814e+00    -1.196567366643459243e-03    1.062108596519485720e-04    5.117400235784398763e-04    3.282650142963771403e-05    2.377893547736034490e-05    -5.512586063493206226e-07    1.311994449692068376e-15
2.900005275505356508e+02    1.000597622983080637e+00    -1.143108523645489701e-03    5.837462368857813944e-05    4.417359049296742295e-04    3.597649022798023524e-05    2.444587250431647714e-05    -8.783219623092034112e-07    1.346800577332873617e-11
2.899998763384051017e+02    1.003054479678286981e+00    -8.504892332748309382e-04    2.217008110386751248e-04    2.178396427307345878e-18    3.568759068027525983e-05    2.474472088705429023e-05    1.005049887306068503e-06    2.268735428108765552e-09
2.899998633321321222e+02    9.988194123640410371e-01    -1.003823648107614146e-02    -4.544096991223408222e-04    4.186452460639176554e-04    3.322944559689435380e-05    2.317845854568014285e-05    5.723545522964745630e-07    2.891506707981720770e-12
2.900000013067685245e+02    1.000577525055762029e+00    5.964155728879357542e-03    -1.842119580610590774e-04    2.736217230200786935e-28    3.569454421087698599e-05    2.413451723223785760e-05    2.210438279864287475e-07    1.240268442968124606e-10
2.899998133998435605e+02    1.002548725985950462e+00    8.484937105833400758e-03    -1.400984058748913532e-04    3.853021057646737760e-14    3.556590523499120345e-05    2.438371444181014570e-05    7.386109335863898622e-08    1.639126486195759742e-09
2.900006038466088398e+02    9.998736816783531101e-01    -1.126532717832245435e-03    -6.546442147483820702e-04    2.432409545128314411e-04    3.352257279953657756e-05    2.446343318162318018e-05    -2.723683508306096069e-07    8.608811269295503499e-02
2.900007237278658181e+02    9.995287812578529385e-01    1.282086184531388943e-02    -3.341322658143763748e-04    1.133709575461556984e-03    3.152109500149001748e-05    2.296768050546917010e-05    -2.813901747023438939e-07    1.002220737906149711e-01
2.900001342573249872e+02    9.978243192122672189e-01    5.769071800641676837e-03    -2.879283516031377844e-04    1.439079294167885638e-23    3.365172178355591107e-05    2.410518113387266512e-05    -6.494421587708643734e-07    1.586771174936539379e-08
2.900001711382193434e+02    9.989747185119308703e-01    3.060762791923476306e-03    1.646866598643777267e-04    8.255614389122722420e-04    3.100123144582506705e-05    2.287951491548249799e-05    -1.890965333948607559e-07    1.228822368054643990e-13
2.900000279628759472e+02    1.002332838446954977e+00    8.931209165587126325e-03    -3.784698225637520545e-05    1.018827500478206981e-03    3.349115251102071402e-05    2.360973101250429687e-05    2.799319299934412708e-07    5.428866535157611528e-02
2.900001218189709675e+02    1.000182177803870642e+00    -7.346228229906034968e-03    4.857836398029092141e-04    1.046817533472846115e-14    3.448988278804011182e-05    2.431616125580886900e-05    -4.211827208325558674e-07    1.801395366576094155e-12
2.899997791684927506e+02    1.000184296175241183e+00    -8.565016909730075075e-04    1.770652084927323150e-04    1.788972119759561481e-04    3.356944229617330220e-05    2.424462524130147545e-05    5.188276867160863830e-07    5.355357278374554407e-09
2.899999916299506140e+02    9.975221699228029593e-01    -6.429550395816096935e-03    -1.442707657754742812e-04    1.725706886992950144e-12    3.150391867859616066e-05    2.381795844266665504e-05    3.152510904026308685e-07    3.176289118238511242e-10
2.899997914265269969e+02    9.972882057597345362e-01    -3.681364681204026576e-04    1.387794480801602499e-04    5.380563739927483332e-23    3.309856708751921672e-05    2.334122422290421976e-05    6.870489238070794210e-07    4.625882594233317139e-09
2.900003924869341745e+02    1.000839711643814800e+00    -2.939331145123696368e-03    -6.730708121964148376e-04    1.628172482210575719e-03    3.384406641866768138e-05    2.384154532812677926e-05    -1.086980655630491254e-06    3.075199469623505003e-02
2.900004007464605706e+02    9.985590408725669720e-01    3.280899729252651637e-03    -3.068468480721862576e-04    1.229294400719503367e-16    3.599745398564944211e-05    2.477900198134137856e-05    2.334289495618484871e-07    7.067087470667623994e-02
2.900004125566376274e+02    9.997157678570604000e-01    3.263360598726213879e-03    -3.921283678558783506e-04    9.725712570390800223e-12    3.471948319900523291e-05    2.405263464022166448e-05    -1.408148223160472330e-07    4.231619885833294570e-02
2.900009337902994844e+02    9.981171692201591394e-01    -7.843616363690526783e-03    6.016538785288962857e-04    2.150863678367693487e-15    3.463578830469083456e-05    2.409162524366012672e-05    -1.579384769536995158e-07    8.451116484744934654e-02
2.900002130563187848e+02    9.988090844817486547e-01    -6.306585869777807038e-03    1.009976781817392097e-04    1.583709701048257803e-21    3.120535314201570136e-05    2.220378083240743709e-05    -8.077766675991266040e-07    2.211503296200288682e-02
2.900001990882937548e+02    1.003268269871854690e+00    1.356456621957750084e-03    -4.422788767587535939e-05    8.336854626153815301e-22    3.450103725310374632e-05    2.371906807075018579e-05    7.874793660058751108e-07    1.846230884378682185e-02
2.900003753954912895e+02    9.988804616481803400e-01    5.198925713717596382e-03    -6.129500264799162327e-05    1.722687578339662622e-25    2.908618934360713063e-05    2.179914862054731201e-05    -1.319646664315156723e-06    8.407511427843027824e-03
2.900007916108594372e+02    9.978642115878243457e-01    -1.413396768048679267e-02    4.137071794108771610e-05    6.620336521576300319e-05    3.656165406615988694e-05    2.389872280773833218e-05    -1.793124808688755765e-07    9.284018286104397943e-02
2.900001424000770953e+02    9.994333680570742784e-01    -1.261941383260873056e-03    -2.176786466635686253e-04    3.258711688571959956e-14    3.266086442772149668e-05    2.329673988845450171e-05    5.563922393134747080e-07    9.765616707718360892e-09
2.900003451201272355e+02    1.002483636539484912e+00    -3.262011805623407385e-03    1.413069056591719299e-04    1.364979275202675897e-22    3.268209885585724627e-05    2.201841133172197752e-05    9.693099491195321935e-07    1.022786857302341035e-01
2.900011149651040228e+02    9.977731988402286367e-01    1.931860624009334526e-03    6.461630004917626635e-05    6.901906662926237802e-24    3.191502802783959973e-05    2.223180814381158282e-05    1.540676109682994134e-07    1.465402873714275467e-01
2.899997604111350142e+02    9.999528087646203378e-01    2.698100971563919311e-03    3.986754064158388360e-04    1.924513059995715146e-26    3.382768097503877530e-05    2.424285702369151184e-05    6.989559944675427384e-08    1.104339480109226401e-09
2.899999511288625627e+02    1.001813317245350943e+00    8.157704778261191600e-03    2.792775566709107321e-04    1.689833146690681480e-18    3.511654598716925415e-05    2.472641666453241231e-05    8.277785274899937056e-07    4.513072732673938797e-02
2.899999847546882847e+02    9.989898397988870027e-01    -6.218736365179193190e-03    -2.806598135954941416e-04    1.304567202516439048e-11    3.388142678355747896e-05    2.465624577969096425e-05    -2.598323503887064562e-07    2.096877978551487632e-09
2.900005399710635743e+02    9.978911031385812036e-01    -1.214304795722276949e-03    2.699497364127373357e-04    2.902648980251525427e-05    3.454411942874791052e-05    2.471624550116337273e-05    7.155808089592779670e-07    4.488367409595286905e-02
2.900005869183149798e+02    9.995984076511725824e-01    -3.840832714798870021e-03    2.632618499163222022e-04    4.261726740022216058e-33    3.336399457060702258e-05    2.396511019461422491e-05    -1.555948850311435767e-06    1.283312486096183265e-03
2.900007764190917783e+02    9.986733990875898970e-01    -1.332170590196041747e-02    1.698305250657521198e-05    1.759528494678159525e-25    3.408137409584087425e-05    2.378427941031017407e-05    -1.425114917356406400e-06    7.497042376134815944e-02
2.900005991556445792e+02    1.001925545851742427e+00    -1.278847390868421236e-03    -4.559565209901877145e-04    1.718469139295321790e-29    3.356950198018624919e-05    2.380644297234318224e-05    -1.898323405413438831e-07    7.190090355573290626e-02
2.900000777779418968e+02    9.979158494416620062e-01    1.028151898682786412e-02    1.863413554866370585e-04    7.925008110915343954e-06    3.378304844999706433e-05    2.373643316157717480e-05    2.591078084346315426e-07    4.355860520646851238e-14
2.900005093065941537e+02    1.000404213870724313e+00    3.777920997843858472e-03    2.083687023015609629e-04    2.918183949078184927e-11    3.465403344732674004e-05    2.441007357010466778e-05    -1.759399445047945920e-06    2.996709485756252761e-02
2.900007577821082236e+02    1.001221322533075497e+00    -8.868604851825287808e-03    -3.590785725539976281e-04    6.213281686132161685e-21    3.389165261897601587e-05    2.333458745639034029e-05    -5.107984365310112932e-07    7.219070769808536014e-02
2.900004423053403571e+02    9.987501114225647569e-01    1.110156738956322294e-03    -2.244233168500901537e-04    9.900678862503890259e-18    3.584221844980484221e-05    2.380670487714099887e-05    3.750182320812708240e-07    5.138949987634994221e-02
2.899999190035551351e+02    9.991135904981937044e-01    -1.114369058182662457e-02    2.539378263280912709e-04    6.669786568405949726e-04    3.149835622081852420e-05    2.305755644856587105e-05    -5.070609704923228265e-07    1.088471660720643077e-11
2.900000672173728162e+02    9.989721434863161331e-01    3.167655732213634466e-03    -6.334778016409741081e-04    1.172816800498832586e-04    3.420697047515904672e-05    2.409444613905283521e-05    9.726223170090083782e-07    7.336343969282130284e-02
2.900004742026107465e+02    1.002547989654992033e+00    -5.652793791889126028e-03    -3.148663886335940193e-04    4.245405785121750093e-14    3.299993728893467156e-05    2.425113117177578169e-05    -5.979098312080329934e-07    2.818202173668498886e-02
2.900001588682890201e+02    9.992563383743292560e-01    5.571487086406994374e-03    -2.189883703982117608e-04    3.763736367518035700e-04    3.496377200617429654e-05    2.348288587423403889e-05    -8.926542176126393301e-07    4.575186074263136537e-12
2.900002183916724334e+02    1.000190167242070105e+00    -4.461490544902724752e-03    -2.787747798430578847e-04    6.948929799834615813e-04    3.442991571347294951e-05    2.426199089563432738e-05    -1.158524712641741668e-06    1.615610038257719546e-09
2.900002850832926242e+02    1.000306534758222288e+00    -1.836041752624265869e-04    4.086527185313478682e-05    2.132564890225749007e-03    3.400016132032156890e-05    2.352676588404398146e-05    -5.261049486973977827e-07    2.172926136533835997e-02
2.900000116803932997e+02    1.002623278950951491e+00    5.622150957073236005e-03    7.585808401259405134e-04    2.069277215606759949e-10    3.314253378618380811e-05    2.348553182796121999e-05    -4.900291144257846327e-07    8.559244803808831905e-09
2.899999586517475336e+02    1.001016167728443929e+00    5.031725827892299767e-03    4.744853830722415384e-04    5.675320836217799183e-21    3.718768976369849806e-05    2.432058434661053912e-05    3.837800894750218651e-07    5.809847265865105900e-03
2.900001156964630127e+02    1.000120268202560503e+00    -4.662044532507106289e-04    -2.044904644870492350e-04    7.308936916341691711e-14    3.491026507074409797e-05    2.387339260843428170e-05    4.351240818678242463e-07    2.437455269741027608e-02
2.900001521999000715e+02    1.000418216819663586e+00    1.581899619574607223e-03    5.499527799005332965e-04    1.051576709581149077e-03    3.448447924984663943e-05    2.260189149271103209e-05    1.510677906546682899e-07    2.483889756881026492e-02
2.900001959991799936e+02    9.997766415300349818e-01    -5.183263547749008930e-03    2.140737004533457518e-04    2.127097465857140293e-03    3.238896837328543801e-05    2.295673472124910646e-05    -5.699775607139716571e-07    3.384460196974759146e-11
2.900006829563354245e+02    1.000215651921076088e+00    6.395687240237323250e-04    -1.605560551403842416e-04    2.570510297089021162e-04    3.640667921506919455e-05    2.419781920210281264e-05    -5.595009479949417824e-07    6.894875492741014966e-02
2.900000300732435221e+02    1.004925930761866537e+00    8.736797993575956675e-04    2.245095408336759003e-04    1.958408686436843588e-03    3.433892511343652852e-05    2.378495643584081971e-05    5.011201204718763260e-07    3.451664843073840028e-02
2.900003164944241121e+02    9.993230966862758358e-01    5.808089742011869269e-03    2.780618568745614515e-05    1.540311570975542175e-03    3.259004705672343826e-05    2.200485308076598212e-05    8.473469298657461329e-07    5.024183306229169227e-02
2.900007300154853738e+02    1.000528901720159736e+00    -3.144100087514353878e-04    -2.061538190510239061e-04    1.726198042850414212e-04    3.384789706839934375e-05    2.257875173257514422e-05    -2.326175440809686859e-08    7.616652523068632996e-02
2.900000917763425150e+02    1.002111140506798170e+00    3.676248924749754652e-03    -5.349331962674827579e-04    1.458668368757777719e-04    3.464081873521987313e-05    2.340388826983564224e-05    -5.652959338952657332e-07    1.979491933715451987e-14
2.900003033188769450e+02    9.988790409555571292e-01    9.206495644092178767e-04    -5.394280696604754127e-04    7.322399547626900807e-22    3.419404448743967027e-05    2.376274396753079348e-05    -1.327122747165863451e-07    1.898857895676309832e-02
2.900006428602657707e+02    1.001751113165679774e+00    8.891104322682314397e-04    2.324611237497717646e-04    1.772739792343948329e-04    3.265324935825113668e-05    2.320755114795532132e-05    7.070296811697070278e-07    9.871761910778172056e-02
2.900004622802005656e+02    1.001127279211476484e+00    -1.083219160383049051e-02    1.500173268068270534e-04    2.172272662865041679e-20    3.314719293303712685e-05    2.334221692076613057e-05    1.151282193220925870e-07    5.127625925103850013e-02
2.900002594044306079e+02    1.001757466214874714e+00    -9.186291249284625135e-03    2.214963577059525675e-04    4.810827636598871399e-12    3.563262604235437086e-05    2.365566421234422035e-05    -5.849841737815826961e-07    3.706628630654382889e-03
2.900002276292267425e+02    1.002207640478111950e+00    7.212351329267461045e-03    -4.436306119258815275e-04    8.815588060747104615e-16    3.100596342727589017e-05    2.167069616571753882e-05    1.340721982392917244e-06    8.385786296831766740e-02
2.900000339909963145e+02    9.962806014079682582e-01    8.392856840444754343e-03    -3.856037063848027978e-04    8.274604387069664143e-18    3.362531408030804386e-05    2.381877479633672288e-05    -3.631452995115294566e-07    2.114129135154648024e-12
2.899996569635457035e+02    9.977146041963482759e-01    1.263250268171628400e-03    -1.736332393467643006e-04    8.609176204082883256e-04    3.418259453404960159e-05    2.368162737468334125e-05    3.339423996438932226e-07    3.113649524746775563e-03
2.900008319555247454e+02    1.001457327494742922e+00    -9.284152296335074911e-03    -1.992306058116050658e-04    9.786291468018761138e-23    3.399154280663412719e-05    2.428853312118021623e-05    -1.200407394566727203e-07    8.248964631717853324e-02
2.900000713200269047e+02    9.994033646670910098e-01    9.022014639398509908e-03    -2.988081093825814593e-05    6.071998506433240071e-04    3.389410572280481665e-05    2.384753831076607376e-05    2.742155889661405096e-07    1.015024699880395396e-12
2.900002366489299561e+02    9.987643341909546724e-01    3.374724227522305636e-03    3.215525765427282323e-04    4.001687880464168670e-04    3.203027132778001702e-05    2.261634285637761514e-05    -1.187618669700213053e-06    7.287473008686851843e-10
2.900006240627959642e+02    1.001653432943382160e+00    -4.414822246575672744e-03    -6.215911124699850451e-04    7.618906238247193848e-12    3.233129801180042372e-05    2.379446625482312076e-05    -4.607936343520780714e-07    5.696892260907777256e-02
2.900000935876443009e+02    1.002950938453220031e+00    4.177548583991198827e-03    1.855338846784153372e-04    5.936219665476250340e-24    3.490315521882497008e-05    2.413564475858188764e-05    1.233437309072972992e-06    4.709726628577524943e-02
2.900000835458152437e+02    9.996432659189988801e-01    4.858448778019589204e-04    -4.070258555908036095e-05    1.026227505480113928e-03    3.560024732403353173e-05    2.401587897793392855e-05    -2.355367329839824855e-07    3.852860161578704556e-09
2.900001270133902267e+02    9.996023617609535172e-01    3.478756736806524162e-03    -2.586341639324384696e-04    8.325227491370205740e-04    3.623810972661254233e-05    2.468971501839959813e-05    -3.892660430702036625e-07    1.976246499525990556e-14
2.900003143647882666e+02    9.972959875600454493e-01    2.864471519983676721e-03    2.637649856390984326e-04    1.731447208310757586e-04    3.300665268046858598e-05    2.293509294121874004e-05    -8.112620945158027239e-07    4.480560227039469794e-10
2.900001938728773325e+02    1.002990945043239268e+00    3.666654046480230782e-03    8.811285694216755126e-04    2.932695187203534422e-17    3.504712075539761617e-05    2.398736190341910730e-05    -3.294082487993700794e-08    4.349834246322093785e-09
2.900001963053900340e+02    1.000034547963281284e+00    9.980209926984643862e-03    -1.337190098077221240e-04    1.403222504847452935e-10    3.343193242248951910e-05    2.369243552780018119e-05    5.296027392539590731e-07    2.354886025590825077e-02
2.900003270709869980e+02    9.993347468257683941e-01    -3.399331585312683531e-03    -6.510970371368491553e-04    2.083664603763582077e-10    3.399427698703608403e-05    2.315340887241992346e-05    -8.651773496159160777e-07    8.832129774020084326e-12
2.899997621777415020e+02    9.999736243330389351e-01    1.929935104665912683e-03    -2.651761654514899619e-04    4.272873722950857345e-29    3.638630581825609512e-05    2.546299931739300036e-05    3.759608525844137236e-07    1.899246949752396193e-12
2.900003297131224258e+02    9.998642519591335320e-01    -1.560101605616904911e-02    -6.956931775580864200e-05    4.873135721139950282e-04    3.202651355278406022e-05    2.320216319876853086e-05    -3.846815470665129853e-08    3.360412415902448713e-02
2.899999422304703103e+02    1.003347350711791375e+00    -5.008625194818257069e-03    -9.981448894562100770e-06    4.007004603107448454e-08    3.350285482231558551e-05    2.184708962072645828e-05    4.477139792028713372e-07    1.748591411232567130e-02
2.900002458239695784e+02    9.990708525799543160e-01    1.154366047733212334e-03    -8.302018102712512200e-05    5.566215864619269635e-04    3.481512821090954507e-05    2.272974297874869336e-05    -3.091791695560104488e-07    4.070284176877427246e-12
2.900003021907603511e+02    1.001643264721821414e+00    3.485236483481072949e-03    -1.969711991123208102e-04    2.696142545342274125e-18    3.474203454466395053e-05    2.394963513851556649e-05    -2.230597198911172535e-07    8.617987478934911777e-13
2.899998620190340830e+02    1.001463319264756846e+00    -6.118563701707679416e-03    5.088174406008938271e-04    7.714025446707170825e-04    3.022021038480521103e-05    2.119894693195006742e-05    3.819035783252278896e-07    7.574738796003118985e-11
2.900007983432912511e+02    9.981347067835355524e-01    -2.873907584519124706e-03    -1.899772883861044126e-04    4.523076645294135400e-12    2.957491044508134400e-05    2.188857392126917321e-05    1.056138310164536987e-07    1.302323954511334647e-01
2.899998634528094499e+02    9.985350118079928672e-01    -5.862152499833772276e-03    -3.629838799362127520e-04    1.603712614738087531e-12    3.287089565087384231e-05    2.349788125623031814e-05    -2.603082779465528364e-07    2.015288811339793795e-09
2.899997633299933568e+02    1.001820629486152026e+00    -3.097654492374154502e-03    -9.470782405478798613e-04    3.894697095724839311e-20    3.171171675496886209e-05    2.312298030328854321e-05    7.076990339442068999e-07    1.252621391472908519e-08
2.900000273640738442e+02    1.000319553226140856e+00    -1.353275009246684805e-02    5.225247460522988371e-04    2.432635170964407579e-10    3.233814097554481043e-05    2.274167047079043348e-05    1.674067953899704904e-08    6.134390984597085797e-09
2.900004001696303817e+02    1.000672103542384894e+00    -5.324854783824883864e-03    -1.625902418309081905e-04    1.459803349232531886e-07    3.344964817036354392e-05    2.344990453093683777e-05    -9.805769743082696917e-07    1.694863214833911350e-02
