# f_r [MHz] A m phi D delta_r delta_ere delta_eim a
2.899999140492893730e+02    1.000122117025324942e+00    2.067562894277131299e-03    -1.260543595698010313e-06    2.662473510932903461e-04    4.269261700326077021e-05    3.094854922734252252e-05    -4.319980350839339996e-07    3.386467327749240284e-03
2.900009795396016443e+02    1.003720553262734683e+00    2.528785311889769735e-04    -7.902361640819009943e-04    3.783905740979731684e-19    3.998280651038440766e-05    2.992951073096548550e-05    -4.971604439402189115e-07    9.050900203859203741e-02
2.900000976768574787e+02    1.001100181972774728e+00    3.548632873720938830e-03    1.592641445862287574e-04    1.251939190351044695e-03    3.710989783009299340e-05    2.902668243904733283e-05    7.723783709011855651e-07    3.541082958291362585e-18
2.900004086712071967e+02    1.001483626790246273e+00    -1.177128271661405032e-02    3.236560420589210899e-04    2.024816390963099095e-11    3.857783435655758557e-05    2.891673125644175091e-05    -8.279330248762661592e-07    1.846673636169516293e-10
2.900002479838234990e+02    9.986150033456502317e-01    2.043807889762080335e-03    -5.711069937284467488e-06    3.568934760006501750e-12    3.841138411770783775e-05    2.944948891011609228e-05    -5.705335288964562084e-08    2.359017379210139737e-02
2.900003165708897654e+02    1.000673059379026064e+00    5.979695110364871037e-03    1.252137020835375968e-04    1.386174820663679211e-14    3.782271351874525231e-05    2.838726027151333719e-05    9.244133862217639769e-07    4.858898615289196365e-02
2.899997417831821735e+02    9.976696976897240221e-01    7.553021137170388803e-03    7.935474843907814159e-05    3.058666484754805574e-13    4.156978829988688891e-05    3.036157805881404165e-05    6.731013778500293041e-07    5.454445349873863862e-03
2.900004119435558323e+02    1.000282005640465988e+00    -1.404993072483062301e-03    -6.534856801652831539e-05    1.194536861668358432e-15    4.052426749545563642e-05    2.838605988505297351e-05    -9.063989519471754521e-07    9.695449716328771486e-09
2.899997564578246738e+02    9.999509148182227358e-01    -4.654375858162734976e-03    -2.841972262707703257e-04    1.300669306294111776e-03    4.002787128034671353e-05    3.007998532135010625e-05    6.399102102689615330e-07    9.557870218772665749e-13
2.900000077914688177e+02    9.980117676457034293e-01    -6.116264247230821481e-03    -3.608920551102225648e-04    2.869790370300074312e-13    3.822492330631560467e-05    2.885606696397565433e-05    3.154176619474814598e-07    2.234586869366029907e-09
2.900005006194784869e+02    1.000890281177868824e+00    -3.853842952939500865e-03    -2.018831709403341582e-04    3.004478721010272294e-05    4.143725750965134166e-05    2.989830744255049031e-05    -1.418258465100887592e-07    4.884340421029099988e-02
2.900000050177491744e+02    9.989265366151504066e-01    -5.384956498975461414e-03    1.274835833408753455e-04    1.400948880728335198e-11    3.755106265647707308e-05    2.856152983750989834e-05    -7.929063016572548975e-08    5.681005227051020941e-09
2.900004388337832211e+02    9.984433512936925492e-01    3.202917025455487114e-03    -7.370609091793161368e-04    2.161812429813468714e-04    3.869325418815770866e-05    2.873915323640634906e-05    -1.232412214976296627e-06    1.196686227561031407e-02
2.899998679695478927e+02    9.988218589257721325e-01    -4.581360961962452870e-03    1.682547784560696578e-04    6.119782287007954989e-04    3.874998475017755160e-05    3.024001906056063697e-05    6.138163140157363332e-07    6.547707739294986173e-03
2.899998945349842643e+02    9.990689075637370076e-01    2.919994988063856402e-03    -1.134429572967693097e-04    1.583408718688476314e-04    4.122006373570284731e-05    2.992345432472818639e-05    -6.257851890657105518e-07    5.308926232242069596e-03
2.900000606367606792e+02    1.001760932646690749e+00    -4.060969550592650676e-03    5.948879387910433147e-05    4.182099616233673676e-04    3.790889404138260351e-05    2.832898635730433270e-05    1.941784722979687721e-07    1.170254162678417533e-16
2.900001002191755788e+02    1.004237075203547880e+00    8.075812255036561235e-03    3.260953806290205990e-05    1.909736935192805939e-04    3.857664807425946376e-05    2.892841062334602649e-05    7.037329787177163929e-08    1.755167590635784736e-11
2.899999416266241496e+02    9.998558559029673276e-01    -2.088508019160872746e-03    2.310960492712934233e-04    3.440110196143886422e-14    3.881196869952715313e-05    2.906321978855966605e-05    -1.934336793904660260e-07    7.573442328688606982e-11
2.900011406856154395e+02    1.001405313350893778e+00    2.473638677656283527e-04    -4.117735066452529215e-04    1.296318145930213645e-13    3.952868084288934861e-05    2.923283147181882273e-05    -9.945494707450110631e-07    8.010803051348493187e-02
2.899998798005264575e+02    9.982222461544812964e-01    6.404415917218321368e-03    1.322205853402735160e-04    3.295791586674939182e-14    4.076933450014840068e-05    3.072978550521280553e-05    5.093916121576859910e-07    1.866408962307268896e-02
2.899997914445614811e+02    1.000149528222362472e+00    6.669501029307378127e-03    2.374017395318206956e-04    4.194555897553315573e-15    4.038652758882514226e-05    3.072262853388711587e-05    1.397204574071278047e-06    7.763963402362236737e-09
2.900003175871506187e+02    1.002727743826993922e+00    -5.699146254015181705e-03    -6.713996525767432265e-04    3.277877256755049093e-21    4.065617178189826115e-05    2.911017313400677937e-05    -1.669183471012461668e-06    6.610491430586775405e-10
2.900004409237841401e+02    1.001630126376805929e+00    -8.061335261314238679e-03    -9.607287408927699671e-06    7.130393612060103073e-05    3.980472044069147266e-05    3.055381785367573735e-05    -5.169090623284553687e-07    4.330388649778503518e-02
2.900003394512337422e+02    9.981091985570250680e-01    -3.152305222314244048e-03    -2.711397730330704922e-04    1.850228389649690754e-03    3.833014236337116691e-05    2.937475178661958742e-05    -1.381896848017999087e-06    4.736418127732210536e-14
2.899997970665720004e+02    9.960510111939741007e-01    -6.743036638508024660e-04    6.694491139856815912e-04    2.565666770576488408e-11    3.758912372628925297e-05    2.853618332592077142e-05    -3.543307137479690190e-07    2.443792192670983083e-11
2.900002693344523550e+02    1.001718961793049756e+00    2.596778679031145655e-03    -2.068524401061256062e-04    1.817076971902707554e-03    3.800664706378863319e-05    2.961562172658730054e-05    3.057782392363970425e-07    9.885878259792754748e-11
2.900000254576644920e+02    9.991571985723032290e-01    -7.254699768962299074e-06    -5.179557176673412009e-04    2.589942924372111138e-09    4.016964953664385943e-05    2.932703919425358498e-05    -2.670270808166582119e-07    1.203193760485624314e-08
2.900002901158327404e+02    1.003496591813300975e+00    4.716800905569102503e-03    6.068873170616612871e-04    1.581237588392199469e-14    3.968775962622677657e-05    2.961793124939464617e-05    1.114170403471575598e-06    6.746602163070902769e-02
2.900000244943387315e+02    9.981332167440809533e-01    3.271739804426963697e-04    -2.145135649574268126e-04    9.625975568888548120e-16    3.917268787213935919e-05    2.983385547741407724e-05    1.280960292624686220e-06    3.118148620996254693e-03
2.900002326343475261e+02    1.000013090516655101e+00    5.004601301619035318e-03    -3.351938667612075267e-04    1.376326239285321907e-17    3.653701984716247348e-05    2.884493735599791899e-05    -7.293099303422725356e-07    9.733566980058614912e-03
2.900011049137447685e+02    9.983886077514618762e-01    -5.880252967017097999e-04    -2.875307161724002260e-04    3.698222781905664953e-10    3.976250220844302746e-05    2.914109887730306799e-05    -1.020988242368246688e-06    8.212293735545941886e-02
2.899997717717232035e+02    9.987382850568053971e-01    8.498910866387911212e-03    2.009261608176852391e-04    9.575293667402222266e-12    4.051361873111745786e-05    3.041421243232860506e-05    2.886181109274280465e-07    1.031238764348665844e-06
2.899996497884986866e+02    1.003363767147586572e+00    -8.466449117115027552e-04    -4.197935543538760194e-04    8.346400677200348662e-04    3.911928787194449229e-05    2.935592287050075886e-05    1.191735768736202607e-06    4.018742057221596891e-11
2.900002890072715331e+02    9.974340250246841455e-01    -8.883196386749126969e-03    -2.705129019903604825e-04    2.689903767785278430e-15    3.849511566253326523e-05    2.884658651306470630e-05    -4.222992261577630241e-07    1.879781393973001865e-03
2.900001744031556541e+02    1.001482729338956323e+00    2.786580072160967179e-03    -4.852737726017576224e-04    1.218291706764945808e-14    4.238375153986093308e-05    3.130709649679448605e-05    -1.745998609563812262e-06    1.519875580403439234e-09
2.900006496939928411e+02    1.000676910439128431e+00    -2.745935888823686655e-03    2.179932113595718375e-04    2.061402388141530140e-03    4.313090649555771720e-05    3.066876030829308842e-05    -8.638584031991106433e-07    6.003777138091993815e-02
2.900003825461350857e+02    9.983035444847014883e-01    2.332994080719829385e-03    3.864099756728321786e-04    9.212441024427994599e-04    4.056051032253969025e-05    2.985342309647130379e-05    -3.968483531694843091e-08    7.099624196164978918e-02
2.899999865428039243e+02    1.000869253141120518e+00    -1.586232458947230183e-03    1.581603216681909613e-04    4.243465380397636543e-05    3.911749168226698857e-05    2.943315604349544101e-05    4.537100823654439318e-07    2.412159014977041644e-07
2.899999519364319553e+02    9.987343163299717830e-01    3.137700114756532613e-03    5.949950948982690030e-04    1.595312799339463532e-03    3.941405088207795544e-05    2.953725015953417903e-05    6.845820105529703637e-07    2.509227949708875763e-02
2.900000981291295830e+02    9.972748237720702180e-01    -3.733371344695512236e-03    3.423002450636345589e-04    1.445414587440382642e-04    4.100921949239811341e-05    3.009815435828353233e-05    -5.166175373280871367e-07    2.612328118247747445e-13
2.900006404968581251e+02    1.002687784664550552e+00    -4.786452078384432693e-03    1.579996183862272102e-04    1.119652084404603159e-03    4.191332281583934371e-05    3.034269917556029801e-05    -9.997265506569921039e-07    6.201000767386895263e-02
2.899999507633834810e+02    9.978738060864600357e-01    -1.478355021596551794e-03    -1.531517233013898088e-04    3.478678754036853396e-14    3.906754641431002924e-05    2.885687090725445826e-05    5.795628636530584772e-07    1.333304057678330254e-02
2.900003612637980837e+02    9.976540435176182164e-01    1.328676123015809854e-02    -4.836703651516878401e-05    1.859596611499521139e-04    3.895650027395263941e-05    2.969575080378254820e-05    -1.086660938765080053e-06    3.048128077779544516e-13
2.900004524079243993e+02    9.976281009122739407e-01    1.209211810748297283e-02    -1.325716750440061821e-04    1.538566156683557730e-15    3.855445489431091698e-05    2.890656142518001110e-05    -1.209705175143100676e-07    4.934776454759337572e-02
2.900000146241119410e+02    1.004160387822018219e+00    6.834441485904674696e-04    -5.295142998416810243e-04    2.294405881118658784e-13    3.862492202802486125e-05    2.939073719391730472e-05    5.338960558813024902e-07    1.630290621489214817e-02
2.900005428991200347e+02    1.000355838028112121e+00    -7.160964804435181359e-03    1.557238711885189483e-04    1.089019839827599706e-03    3.977657384325762732e-05    2.950739579570840654e-05    -1.026450729765772557e-06    5.309042625354577771e-02
2.900001932305034416e+02    9.984751965732358014e-01    -2.547588898070120376e-03    6.419018639168224717e-05    3.651372642994499438e-09    4.058254286132480682e-05    2.977236348921660303e-05    2.419501308041315567e-08    1.629715320606575039e-06
2.900003237282371060e+02    9.986956768766828141e-01    -3.994769131211661772e-03    -1.958241059637036327e-05    8.066066775372735176e-24    4.131451796875058440e-05    2.985588102174362163e-05    -8.753806648263943219e-07    9.254065984390799301e-07
2.900003319322531752e+02    9.981891632159364258e-01    3.128261020948166615e-03    -2.047041495220256716e-04    9.268597665543355166e-21    4.109696389320246536e-05    3.023929833894051320e-05    -6.489603303395972551e-07    9.279272849851019286e-03
2.899999753053947984e+02    9.966764034699554520e-01    9.531021652589288795e-03    2.471435054568075078e-05    4.949312979803366895e-04    3.658675491335509943e-05    2.836371612184268549e-05    3.915368929710429376e-07    7.040116301985390162e-13
2.900002858151671035e+02    1.001378431134899438e+00    7.106128021060862006e-03    3.276653522716253505e-05    8.952774522226151360e-04    3.775688597112573035e-05    3.070590601538171510e-05    -5.122867200614556848e-07    4.992668631390199951e-02
2.900000456403818703e+02    1.004348831072896076e+00    4.268221387680006147e-03    3.177762493095240086e-04    2.788925939338242495e-14    4.003598955505197348e-05    3.104464241295860682e-05    -1.433495512304252902e-07    6.082032687025906979e-10
2.900002679270855310e+02    1.002987033524699978e+00    8.249253937073578249e-03    -1.115939122436283886e-04    5.746670542998741784e-16    4.214869991451163973e-05    3.090095414848998014e-05    4.274218868135907208e-07    4.304224305280895252e-02
2.900009551394865639e+02    9.984372355853748937e-01    2.964314217725951971e-04    2.733252023733704380e-04    1.966424800458783085e-11    3.980766092209314351e-05    2.963788401622058184e-05    -1.059507418000862908e-06    8.165885538602767058e-02
2.900003237996935468e+02    1.001209178504172792e+00    5.286734711083475487e-03    -1.884949001214186867e-04    1.894338321357875174e-03    4.355323385090572279e-05    3.092220760897142293e-05    -1.137424094383993339e-06    8.952787559661967622e-13
2.900000249445158147e+02    9.984644692132716992e-01    3.509526966511486955e-03    6.885297540471000224e-05    3.621471162143159798e-20    4.026306515534267298e-05    3.002886659314497224e-05    8.632570697130991159e-07    2.802994258443576142e-11
2.900001136468009690e+02    1.001302029952190864e+00    -1.380016669756871893e-02    7.921952455352825224e-04    1.157604639100022698e-03    4.233129711087816206e-05    2.914705469196988668e-05    -7.059639848834798247e-07    8.819427243603375065e-11
2.900000460857735902e+02    1.001542043362484424e+00    1.399669801382633083e-03    -4.653027384949349851e-06    9.992883993207063577e-19    3.987920111170505712e-05    3.034673366559931558e-05    -4.645367797724823531e-08    2.938083806784250651e-10
2.900006384761343838e+02    1.001515916502348391e+00    4.724033583165362015e-04    3.202320849900593624e-04    2.204099083789021193e-28    4.019974453005588578e-05    3.020267530792541738e-05    -1.933813036976804196e-06    8.381752409533208686e-03
2.899999483282090296e+02    1.002053747014687968e+00    7.849151871729005345e-03    3.873246640361772616e-04    7.285178315096854065e-13    3.909427025575520231e-05    2.872226257610115187e-05    3.625572894043519278e-07    1.192423586984304183e-09
2.900000627153347637e+02    9.973100215672061619e-01    1.876837528989560785e-02    3.201335197123816433e-04    5.360879374316804367e-04    3.994098702154080718e-05    3.024659964659330338e-05    7.174513763475762880e-07    1.880627633911102076e-02
2.900001984778154451e+02    9.973764083937575187e-01    -3.080458867632778017e-03    -2.628381304938238018e-04    2.179372745970635018e-15    3.974863391271791065e-05    2.917167441593624647e-05    2.872228121977093319e-07    2.218181559941157067e-10
2.900004488897917554e+02    9.981424388786930280e-01    8.199451514090435114e-03    -3.143317347784177398e-04    7.262286415223281931e-04    3.761877045815908879e-05    2.911520507375770021e-05    -9.201029037544548229e-08    2.648533671542794773e-02
2.900001533417464543e+02    1.002897437777988010e+00    -8.544751530248617319e-03    -2.967138298516691424e-04    1.828946667628903464e-03    4.039117244664372963e-05    2.890071559170440661e-05    5.849338156060738377e-07    5.035962078243909346e-02
2.899999238853326347e+02    1.000155405304331113e+00    3.008389414608719521e-03    -3.510230465483779485e-04    3.451025746820436530e-18    3.823897956947007622e-05    2.951352247362522984e-05    3.710514935871006579e-07    1.217445970465291376e-09
2.900002689059923568e+02    9.999004773896658094e-01    -4.885527808363612345e-04    -9.850242472501646851e-05    1.126949119437529519e-13    3.853907467499823199e-05    2.899732401346931802e-05    -1.034647273930530991e-06    1.148087856646030740e-02
2.900000864560704485e+02    9.943978479851178776e-01    -1.165352523643869119e-02    -9.359241768528499435e-05    1.648770715055019676e-03    3.836571083217757330e-05    2.801632703816766911e-05    3.882022050006757206e-07    1.287665585053207606e-13
2.899998182958018447e+02    9.989192333859802098e-01    9.656763019137731829e-03    -1.256696411613226417e-05    8.538337439315928503e-20    3.807530921456834904e-05    2.815695006495899552e-05    2.829185699156613487e-07    3.793935087107058310e-11
2.900005639597661116e+02    1.005110802667867009e+00    1.609210050447944240e-02    2.476316083424545916e-04    1.429764310870450294e-03    4.096361142684802907e-05    3.032621551578155213e-05    -2.326073167362066745e-07    7.307290634528595952e-02
2.900001485217199502e+02    9.994339320075512623e-01    1.177310318205756524e-02    -9.543072485189245651e-05    4.391808838944111715e-22    4.135619601192210183e-05    3.005762692902156521e-05    1.095271396260112876e-09    7.506951465540342320e-11
2.899998589926493651e+02    1.000357367176279988e+00    -1.718820513678593828e-03    6.038804384912865733e-04    8.553927266609102215e-04    3.837027252313245860e-05    2.838264998200012133e-05    -1.200854215636549495e-07    1.668604933305669203e-05
2.900005018003396344e+02    9.989594088346440692e-01    -6.226245775693062777e-03    5.312368846249806162e-04    1.814327223531403041e-19    3.891292471471775817e-05    2.943380319325231606e-05    -4.107803728717415361e-07    4.003664494669167961e-02
2.900006363172636270e+02    9.991003522665459213e-01    3.221831012404869753e-03    -3.771083712550200211e-04    1.743069946351883065e-04    3.683534419187051634e-05    2.939848652700659476e-05    5.429759274563490101e-07    8.186050651984322357e-02
2.900001919516927273e+02    9.981889741216625200e-01    1.537602063805943277e-03    1.447524767947913919e-04    1.226551088529713928e-16    3.798090373507930401e-05    2.880765195857520390e-05    3.222244908517186985e-07    2.297183210347648191e-02
2.900001022391489869e+02    1.001336443978412927e+00    6.864075335089186297e-03    7.077911664972045191e-04    3.063058816487527336e-15    3.848385859453127818e-05    2.910602405794749699e-05    3.773683828301142093e-07    2.700697607052738824e-14
2.900000803256931476e+02    9.990939541318193395e-01    4.082761840729452925e-03    3.757152073551611889e-05    4.105351829032413929e-04    3.819882418828936271e-05    2.845141255013331285e-05    6.609688038103035018e-07    5.052571911418867086e-03
2.900002097258739582e+02    9.964323809623764072e-01    -4.118970042885482068e-03    -2.566077518012490808e-04    1.423584304099439406e-04    4.047064592529602163e-05    3.081288893049597387e-05    -7.906157547327721976e-07    5.729112809224831455e-10
2.899995859781811873e+02    9.963109977653227256e-01    5.318876255577978211e-04    3.906687262124529597e-04    4.888589049950862049e-16    4.032004226896414013e-05    2.977643767132787122e-05    2.543847563505805571e-07    4.170650964556104723e-04
2.899998791262074747e+02    1.001988627753185090e+00    1.441042715967381102e-03    1.732269617742093575e-04    9.008574969541905574e-17    3.550330759208602025e-05    2.863351014953818846e-05    -5.132000906046229424e-07    3.051809122945259123e-11
2.900006384889184119e+02    1.001780870302512172e+00    1.683257658612296800e-02    2.837065467673219538e-04    9.187829103473439182e-22    4.058556359059252168e-05    3.033245850322939562e-05    -8.178690743923192774e-07    5.796977836298133208e-02
2.900002546316865732e+02    9.994364507901349892e-01    -1.021042100130582601e-02    4.909131205907910631e-05    1.031169014007273702e-15    3.989075037248150955e-05    3.037530307318443462e-05    -9.570213253002294169e-07    3.327690595877410304e-09
2.900000052010767604e+02    1.000756161979060144e+00    -5.874049197793581104e-03    1.816114280596884236e-04    2.746688091929476640e-12    3.903436944221537854e-05    3.016603355995037687e-05    1.410701360777295358e-07    2.122476946473474818e-02
2.899999817581960428e+02    9.992680594994889365e-01    1.066341257041998961e-02    -3.261973896289898462e-04    1.788461196855583137e-04    4.172292156399999558e-05    3.021426531168882305e-05    1.070883073815872850e-07    2.346731216785766471e-17
2.900005045981753824e+02    1.000381627637928705e+00    6.872609208492170586e-04    1.105345093495118639e-04    6.272638343035217674e-17    3.998193145740732129e-05    2.944833222127225467e-05    -4.365326564871438465e-07    3.789663161012814946e-02
2.900009875948337594e+02    9.984807565900520876e-01    -1.152273722403604830e-02    -3.185758045296578243e-04    9.160885981612098151e-04    4.009410161837482660e-05    3.075554329630571628e-05    -2.404794507768336724e-06    7.696771286924743161e-02
2.900001650358161100e+02    1.001907716041804841e+00    2.836324740526851521e-03    -6.088332438748982793e-04    2.807434963482031173e-04    3.987341305312336434e-05    3.055616029107852995e-05    -2.949295174163556599e-07    1.650868105306938026e-10
2.900004846101517160e+02    9.983744238786769198e-01    -2.072790678876858944e-02    -2.591594812806483268e-04    2.331713484655389650e-11    4.017130723830165940e-05    2.961371553284920466e-05    -2.403920113732675434e-06    3.625557918619609140e-10
2.900001392992879232e+02    9.986136709605438755e-01    1.011934095203349641e-02    -6.433981318286206060e-04    1.530380100384450123e-03    3.995460042276851502e-05    2.945158453577132146e-05    -7.967925434723049261e-07    3.403504798939285996e-13
2.900001316441149015e+02    9.977572435086669023e-01    1.898765243552097718e-03    1.029746863836709903e-04    6.166923533041072806e-04    3.864033737212667764e-05    2.995985991495880502e-05    -6.222091459358564019e-07    4.953676713201065127e-14
2.900001637545281028e+02    1.000919678038661109e+00    -1.943311492441224166e-03    -7.705664767610204276e-05    1.279709675672278729e-03    3.858139222710379150e-05    2.939651892694292802e-05    -2.867249704685291199e-07    3.642820947168186808e-10
2.899996657895162571e+02    9.996724221030449664e-01    -1.844393911924521040e-02    -2.288191293645648020e-04    5.234711056608870278e-07    3.846587377431898370e-05    2.824770476507856739e-05    7.873885016140994959e-07    2.126992895391082317e-03
2.900003867320846780e+02    9.977720761963382312e-01    -1.417778178501141566e-03    9.864636640438631413e-05    7.420801845802072619e-18    4.028105150804379107e-05    2.883723578866249202e-05    -5.947929892511856990e-07    8.472517399181581730e-11
2.900000767968266473e+02    1.001303963519622586e+00    -9.052232426755103811e-03    -3.385046742585744802e-04    3.574040437654678890e-04    3.895361316051468298e-05    2.983176692065405073e-05    -2.537013167528469181e-07    1.572632198363747883e-12
2.900008814891763791e+02    1.002145141559202646e+00    6.132383091940976465e-03    -3.290246785851293036e-04    1.037970897572912951e-03    4.201280237758629244e-05    3.145415297775840482e-05    6.672274544944474383e-08    8.034965936095463113e-02
2.900005053057365103e+02    1.002825126653912102e+00    5.084578676311870410e-03    -4.503594465214396715e-04    8.818729295530996571e-04    3.839347773191717310e-05    2.943154728491870144e-05    -1.053574906306561830e-07    9.639585142990494959e-02
2.900004804226657029e+02    1.002236970426706231e+00    -3.177726273800432488e-03    6.473749860483313506e-04    5.621439559690791536e-04    4.158652859886315838e-05    3.033970228412067726e-05    -9.806645088688110004e-07    1.769713397167903615e-02
2.900006790009048245e+02    9.987433161525822722e-01    1.014886501692999037e-02    -5.289744688168648672e-04    4.636902129607097770e-04    4.081298069884236034e-05    3.084291422636948135e-05    -5.928793081442041599e-07    5.144935267861639600e-02
2.900001533290899829e+02    1.000054237380630706e+00    -2.189468084114082422e-03    7.369385158738181614e-05    7.891657255448360761e-15    3.833927575619158995e-05    2.905262160028600311e-05    -6.525981582576107034e-09    2.802471001183704193e-10
2.899999870785803751e+02    1.002473829537636307e+00    8.616899780717130614e-03    -1.705445982500960810e-05    3.748629557045738054e-04    4.112951479107759649e-05    3.021446188822219110e-05    6.743898023803718070e-07    2.252345184729579244e-02
2.900000373889068896e+02    1.000176235099634603e+00    -5.251751814215219367e-03    -5.740212473140844391e-04    2.772402396583195736e-03    3.879816373216422355e-05    2.889533777196781226e-05    6.526924027326530936e-07    1.706561753976318507e-10
2.900002263434032557e+02    1.001577173443397806e+00    5.172313288937756964e-03    -4.463380753826180162e-04    2.840059528660104604e-10    3.741341438516150879e-05    2.970494307312076133e-05    -2.742142883477880310e-07    3.042234269500733099e-02
