# f_r [MHz] A m phi D delta_r delta_ere delta_eim a
2.900001750357068886e+02    9.999726640079535933e-01    7.506172349499661391e-04    1.282273301810627928e-04    7.913651392015144407e-23    2.099072433116860604e-05    1.129578683817887242e-05    9.755631625317802188e-07    1.209788006495425977e-01
2.899998485753964701e+02    1.003578870846731252e+00    4.549127325506573116e-03    -2.533305178297165679e-04    2.104927067880337062e-24    2.042804195451280248e-05    1.054204597733609447e-05    -2.503193263706838236e-07    4.063291003954795016e-11
2.899997095542773877e+02    9.989119724113715293e-01    5.955228246227393420e-03    -6.628045302605088066e-04    8.357259697422431566e-04    2.273466163836354925e-05    1.100788801388242677e-05    8.742019192554519078e-07    1.892414849189676465e-02
2.900006399613678809e+02    9.976058775326083206e-01    4.200816555150632507e-03    4.238376740876906968e-05    1.163010996094782583e-28    2.071262156976870221e-05    1.120333663793770759e-05    1.690204619168476647e-08    1.749498341835167836e-01
2.900002889958007586e+02    1.000017635757657342e+00    1.426366135622073213e-02    2.534198275840485732e-05    1.850365192215737254e-14    2.033861266525815707e-05    1.111508743618264768e-05    -5.512053714475003842e-08    7.741442934551279187e-02
2.900001334436557840e+02    1.001501132767129709e+00    -2.833473976709912582e-03    3.263798169991473852e-04    4.453347957720373246e-23    2.001700411140673605e-05    1.048607620341727176e-05    -2.913379516284056361e-07    3.987029482300419314e-02
2.899999660239611217e+02    1.002421439108440504e+00    1.655033580530211254e-02    -6.606557154990757956e-05    3.126221956765293719e-04    2.090935605401115385e-05    1.080722799617401865e-05    -9.793027334485280516e-10    1.371384174433871758e-12
2.900002597090471568e+02    1.003302121286769655e+00    -3.035296377411159010e-03    -1.916369035812396900e-04    1.137353974226419174e-03    1.968202301616759080e-05    1.064999259656376938e-05    -9.432914920342678931e-08    8.220377197540650049e-02
2.899998258247152876e+02    9.986471201923460272e-01    4.815195593459842120e-04    2.379805371007792387e-04    5.585167870362888622e-19    2.177209398967326710e-05    1.140480670131639149e-05    9.527718181048172086e-07    2.177535566093547972e-09
2.900001575650011318e+02    1.001599653002184009e+00    -4.181137241424869380e-03    4.602489996506937134e-05    3.879850360738948812e-04    2.157112552787897539e-05    1.054992574099609654e-05    5.255534858075315991e-07    7.891862253245359148e-11
2.900009576027813978e+02    1.004064271079233128e+00    -5.386727168366254107e-03    -5.260011503228372476e-05    1.508278368112679095e-22    2.280313950895145771e-05    1.162373516326412770e-05    1.014165084088586030e-06    1.743149668120447804e-01
2.899999876112196944e+02    1.003547707942035627e+00    -2.633660426720492833e-04    5.353343575344210632e-04    1.491655961420806187e-27    1.892137586696824011e-05    1.041246897177555018e-05    -1.093011484287807053e-07    1.854162544817299171e-11
2.899999194598019585e+02    9.994148660462802702e-01    4.261601575825180351e-03    -4.037298193293964530e-04    1.456875802368125418e-18    2.014413587636875588e-05    1.058255861972073360e-05    -4.104784883096005757e-07    1.173005706795609823e-10
2.900002799375002382e+02    1.003009262366741483e+00    -1.359750024812624242e-03    -2.871865159225604086e-05    9.800699051505254935e-21    2.020221863663713960e-05    1.058666576162343615e-05    -4.072485517053800096e-07    9.056264865976021428e-02
2.899994936191212105e+02    9.978769611219889812e-01    -5.259296863704145640e-03    2.516138192778341913e-04    2.477516386523666630e-18    1.993969115960948814e-05    1.042080389015774608e-05    7.836597760391619319e-07    8.568052194249170181e-11
2.900000556781074010e+02    9.991518330680977389e-01    3.769513666968459572e-03    3.438199337533682284e-04    1.868109925793586007e-35    2.156925321167250530e-05    1.122596814125676884e-05    -3.020122725771007246e-07    5.232857978054796270e-04
2.900005018765229465e+02    1.002059467530358905e+00    5.036452797120839243e-03    1.993784643979992506e-04    6.791625625865436219e-04    1.848619252776512553e-05    1.046946129911320574e-05    -5.216931758925625939e-07    6.877769459164363719e-02
2.899999341984380976e+02    1.000300535132894852e+00    -1.444697184501782445e-04    -3.210584719305417255e-04    8.718529562464143977e-20    2.096344200108781540e-05    1.117897650052876531e-05    4.493535775664210324e-07    4.546154636614553707e-09
2.900005245901033391e+02    9.994142798294555208e-01    1.649759445996361578e-03    2.289823556568608659e-04    1.235484015687461492e-21    1.952696500707357772e-05    1.046479246663431136e-05    3.395745134580140496e-08    1.038294931178112002e-01
2.900004576635361104e+02    1.001219235840645982e+00    -1.189224538104965458e-02    -1.866752082119856548e-04    1.078206897991998199e-26    1.941255360498758632e-05    1.103641734970355240e-05    -2.167880448735093008e-08    8.330292861820179362e-02
2.900000980291976020e+02    1.000200811065868223e+00    4.996681608967523322e-03    1.755076970723565548e-04    1.120933372880167887e-03    2.217124148016156235e-05    1.205383257151998950e-05    -5.483961513631814973e-07    8.642830473898046456e-03
2.899998455609676853e+02    9.985105567814226424e-01    -8.075668753624112156e-03    8.062879152890001504e-05    2.005167083904009903e-30    2.370200324358692886e-05    1.155018728093758372e-05    8.557647555632114484e-07    2.388082375364578361e-02
2.900000171229232819e+02    9.998217012294230432e-01    3.826373020504173004e-04    4.470512756623312993e-04    7.383433549219115509e-04    2.057629085457713850e-05    1.036933114853670791e-05    -1.279850953335361551e-07    3.806910526511438271e-11
2.900007494768389620e+02    9.982288785732457148e-01    -8.663607957997590363e-04    -3.095354315458830096e-04    7.143445193339806624e-04    2.082218709646460104e-05    1.087991880707997848e-05    -1.358633591399925534e-06    8.240800625741068197e-02
2.900005219391948685e+02    1.000242422198489134e+00    -2.904854593642143047e-04    -4.182670843301545659e-04    4.580310852502056233e-04    2.286797633155295757e-05    1.158156666178507278e-05    6.349103238385027094e-07    1.525570865398592491e-01
2.899999235894155163e+02    1.000309568337112154e+00    -6.516546367402751248e-03    -1.964153418090895187e-04    2.032109570379014840e-04    2.173275991855504817e-05    1.090844430568424901e-05    -1.904794545841354671e-07    6.249635373346916473e-11
2.899999384019444619e+02    9.990272784978455611e-01    -8.225029855493080910e-03    -1.534751746275415702e-04    6.003739153295410778e-04    2.044973863523083651e-05    1.063861868070309758e-05    3.320798289266118559e-07    2.347539098725329011e-17
2.900001493049327337e+02    1.000959696067895255e+00    -2.432749729434016770e-03    3.536651322661821879e-04    7.399412081835078695e-18    2.143521674687604950e-05    1.133501009198762027e-05    5.857271629530695276e-08    3.353671745051757806e-10
2.900003550414148208e+02    1.001338835560089624e+00    7.405740514197666283e-03    -4.924754944307939723e-04    2.148132613065058000e-03    2.035306632390775411e-05    1.051533563814573693e-05    -3.384448698217610695e-07    3.970413250962115634e-10
2.900007119222762526e+02    1.003238833462009927e+00    4.103418994493387116e-03    4.045836674519403278e-05    8.022518282954910274e-25    2.107086567478369768e-05    1.127315477747428305e-05    1.176064743179801918e-07    2.056932250305436305e-01
2.899998977596629288e+02    9.979861872656036192e-01    3.831495018385102768e-03    6.002860291677344223e-04    2.738093751282164424e-18    2.176001083339943262e-05    1.135766416635748215e-05    5.489302568061511219e-07    1.649521320646851097e-10
2.900004712158957432e+02    9.976627664645066895e-01    6.917111588414471754e-04    4.355502895976605653e-04    9.410704581557923523e-30    1.671714211364096358e-05    9.460567456027959923e-06    1.448011855053030046e-06    2.775630982774271449e-01
2.900012390452785667e+02    1.000997521760279785e+00    -3.305163194290918708e-03    3.202635575474599623e-04    2.557440181434458795e-19    2.140857073097709890e-05    1.146959640261766545e-05    -3.838064621579053354e-07    2.354335620808687968e-01
2.899998650317760394e+02    9.969577545494917592e-01    -1.009823160934241945e-02    -1.231417746006465699e-04    1.944724903834758553e-04    1.946832698584007412e-05    1.074727874265789956e-05    5.031496058172586262e-07    2.022155806118922873e-10
2.900005123206274220e+02    9.992878798790369999e-01    1.675616435809112537e-03    4.368832509084476625e-04    2.062610157334990938e-25    2.331367022537602753e-05    1.193287461159871258e-05    -4.308692974561009151e-07    1.310757551692994516e-01
2.900014440905958395e+02    9.990927883153191136e-01    2.588702548345257239e-03    -1.188181781389709271e-04    4.134621334425205084e-04    2.400832291696918005e-05    1.173860386033994118e-05    -1.211294256862255899e-06    2.035340832261139932e-01
2.900003674697418319e+02    9.974627570514061903e-01    -2.328212055881092798e-03    -5.762334199946669036e-05    9.035930107436200238e-25    2.183390792919698994e-05    1.089202387257968759e-05    9.879568869023280195e-08    8.596294717644825667e-02
2.900002101704313873e+02    9.979274335865184753e-01    6.219663316084650048e-03    3.027682052921922343e-04    5.177654669835131994e-18    2.236076215951533560e-05    1.132344040823732923e-05    -1.648534106777204634e-07    2.874897620866584055e-02
2.900001257767204379e+02    9.994954830130976520e-01    -1.211872034412542817e-03    1.152654744714287280e-04    1.615125496939097265e-28    1.994413448267067700e-05    1.075450347299118695e-05    -1.939521891488323834e-07    9.598001982921325930e-11
2.900008069289210084e+02    1.002016615125762788e+00    4.613318789125116746e-03    -2.760215232827951254e-04    9.656358806642308373e-04    2.105025875233642810e-05    1.120525136758924819e-05    -1.674019328987158456e-06    3.138743942151276528e-02
2.899997948705498629e+02    1.000457685822291332e+00    6.698455099170391377e-03    1.835751141374903153e-04    2.201531543666110183e-17    2.036500632385430135e-05    1.004200758333658192e-05    -9.576022507806362922e-08    9.590709501525190053e-09
2.900004874574486280e+02    9.964778028725406189e-01    2.244521699031819164e-03    -4.253124632654737354e-04    1.162393093718125016e-20    1.882806949306088936e-05    1.081190127144670044e-05    1.599764026399040417e-07    3.912469917091362936e-02
2.900000591526188032e+02    9.973272465293485656e-01    -1.020959308890893001e-02    2.937315163485323824e-04    3.096740107394324723e-04    1.924654512654484450e-05    1.055741455276663362e-05    9.806248729110500234e-08    2.626644932404729618e-11
2.900001844525568799e+02    9.993298538691619548e-01    -3.665561059787624193e-04    3.796529667152985402e-04    1.375548971501932595e-03    1.839864304032533918e-05    1.067012626346729855e-05    3.336424426214653133e-08    6.320829074201475550e-02
2.900004669818796401e+02    9.984100428264194305e-01    -7.521757838428652903e-04    -5.785644324875627835e-05    1.165178050677797574e-04    1.936266557668316573e-05    1.017378903489007380e-05    -7.306749416479507116e-08    1.161117471343268009e-01
2.900001186140359550e+02    1.000557815029668340e+00    2.929914060604708360e-03    4.537680701361060799e-04    4.361799946072892416e-04    1.836629575908638740e-05    1.108090427173483751e-05    3.542550766142941039e-07    8.839121966082534102e-12
2.900007152675507882e+02    9.984295395028346398e-01    3.749647874930717661e-04    -1.063102873473512256e-04    2.441907897977508163e-23    2.116768468620167212e-05    1.111740561457720795e-05    8.079672396275295385e-07    1.961871313392286598e-01
2.899998957937172577e+02    1.000575693220774554e+00    2.145765927335109308e-03    -1.484933106650759155e-04    5.218078150151545397e-26    2.019952397212463119e-05    1.112597720920089725e-05    6.717421017152631053e-07    3.256207639293126621e-02
2.900000665578723442e+02    9.987205378623655871e-01    -3.190605472367641100e-03    2.181869492872589222e-04    5.676437157662960050e-04    2.075720833330053631e-05    1.057033943645065599e-05    3.980243467067444940e-07    6.305453522880285432e-12
2.900009193142130357e+02    9.994367360716012172e-01    -1.133403006377706884e-02    2.635598721746026290e-04    4.678312843393292496e-04    2.170751889425381876e-05    1.072422380123884381e-05    -6.216310695555969169e-07    9.211251925712736488e-02
2.899999325698632902e+02    1.002972483760981026e+00    1.331900885826759395e-03    -1.845126583076933354e-05    1.393666955455114334e-03    2.059963879246351273e-05    1.095047091736780445e-05    -2.034594743827741040e-07    2.612963675047456566e-13
2.900011806795664029e+02    9.987837610653627074e-01    -4.773278728791591034e-03    4.207839265139088204e-04    6.277921546391097406e-04    2.120118541503046239e-05    1.072761653138578829e-05    -1.769293104196896269e-07    2.450764938185593655e-01
2.899994628293295023e+02    9.982300322901245249e-01    9.531383945691236301e-03    -5.629906204964477091e-04    6.019135904818003185e-04    2.156619874726932692e-05    1.129521416582409562e-05    6.512654430771935215e-07    6.445590046016175215e-12
2.900009549098386401e+02    1.000871795753358384e+00    -1.064173460791699617e-02    6.280540325769837142e-04    9.174741408501733671e-04    1.996818200425647653e-05    1.086930434807223873e-05    5.869698270557219323e-07    2.147885040063392814e-01
2.899998658231540389e+02    1.001743846339908872e+00    1.119750188701889443e-02    -1.578138818968462958e-04    1.102343653265257153e-24    2.103313614952594902e-05    1.195201954794145843e-05    1.414048512975356786e-08    7.506918805295222742e-12
2.899999413449995131e+02    1.001136336875785071e+00    -2.436009773280045296e-03    2.068015734734243477e-04    6.810866669094486415e-26    1.940624253024610005e-05    1.143269228900201521e-05    -8.662605243304257768e-07    1.208885873919499955e-03
2.900008507776019542e+02    9.989032050069691637e-01    3.340643801470784616e-03    2.546199836828611689e-04    7.191231479085037075e-23    2.066949805980683181e-05    1.142028952865386526e-05    -4.860686769185593465e-07    1.667182445971349680e-01
2.900001776299647531e+02    9.989038901624845979e-01    4.905854515624590191e-03    -3.627067190546014717e-04    3.041385869481922732e-04    2.149532978243964788e-05    1.097218718902470008e-05    -1.485191728636472304e-07    1.044616644556334133e-11
2.899999478258596355e+02    1.001469853890083916e+00    -1.940992661761790005e-03    -1.893140894564219356e-05    7.524100811835680487e-25    2.010051506917076312e-05    1.065021879604440751e-05    1.038147485284372993e-07    1.480824875113822929e-02
2.899999900673312823e+02    9.965363563216689258e-01    -3.242576201489534744e-03    -3.124372998030595114e-05    2.531574960109967162e-26    2.012244861507412691e-05    1.127808895088872603e-05    4.620854269147606776e-08    4.498916784343435790e-11
2.899997744265147048e+02    1.003430990535050249e+00    -1.623155552761059404e-03    1.181434675498462076e-04    1.074419840512351627e-03    2.086479323906260616e-05    1.073206152759546587e-05    1.651779221694068873e-06    2.691285023413152178e-02
2.900001680823954189e+02    9.988980760244359214e-01    8.018389713589106974e-03    -9.323537860447086479e-05    9.616956421348542434e-26    1.977514120943365172e-05    1.065586902213705796e-05    -2.546312106664009937e-07    5.521593985793786519e-02
2.899998787298977163e+02    1.000927965527115715e+00    -1.711905725595563562e-03    -4.838922729502740717e-04    4.630582146876137937e-05    2.118186188190841881e-05    1.081379641527050668e-05    4.031577769630738115e-07    5.418838292557039832e-02
2.900006578124622934e+02    1.000004118414118848e+00    -6.531183253331154098e-03    3.130743844909754533e-04    6.528426828200547574e-18    1.848428904940766740e-05    1.044212705606315757e-05    -2.049536635932763207e-07    1.836206384015988957e-01
2.900001679923486222e+02    1.004097572517177017e+00    1.784929883044118933e-03    -3.563036094554635608e-04    6.468326394940849275e-04    2.108585360550496054e-05    1.060287411336704581e-05    -2.855314925030882332e-07    4.418567375156592946e-08
2.900003865421079468e+02    9.984638444805411517e-01    -3.060068620128708790e-03    -5.325462106245194328e-05    2.285877351041544036e-37    2.186200025594149982e-05    1.140466020798810672e-05    -5.973947517409070314e-07    4.868443955629433297e-11
2.900012147202947403e+02    9.963624263853620988e-01    -1.456196354677799162e-02    -4.207171533596415860e-04    3.282665808904083567e-05    2.069187721852776271e-05    1.089936387564284181e-05    -1.032005390105302177e-06    2.151339325397356450e-01
2.899998767298582720e+02    1.000880819898007479e+00    1.270506524863284584e-03    1.918446041302543283e-04    4.291251297495232744e-20    1.868806214221532165e-05    9.811144346249455969e-06    1.118595652817710759e-07    3.543532646201215307e-12
2.899997294843243480e+02    9.980967425480602451e-01    -4.677551542668345434e-03    -5.570559569953424401e-04    1.414586892640956072e-26    2.242994315177690085e-05    1.098099351450406630e-05    5.900695555180710423e-07    8.041433184294908800e-11
2.900003897878114572e+02    9.981592957716693970e-01    -8.279622740045190646e-04    2.592835549231089468e-04    1.881419623896711697e-03    2.024822944788209433e-05    1.054704842281532902e-05    -5.425308076888680110e-07    1.341359006664554106e-02
2.899997727811401091e+02    1.003342682847939926e+00    -1.397673362912081954e-02    1.990120693849000317e-05    2.522925252337540727e-19    1.902271990652701543e-05    1.055118345320249328e-05    -2.218004363370474668e-07    3.030009105690990097e-07
2.899997427612572665e+02    1.000696502105801855e+00    -3.405775316219599759e-03    -1.461032308715873849e-04    3.817090951564062877e-04    2.001162114025013729e-05    1.071673791126683339e-05    3.862852667950585620e-07    7.026801580630729125e-09
2.899994451447735173e+02    9.993845001639438674e-01    -1.211964253200937484e-03    -8.736555308941321867e-05    1.608271559774430244e-03    1.946030317516704255e-05    1.074507396861319791e-05    1.501330579139229128e-06    3.272351577787650220e-10
2.899996756761058805e+02    9.999248850086440710e-01    -2.038531934165383613e-03    -2.531436565696928726e-04    3.811232221923480730e-22    1.905571581142554788e-05    1.075667891344489381e-05    5.265436817334123852e-07    2.005947290148400969e-11
2.900007347123568024e+02    9.983843615611464051e-01    -5.698916918823664773e-03    1.616215501672030037e-04    6.057351688805266633e-26    2.257413872591156433e-05    1.151297505514592384e-05    -8.975602718828771336e-08    1.563261961683794221e-01
2.899999849957334845e+02    9.985433081437008473e-01    -6.263678931431296629e-03    -4.214424115776180778e-04    1.702546818301504180e-04    2.158553789115907423e-05    1.140463774567586544e-05    1.165582311066323769e-07    3.985773285878994182e-02
2.900008870242383523e+02    9.981327022116693870e-01    3.333785959500833087e-03    -5.796995300896037569e-05    1.088825161732655737e-18    1.822994434704835857e-05    1.039898387042083479e-05    -5.294425086736983486e-07    1.774358867783792371e-01
2.900001036749223999e+02    9.986596321496725714e-01    8.226128351854943488e-04    -2.249684244367759593e-04    3.306400631988460085e-25    1.942207579903187801e-05    9.719117766470323629e-06    4.498897262379187692e-07    1.954716710453326898e-11
2.900000012525453030e+02    9.969305830399310953e-01    -5.142921068183690415e-03    -3.597508558658651749e-06    1.485605840990418741e-35    2.320216952868776869e-05    1.145054511411992362e-05    5.782457660824932005e-07    2.443669962759685219e-02
2.900002206978503523e+02    9.983476353776603585e-01    3.683371631331081118e-03    1.639984029249631672e-04    2.996481113183792257e-04    2.014941309651059465e-05    1.084839608432868092e-05    -2.033485027710738086e-07    6.265706299493865698e-03
2.899998796884038370e+02    9.997411641009426031e-01    1.182047794873972938e-03    -8.772297953728244735e-05    1.634359229017867246e-25    2.231025822208499207e-05    1.113063822174882651e-05    4.750957793476324334e-07    1.373354040731176194e-11
2.900001425952158343e+02    9.993487215119651879e-01    -3.422197990094620525e-03    1.350146169482165049e-04    8.326401749929794680e-04    1.854984233122069208e-05    1.065029452575243785e-05    -3.344024551947750559e-07    1.929159572960991234e-02
2.900003624958194450e+02    1.001208946125094146e+00    2.221728699853081808e-03    -1.928298612036233003e-04    1.443615803704701120e-20    2.094968567133730010e-05    1.123677190316081595e-05    6.419330518591412647e-07    8.716090001479810667e-02
2.900001767430025552e+02    9.999056367440878335e-01    4.201470632171707895e-03    -9.540575071774412563e-05    8.808496817549551408e-23    2.095848583714142013e-05    1.157413368396459367e-05    -4.543909558794717724e-07    3.615292975583693330e-09
2.900001077756026575e+02    1.000509127402914977e+00    -2.994672487207669914e-03    -1.462577826091077061e-04    9.425171727924187490e-04    1.734439317815079890e-05    9.677707831416259765e-06    2.115958206670031549e-07    2.315008264289192264e-02
2.900000746221666077e+02    9.982381563448741169e-01    5.972445495671872308e-03    -1.938697316564270371e-04    1.386703950358900714e-03    2.026119152443353797e-05    9.726573411663599891e-06    8.735690403981612222e-08    2.591864232181715217e-08
2.900001302723397885e+02    9.988236089069101320e-01    9.475726416304595251e-04    -5.231853374025598972e-04    5.441026190700002657e-23    1.979461506492351640e-05    1.094279831308360193e-05    -5.682177358329879544e-07    1.651252741995587977e-10
2.899999514517788839e+02    9.992334672342311208e-01    7.379848712167952698e-03    -5.096615089845875346e-05    1.857173599704597677e-25    2.042310416162793551e-05    1.141822333750843116e-05    3.928527130031810539e-07    9.773894834075571253e-12
2.900002820682003630e+02    1.000200754510108370e+00    4.621683080096161168e-03    3.785600840931545395e-04    1.937383415819439849e-04    1.966599257043145422e-05    1.000767296101419075e-05    -2.871254077086247652e-07    7.142001815503126651e-04
2.900005615386270961e+02    9.967024846707405183e-01    -8.223616138364919781e-03    5.346100072593199144e-05    2.752764679939239453e-03    2.016321135708670222e-05    1.088908087440875304e-05    -2.648210969266146211e-07    1.291328705668494115e-01
2.900001125778520077e+02    1.000548746047246862e+00    -1.318610985021129991e-03    -2.111271528947652483e-05    1.539822082280883539e-04    2.032910279206283699e-05    1.097876445468064756e-05    6.090366371006939627e-08    2.356379969245424912e-10
2.899998241961110921e+02    9.984222988649684716e-01    9.737148235450132638e-03    1.389018013161125078e-04    1.866297843959422581e-03    2.143802240547002731e-05    1.136536065810241462e-05    5.745787966895006222e-07    7.747075169224401834e-09
2.899995037691502944e+02    1.001153671161778114e+00    7.809819512281810034e-04    1.819639192154544783e-04    3.637685487044161497e-04    2.045922592602909384e-05    1.016688429182063167e-05    6.935188045942503983e-07    9.146899096650072420e-13
2.900004137250854797e+02    1.000758639720580767e+00    -1.588682276441483882e-02    -3.475855914802053633e-05    5.659357039235682471e-04    2.214499978291497516e-05    1.179885046869738691e-05    2.627453906916821812e-07    1.760271004637795067e-02
2.900005835374882963e+02    9.987225618546277106e-01    -3.398454495667533031e-03    -1.912023099130915715e-04    3.827540713057362332e-04    1.930537423208488496e-05    1.036395052079910473e-05    -2.112645986362867332e-07    1.330232125317599712e-01
2.899999256697434475e+02    1.000947961525059160e+00    -6.519296662178684009e-04    -2.983683859307894692e-04    1.418725729941118683e-27    2.087156989408778951e-05    1.097931109105442924e-05    4.950832974378826874e-07    8.275783436046758843e-11
2.900006545550425585e+02    9.995089470816884702e-01    -5.747403903186090041e-03    2.318552976329138680e-05    4.756217051150957847e-20    1.824877613871275295e-05    9.533520916750164916e-06    -3.419262566177693084e-07    8.657631511773002109e-02
2.899999305137974943e+02    9.958646123553729357e-01    -1.241219909924681265e-02    2.905576116713787390e-04    1.032903861211109100e-03    1.929248467418487472e-05    1.096384797793021564e-05    2.955485575082045510e-07    3.104853325434736577e-02
2.899998315932348874e+02    1.001493327953846046e+00    1.431488131230141542e-02    -5.730611886213761485e-04    2.452343102411541500e-21    2.246458949966337857e-05    1.192213881153915598e-05    1.971978022576844291e-07    9.635645119848707104e-09
2.899999459795474763e+02    1.000078716223678166e+00    -4.863491740082757399e-03    3.733296094377144218e-04    5.800528524136421224e-20    2.148174997430579911e-05    9.964482306274914742e-06    5.285620898425914477e-07    8.072487664354212596e-11
2.900007016302450324e+02    1.000754194423254972e+00    -1.459713203801714550e-02    5.964557472519720451e-05    6.860262913305788709e-20    1.877784680220361081e-05    1.056257508391906360e-05    2.929633994515948936e-08    2.001012194619886109e-01
