# f_r [MHz] A m phi D delta_r delta_ere delta_eim a
2.899996772365591937e+02    1.004758710344809236e+00    -3.877751466873996088e-03    4.712226251385232315e-04    1.073028935780983260e-03    3.177072121630943432e-05    1.890528064741133261e-05    7.486624658851099668e-07    8.942178148441753960e-03
2.900003077374129248e+02    1.001212168287582083e+00    -1.203793628446047509e-02    3.648141447656317541e-04    1.132735215912838301e-21    2.985186245307498663e-05    1.823781248488363417e-05    1.024292572973251055e-06    1.219014327255070612e-01
2.899998273459926850e+02    1.000970226854928979e+00    9.518937210681524194e-03    -3.588381384483888166e-04    6.274231185125426396e-21    2.980919988216099913e-05    1.972000667336840178e-05    1.487463828897790307e-07    8.029448736464504734e-12
2.900001075004871041e+02    9.996554645215414148e-01    4.483805297618907379e-03    1.079686426161189551e-05    7.743887375681776760e-23    2.809710555832676745e-05    1.949229438225492375e-05    1.231460077062661914e-06    3.119117490758577249e-02
2.900004001400909601e+02    1.000945563135263727e+00    -8.961848580090263057e-04    -3.713914051361153520e-04    2.556180052604451897e-36    2.925454238569945856e-05    1.945305707013845564e-05    -8.158080909292790829e-08    4.114235649167184011e-02
2.900000746988478113e+02    9.995689741367400627e-01    9.099604251548897016e-03    1.481962190864980367e-05    7.176959373190562120e-04    2.729369094453890635e-05    1.776586405583006960e-05    1.670677886008463642e-07    3.038771759909184487e-12
2.899998931896723775e+02    9.981302184928547705e-01    -4.419401833660951788e-03    -8.902981306626259618e-05    6.150127220962885383e-04    2.922686926677651805e-05    1.811277805502722803e-05    -4.355908866313466309e-07    3.613146264038269244e-13
2.899995922106400030e+02    9.985875669294650425e-01    -3.337756373072242144e-04    5.257158348427185327e-05    1.705239627243661845e-03    2.713039431642344577e-05    1.877077015218150144e-05    9.673720085753621023e-07    1.114483882390310411e-12
2.900000096434732200e+02    9.991144259356906643e-01    7.790526163797379181e-03    -1.043401143011819706e-04    2.423760982628970172e-04    2.954785428890765745e-05    1.883513861686349650e-05    6.707329977052369225e-07    3.910401074997799889e-07
2.900000374033725734e+02    9.985003266522510801e-01    1.266590822349974955e-03    -2.290389009745664496e-04    2.378329405324060492e-04    2.857079980084038651e-05    1.943067878477984742e-05    -5.048134871916025866e-07    7.486475144552625326e-09
2.900000946490506522e+02    1.001740985632306513e+00    -4.111245263203169679e-03    4.177574692686036764e-04    4.496463450771400914e-04    2.813527276699386134e-05    1.865851930771823651e-05    1.056000475222979579e-06    6.292412837009224436e-02
2.900002685157123210e+02    9.993498045932930340e-01    -6.826277846843874057e-03    1.807514136412647184e-05    1.062850862807348176e-21    3.086636945360565380e-05    1.914294743447344233e-05    -1.110159457031708439e-06    1.256673474146968996e-08
2.900001604624603146e+02    1.001470586221332448e+00    -9.006020634227581909e-03    -2.186361172316844280e-04    4.371286060917061488e-32    2.821870817189619878e-05    1.883452758809060580e-05    1.317805465252078838e-06    6.409095304821585404e-02
2.900000624224502985e+02    9.990887346555653581e-01    1.001003863104017386e-02    1.057090156677482678e-04    3.488853850819640962e-04    2.945854774283216483e-05    1.929590444760255374e-05    1.580039465274031911e-07    1.455353048015907713e-10
2.900001525974443553e+02    1.002189170877364477e+00    1.670815946386371154e-02    -3.205867112126057863e-05    2.274234117565871416e-22    3.015520173448684433e-05    1.937772404150953548e-05    -3.204137711281521305e-07    4.128038516025121091e-02
2.899999538343620316e+02    1.001510307774297281e+00    -1.184551251774988278e-03    2.404157160283513378e-04    1.804194432566295109e-23    2.817089872748460372e-05    1.893029829369544570e-05    -1.739379575463129394e-07    1.277063497477790195e-02
2.900008776978731362e+02    9.972261250479169670e-01    -4.834497484717682758e-03    4.561292496337188981e-05    1.517927278830162813e-03    2.752135084039503162e-05    1.808141817739028354e-05    -3.997073607188606919e-07    9.380631917975862377e-02
2.900000487248495347e+02    1.000335070189183329e+00    2.041804200037978297e-03    6.634708464451439993e-05    6.518285371264464188e-27    2.758680993717718132e-05    1.816079838566002862e-05    1.214149721385438951e-06    1.223481824331863638e-12
2.900002792028013232e+02    1.001524039136823419e+00    -5.251685070654106557e-03    -3.788035231973153178e-04    1.370520579269032319e-12    2.901753516379402411e-05    1.881762817968285836e-05    -1.018573356758918140e-07    3.452543071080985126e-02
2.900004919318585621e+02    9.994516289854148416e-01    -2.484245664062600424e-03    -1.457065769157320960e-04    1.014522677218198845e-17    2.950194834812265124e-05    1.970997394998346498e-05    2.235397420267632425e-07    6.900730142582049698e-02
2.899998462865324313e+02    1.000470175969082609e+00    1.064575676475142639e-02    -3.257336193240345816e-04    5.695574633405227913e-04    2.736431787075048445e-05    1.811671730148960250e-05    1.951147139421575282e-07    1.735872485792051834e-10
2.899998883035225390e+02    9.985537552279772910e-01    6.567410698380022303e-03    -4.629076087120543182e-04    1.810598701521185395e-03    2.701503138767198019e-05    1.720991932698642511e-05    8.512291022714491297e-08    1.574215907673539097e-02
2.900011203822854782e+02    1.001514843542803179e+00    5.944356233343719813e-03    -1.888626783810245407e-04    7.286740724504016742e-22    2.984897188157493628e-05    1.878887077525486055e-05    -7.996548575011055454e-08    1.628064014526705849e-01
2.900000006214621067e+02    9.973400989071397049e-01    -3.029214998950536240e-04    -5.693278701743007854e-04    1.028061140065662183e-34    2.982795304417429401e-05    1.879526794264448728e-05    -2.764629099556939265e-07    1.992999686708572457e-02
2.899998399907697717e+02    1.000487018886933477e+00    -1.114323691209354907e-03    -2.652647261218794413e-05    1.810878087634789756e-03    3.012878239676990334e-05    1.971175376098163143e-05    4.944845599521567096e-07    5.381363866116632892e-11
2.899998112617373067e+02    1.000710887270358063e+00    -6.425928629008063539e-04    3.041458705467306253e-05    2.884776831350211899e-04    3.237446128169025927e-05    2.083930055408871548e-05    4.643488153088706056e-07    2.290985827996952408e-03
2.899999710547412519e+02    1.004919057115782444e+00    1.281537626392738674e-02    -1.504182828630904628e-04    5.500433786978661597e-32    3.056599075308507842e-05    1.941861584098368028e-05    5.976318744970126825e-07    6.213490360082554865e-11
2.900002785486103676e+02    1.001005845892095847e+00    -2.443402697187849331e-05    -1.118276591233410147e-06    3.691081775449963591e-20    2.801722460111979651e-05    1.842946976786290426e-05    7.613543458026653716e-07    6.392552367066905994e-02
2.900004187880580275e+02    1.001573691042804359e+00    -1.442405155714940150e-02    1.763423455571834400e-04    1.496087345802777800e-03    2.764057831975785215e-05    1.765911434637285310e-05    -4.979126801932619724e-07    7.252763596931584289e-02
2.899995825357173089e+02    9.992955226773223565e-01    -8.067003395198810850e-03    -2.162360991059946947e-06    7.684083834401190312e-05    2.964331097023585314e-05    1.858067305483324973e-05    1.505271986919694858e-06    5.237961800602192996e-14
2.899998436773375374e+02    1.000162997865877479e+00    -3.218049743884783803e-03    4.122064915840568575e-04    9.619086605920883074e-05    3.050827920680555030e-05    1.989348442469546363e-05    7.579259306068558196e-07    1.961937057133971465e-12
2.899998356998019062e+02    9.964036802044154983e-01    1.782456063665205023e-03    1.423181483152927747e-04    2.043439886805411511e-26    2.806414454355226533e-05    1.871336006454583505e-05    6.243258650038752964e-07    3.068182081543448101e-09
2.900002017142638806e+02    9.994105238615269560e-01    -4.234082477426613991e-03    -5.276813049571723669e-04    5.884691234317604653e-04    3.054185052318528502e-05    1.985505338257470290e-05    -1.023194435333002784e-06    2.088567556922452862e-12
2.900001068721680326e+02    1.001183763729150300e+00    3.267765556581219647e-03    3.473274728571299473e-04    3.064654570423410448e-29    3.194117351048344480e-05    1.981847296158982009e-05    1.775023035138663654e-07    3.676717983554236846e-02
2.899997843869971916e+02    9.990658116262355337e-01    -4.259312365053198298e-04    2.104250579480735370e-04    5.511318038672817894e-20    2.941752503628909294e-05    1.900945647677421347e-05    1.000229047583481122e-07    3.103775740216868408e-10
2.900000701867541579e+02    1.000945185085094780e+00    -1.114641987438899293e-03    -3.079830335851388564e-04    4.740546643395115744e-26    2.872467670561832062e-05    1.911056028006937068e-05    8.004420956691445030e-07    2.513375440299109144e-10
2.899999833838664358e+02    9.991513273221842573e-01    -3.685225230865316320e-03    3.576258921707830846e-04    4.217659569484569974e-04    2.896217134020493463e-05    1.854462749109310010e-05    1.219266279202660984e-06    3.768381191337524805e-02
2.899998071183340471e+02    9.983887074062712808e-01    -1.150790889566941609e-02    -1.658461547846550748e-04    1.632358350960870563e-30    2.957427323747270889e-05    1.879348736883228066e-05    1.703761970297762684e-07    1.880753344626047832e-13
2.900003710755497650e+02    9.986133338125467995e-01    -7.481603655169118475e-03    3.964541447957650819e-04    4.575446360427264580e-04    3.269448666768437820e-05    2.038538068283510387e-05    -3.520831960546959877e-08    4.385936794215555129e-02
2.900002424499360245e+02    9.998967139964519690e-01    -7.715127814312713189e-03    -4.528807047490126885e-04    1.255407430262921735e-27    2.847591373342971011e-05    1.819458276351441548e-05    3.597043323622159740e-07    8.736292641839539519e-02
2.899998837910259226e+02    1.003328918636695599e+00    8.065399648630884035e-04    6.692798146722914870e-04    2.226215421386579902e-04    3.052702543377776550e-05    1.864527380075684242e-05    1.431362137077242943e-07    1.684074531032014183e-13
2.900004546324671537e+02    9.983790804805769969e-01    -4.592278365775677960e-03    -1.333480895582017135e-04    3.785593176341639753e-36    2.921333951542622335e-05    1.891587996192613149e-05    -1.798144919331649804e-06    6.044767302880785058e-03
2.900003921290632434e+02    9.999162844857871768e-01    1.240792092073762787e-02    5.581050990635108637e-05    1.369465796348073904e-03    2.981377989342696953e-05    1.869991477592405219e-05    -8.311878935332925791e-07    2.053871420743331316e-02
2.900000607629539218e+02    9.983006800431984962e-01    -1.627779102264245237e-03    4.102744283172831395e-04    1.490223083709091409e-04    2.945130966814443215e-05    2.029217669085449808e-05    1.192615014714786911e-08    1.884500411558114855e-12
2.900003396698617166e+02    1.000176633713396157e+00    4.720028812179538277e-03    -2.107461683496638987e-04    1.510729615776998771e-03    2.757665458053486124e-05    1.916455872725652325e-05    2.148365336987800064e-07    3.615191249965352908e-12
2.900000798775275257e+02    9.980241243419407660e-01    -7.175890546701197206e-03    -2.609460541083253422e-05    1.172236568459268484e-03    2.585171500947075623e-05    1.739886039368167367e-05    3.953401442082028008e-07    3.543782926657291360e-02
2.899998608779247888e+02    9.997830068557801431e-01    4.597616858503925617e-03    3.523467797716482838e-05    3.033110320320073195e-04    2.941253917491943568e-05    1.848493812048027619e-05    4.008398045495479998e-07    4.649170483693072786e-03
2.899998722267093854e+02    9.980155338305883861e-01    -5.570008499242770812e-03    -3.214877322056656941e-04    9.895318745021580622e-04    2.817089532183405577e-05    1.954580740171101743e-05    -1.053571472465479779e-06    7.431854366306131050e-11
2.900002491736626098e+02    9.996706799314495351e-01    -1.655209163532805504e-03    5.466469194688636203e-05    3.151498365522476759e-22    2.726083310457168093e-05    1.882776141161012065e-05    4.774966772955246043e-07    6.458023702037402058e-02
2.900003385136025145e+02    1.000216584848724333e+00    -5.941405635937588477e-03    -4.934073435871007881e-04    1.244495393551756698e-03    2.784695567029610395e-05    1.856321233753787075e-05    -2.573825403353165159e-07    1.274846577841549184e-15
2.900000473879729270e+02    1.002154254902046571e+00    4.936978384231234356e-03    -2.159558119642416261e-04    4.647523038411969652e-04    2.788711627405581243e-05    1.913453864613427774e-05    -1.129396496363832530e-07    4.024030528122514552e-11
2.900006992351439408e+02    1.004377838170107395e+00    2.484332015647401897e-03    -1.324396464583286646e-04    5.313452446123669449e-04    2.980916539760487864e-05    1.872863020478959947e-05    -1.053785369444696477e-06    2.014551879780466029e-02
2.899998742505848668e+02    9.971244015500113633e-01    -4.674149616816917260e-04    4.151889859437834130e-04    1.739843594151866410e-03    2.658934541137619379e-05    1.769326135430578976e-05    1.827275786981814631e-07    7.993938710414366663e-11
2.899999908057642415e+02    1.001656835771403520e+00    -1.110194051783892043e-02    4.428642473891990857e-04    7.227822925355452052e-04    2.775942798765349239e-05    1.936101038321232223e-05    -8.307819076510493898e-07    1.288248627802428305e-09
2.900001134840608756e+02    9.983151294239530626e-01    -2.216430162076474773e-03    -3.634401546083157637e-04    4.943863542737106322e-28    2.661903251721350791e-05    1.799890694236853613e-05    8.591078364411666350e-07    5.815223837099026127e-02
2.900006728289708917e+02    1.001249332520788293e+00    -6.914727219428812863e-04    -3.280775329588596177e-05    1.258361408699561548e-03    3.000153154044515254e-05    1.949620741357039653e-05    -1.734897669022850426e-06    1.115155668392319409e-02
2.899998306511192254e+02    9.983757921894269582e-01    -8.904562641339163614e-03    1.406168864072444765e-05    3.521568465352134127e-19    3.068698093877810602e-05    1.929558481218156482e-05    4.422595328615943840e-07    4.343472050007494594e-09
2.900002587058791619e+02    9.997942790317644324e-01    -1.303850730405778672e-03    -3.594276103394936257e-04    5.899407572124847239e-04    3.163864363838604193e-05    1.958563290537467780e-05    -5.159044896734188132e-07    1.265172784917674952e-02
2.900007950842232844e+02    9.993790761373525511e-01    -3.886817596267655352e-03    -9.771067963153880253e-05    1.197763526020121474e-24    2.744900122817507399e-05    1.850549796839623051e-05    -1.058084591554224444e-06    1.061432711236363902e-01
2.899999392478475784e+02    9.991710568139434701e-01    -8.009942830407092845e-03    1.460425090805424870e-04    2.653586443200174681e-04    2.710026999241042553e-05    1.796412537791494861e-05    -4.428401470127175983e-09    3.586870447829061360e-10
2.899998432132349535e+02    9.979339312714168297e-01    3.911470699014824980e-04    3.699902736784977243e-04    6.646420257431312032e-30    2.774544485737680252e-05    1.873781965019875068e-05    8.977394930665272426e-07    1.205063650241286412e-08
2.900000525163426914e+02    1.001185874106292228e+00    -2.608361962478974137e-03    3.862762247994121711e-04    4.369259268276352642e-04    3.043490027355920629e-05    1.885248762852515273e-05    -6.363204094525566518e-07    2.415937157652283162e-09
2.900006143226985387e+02    9.994757848108670739e-01    9.706878672215807705e-03    -3.579766674807770060e-04    2.471102674601658151e-20    2.808629415040671482e-05    1.824150635947894086e-05    1.995547575759442425e-07    8.651612806866799954e-02
2.899999243908391691e+02    1.000446233669333385e+00    -6.100597484269091111e-03    -5.024692118866835085e-04    5.389344457991669099e-05    2.688014843765957078e-05    1.871650307042997403e-05    1.645033541261768678e-08    2.283351697461319114e-10
2.899998328514531067e+02    9.971958703307004512e-01    -1.243013204816403178e-02    -8.213454875044366851e-06    1.128898821876600988e-03    3.140193205157109534e-05    1.994344307278511134e-05    6.855459806813055216e-07    3.730724239521753518e-13
2.899997542297460313e+02    1.001604905926541278e+00    1.683758742420982807e-02    -2.830927523688975766e-04    1.127572862902581137e-15    2.968342189947139690e-05    1.930208116964625650e-05    1.002234205679654792e-06    1.137280461700384757e-02
2.899998641134527588e+02    1.000322354606682396e+00    3.330203977873021602e-03    -2.221242176476441324e-04    8.498372742360093234e-04    2.889434966482936322e-05    1.920727253760096448e-05    1.039176562464662410e-06    3.597675886880401935e-02
2.899998434011354220e+02    9.980010564709572707e-01    1.557087485636948591e-03    1.192293636951123766e-04    1.545605497556803510e-03    3.023858291822499876e-05    1.948777767462904405e-05    7.755841013955494186e-07    3.163493904015714925e-02
2.900002110085023901e+02    9.992903163673462208e-01    -9.683977193341021224e-04    2.074772542102490552e-05    1.967856135703202614e-03    2.925019450973022816e-05    1.968142330356445902e-05    -2.130738415225243267e-07    1.032054274465663002e-01
2.900005358651554275e+02    9.975893425057064112e-01    3.027211482709619809e-03    4.429642363613554108e-04    9.610904257070596122e-04    2.708022160651357403e-05    1.860622732589844251e-05    -3.983397965613977739e-07    6.665466532383548803e-02
2.899999500028478110e+02    9.990262772634604937e-01    -7.766740915082372999e-03    1.653965990113918938e-04    3.894955872130972225e-04    2.749803765144182962e-05    1.850740768706933607e-05    5.064593255344964079e-07    1.840284027926493773e-02
2.899998273724665410e+02    1.002859628026929739e+00    1.372930589860441204e-02    1.097670381689651076e-04    7.808239552295499070e-04    2.890902089585961455e-05    1.870497318535714222e-05    9.057649801099860551e-07    7.658678403416891383e-14
2.900000806764655863e+02    1.002479630834475888e+00    -2.966992213383602348e-03    -5.451769302725587192e-04    2.376621732409772234e-05    3.013076024272500259e-05    1.933085080085815375e-05    5.846982121723444839e-07    3.244470571753325233e-02
2.900004683256200906e+02    9.986879428738042463e-01    3.501420421139913620e-03    9.369225431707733595e-05    5.312651985701638701e-32    2.838090540300538612e-05    1.866749393091623406e-05    -2.809258344416006705e-07    2.621095085218886830e-02
2.900004177929511116e+02    9.979756965562699422e-01    2.378697750600146637e-03    -3.995364192726266316e-04    3.288266826955436771e-27    2.760039227213130532e-05    1.872718731831551044e-05    1.599567941948065096e-06    1.145209463152347257e-01
2.900005334909724297e+02    9.999552480611639815e-01    -6.021272374113168652e-03    4.484724763029414763e-04    1.158444040511739963e-23    2.817383341041405448e-05    1.827959046569334041e-05    -9.547799437165048877e-07    4.878755923294590680e-02
2.900004950770420464e+02    1.002127118146842522e+00    -2.606790885184546644e-03    -5.892155385184919003e-05    1.106361501493783679e-18    2.830349302345239599e-05    1.944322168106890085e-05    -6.103043849377908601e-07    4.185174181322860038e-02
2.900008175816302582e+02    1.002554153950115712e+00    -2.613777745934688871e-03    -5.919744246175201756e-04    1.005973917060026339e-23    2.991985582223461593e-05    1.898691697978013696e-05    -1.239510103496333636e-06    5.451213140168152671e-02
2.899999726439720575e+02    9.991416431419203326e-01    4.884792739314045527e-03    3.025207834983145911e-04    2.065450052623125998e-31    2.852590862435366322e-05    1.863431814883203180e-05    1.824336513721338227e-07    2.872974288750951214e-13
2.900004958662709100e+02    1.001497164132722828e+00    7.759676642309658659e-03    -2.262722463534309187e-04    9.829112244964791274e-05    2.867184919913243776e-05    1.819969756308171936e-05    2.533383271556339232e-07    3.976445954491764773e-02
2.900001486579290031e+02    9.999817787498962440e-01    -5.911576208731593625e-03    -7.404638338596253765e-06    2.129225240123917655e-04    2.985196719765881559e-05    1.930445335215958839e-05    1.007860592471068695e-07    1.575287255090448632e-02
2.900003637331656137e+02    1.001626599210825530e+00    -5.584906033832238385e-04    3.315548557440437861e-04    4.091851114926216737e-04    2.668221421105202316e-05    1.834677193975230353e-05    -3.933774394516499519e-07    2.748591779529204263e-02
2.900000499756642398e+02    1.001368513270592508e+00    -2.811697559044834885e-03    2.859096646539093737e-04    7.081718182100226909e-04    2.926612151816858535e-05    1.930196095288502135e-05    -5.120390934449010544e-07    8.513893481223691754e-13
2.899997499707488373e+02    9.998407874539625428e-01    3.289100151588207361e-03    2.685202537243728486e-04    9.514114583634971300e-05    3.014593053483843353e-05    1.934675436367208818e-05    7.529231195368245274e-07    7.913623567545674263e-11
2.899998798831684894e+02    9.991246782317019237e-01    4.290265777267485321e-03    -2.354943898007631385e-04    3.042683193692252671e-25    2.812964531690403028e-05    1.845792547279157515e-05    6.333879091259579494e-07    1.372194640628206230e-02
2.900004490175616638e+02    9.990605540318088229e-01    -3.502387504889768050e-03    -3.280690542081603732e-05    3.544975890382787307e-22    2.996892750958958751e-05    1.857974719848932635e-05    -5.101217542447327276e-07    1.141729697135155336e-10
2.900003495068641541e+02    9.994142475206959642e-01    -6.403704687402139197e-03    -1.313654495607750135e-04    1.223477321798898295e-18    3.223245065380412878e-05    2.133913492590466752e-05    -6.141838694098938714e-07    1.187891185491638028e-08
2.900000381545626738e+02    1.001979133524672827e+00    -3.138405160630621145e-03    1.419902831858322998e-06    1.088472100455904836e-23    3.016460657935831382e-05    1.947212602426721671e-05    2.658384860473258126e-07    1.924149125676153510e-09
2.900000498779755276e+02    9.977292069282898135e-01    3.309620759163009896e-03    -1.336480567132990063e-04    1.006741695860464969e-03    2.842575510759664547e-05    1.891564973265408327e-05    3.105012990101244606e-07    1.914021703609995045e-02
2.899999396676931269e+02    1.001911579689700238e+00    -9.257009889789965737e-04    -4.220501838898938038e-06    2.126686322717891067e-03    3.020063292680281482e-05    1.893771027654028290e-05    -2.726703412841509518e-07    1.476409913397916596e-10
2.899998024069791427e+02    1.000148421774082141e+00    4.280514939745387430e-03    3.373095266245753200e-04    9.817140233022349921e-04    2.771000584786731977e-05    1.802260631053186920e-05    2.947207834568136724e-07    2.397467482471346151e-15
2.900005554287810128e+02    1.002000835138808776e+00    2.162452348306233285e-03    -4.490123045390956454e-04    1.210636725361719374e-29    2.810875040904494370e-05    1.889902557098183488e-05    -1.829435010273645382e-06    3.570630373185090800e-02
2.900007958198201550e+02    1.002907231416553691e+00    5.610798599102737212e-03    -5.152866285213964946e-04    5.173825124456680807e-04    2.778631834712826196e-05    1.902299371056584095e-05    -1.144433025292387567e-07    1.225851554017484829e-01
2.899999018206661958e+02    1.001346678628908027e+00    -1.714533873855977539e-02    2.095758505383378783e-04    9.649487528777806153e-21    2.646076400413913899e-05    1.804144364171497711e-05    7.031381284886699507e-07    6.080409371320124982e-03
2.900000673710940191e+02    1.002101771996599222e+00    6.680182684509008290e-03    2.238210360637917342e-04    1.178414108749780472e-03    2.727035649478239224e-05    1.785581587363748682e-05    -2.726960597590453330e-07    6.543536252873024059e-10
2.900002210089924120e+02    1.001379927521926838e+00    1.035717467219361178e-02    6.857516608913845476e-05    1.377446922062785769e-03    2.725161338081944079e-05    1.775526946787787041e-05    1.164198435752910590e-06    7.963102728220473880e-02
2.900000779300318641e+02    1.003027590119430990e+00    6.054284711159389244e-03    3.536832788161917412e-04    2.637473327726476256e-29    2.732871985763109471e-05    1.831946769811135776e-05    1.512716559756408225e-06    8.178288357360387340e-02
2.899997880439021287e+02    9.995436321694768367e-01    -8.284914350851181543e-05    2.296317252339361351e-04    1.917559567358673113e-04    2.795380250534850155e-05    1.891090514665811950e-05    5.837355481304511289e-07    3.776954335247615118e-13
2.900002744687797076e+02    9.982994558705676758e-01    6.879012807374050749e-03    -5.230773630211789198e-04    7.837077055862003844e-04    2.741604365606767596e-05    1.762133849851864320e-05    1.887816266393619050e-06    1.267816781117923619e-01
2.900001226798784160e+02    1.000101953156633972e+00    -4.089127142625631484e-03    8.525532750881265477e-05    5.048371946101621374e-04    2.940943436392014654e-05    1.954523789795939209e-05    -5.076869212983342318e-07    4.641931471319609140e-13
2.900003619596760132e+02    9.999326692609208367e-01    4.664603806769342977e-03    -2.534300946396681365e-04    3.043680860717726587e-18    2.749940103389821017e-05    1.882585418381940015e-05    3.846885203918567283e-07    3.744124190366085679e-10
