# f_r [MHz] A m phi D delta_r delta_ere delta_eim a
2.899998190795870414e+02    9.970987157326151040e-01    2.054973589982243484e-03    1.295418726946679939e-04    1.753432734558168279e-03    3.369837078283561584e-05    2.337559059274724234e-05    4.054846271249113708e-07    6.965805464403447186e-13
2.899998768830658946e+02    1.002159706468495726e+00    -6.801310224144613108e-03    5.097991961087831999e-04    4.841865016154502018e-05    3.295583991157318560e-05    2.342791986421894260e-05    -1.919127162151794374e-07    1.603679351909500316e-14
2.900002507633744244e+02    9.996292663806617407e-01    8.344751574398434277e-03    -1.701457029235319267e-04    6.155688638317932996e-05    3.333781664168625008e-05    2.379610303711696234e-05    1.584554447446062501e-07    5.516906677706939072e-02
2.900005430509301050e+02    9.997121235572042908e-01    -1.119003316507368199e-03    -4.087933262741491516e-04    2.051709682890774104e-16    3.314059880519789545e-05    2.312760679218004738e-05    5.422794914182139572e-07    8.347315583209298506e-02
2.900000162129794035e+02    1.003348229919009293e+00    -5.378799720437935084e-03    3.935886551159678754e-04    2.830662476258281575e-04    3.291329898727209606e-05    2.253515675085308146e-05    3.406163257650598500e-07    9.700277884079110903e-13
2.900007132444430340e+02    1.001813863962050632e+00    5.362539789158398719e-03    2.036070996770803483e-05    2.013400701195231478e-03    3.331410524532856529e-05    2.333773150058256692e-05    -1.423045251063715624e-06    5.539862730991684109e-02
2.900002530108957330e+02    1.002891671210654589e+00    2.510335598388036319e-04    7.714830566481653789e-05    4.531229249084293888e-04    3.395581745577475193e-05    2.373324009220914620e-05    3.391160260320925091e-07    2.100621585043090794e-11
2.900001102423562429e+02    9.998132753998489886e-01    1.238632748937907799e-02    1.155755748097340757e-04    5.502037258292923745e-12    3.432002043269846470e-05    2.355031819855921011e-05    5.712731146027646590e-07    1.731029143686355076e-02
2.899999481895268900e+02    1.001216004603370902e+00    1.287937894644411094e-02    -2.326752642391466538e-05    8.292372441531689576e-04    3.392968580275130522e-05    2.307747762308837047e-05    8.230957676640168702e-07    3.106114448170418929e-02
2.900005352866274961e+02    9.977837730900643853e-01    6.809278679720911706e-03    -3.896024943745780194e-04    2.078178335724179752e-10    3.224848385765892287e-05    2.176842784748288134e-05    -1.541587432861645249e-06    5.240422827916321673e-09
2.899998379833255626e+02    9.981656479922023095e-01    1.513566254223158844e-03    -2.936068751616097605e-04    2.517033331896237614e-13    3.706210114169491201e-05    2.440890238522758744e-05    6.239709889057268038e-07    1.761222098029739834e-12
2.899998232117916928e+02    1.000975317456783253e+00    1.239340721932275262e-03    1.900120874026249693e-04    1.274882496356880240e-13    3.077733591405430383e-05    2.264275666192320629e-05    1.587973789516449677e-07    2.085979832838673071e-10
2.899999670907686209e+02    9.977674141980897859e-01    4.512371020276911490e-03    -3.250056506654119674e-04    8.483739258836465874e-16    3.303143714663340201e-05    2.290494596522948796e-05    -9.568677943131543899e-07    4.645880779573247025e-10
2.900001658323714651e+02    1.001524579988328778e+00    -8.201148639181039812e-03    2.972800659011226392e-04    1.108259094686850918e-03    3.202925658259106505e-05    2.201608636989392385e-05    -1.881950487652419299e-06    1.042111032752695437e-14
2.899999640132875811e+02    1.001900360132131462e+00    -9.481020674557357614e-03    1.938555533105629420e-04    2.205116895304649642e-10    3.232773514228734691e-05    2.333080648487603165e-05    5.077737632574374979e-07    1.325987754741640803e-14
2.900009882021693670e+02    9.985627012159863369e-01    8.551301002053441486e-03    -4.428440925409986582e-05    2.112107152127782726e-16    3.316010974925413958e-05    2.227294207886729502e-05    -2.499766417396434735e-07    1.345976965727130603e-01
2.900000939158388178e+02    9.987912761278244789e-01    -2.852891294700058821e-03    -7.139784017466175681e-05    6.851583761034948073e-22    3.353237183536417226e-05    2.284666758003214222e-05    4.319067197505644879e-08    9.797544203888380592e-10
2.900003151778153665e+02    1.000835999367513551e+00    -7.889536332168699609e-03    -1.876357961131551238e-04    7.244045909165248824e-11    3.295429849755768194e-05    2.344419163632747107e-05    -1.100587617915550470e-06    4.035671208222080426e-03
2.900002506840559136e+02    1.001776455287936463e+00    -3.755068872887070211e-03    -1.172889284342160289e-04    8.730405319653230590e-05    3.398804530333688132e-05    2.300814388751028870e-05    1.439120102286790941e-06    6.912111803700378421e-02
2.900002135913714483e+02    1.002099725759931781e+00    8.008332816737455612e-04    2.562814109415523472e-04    3.419412346969098367e-11    3.467002759821471400e-05    2.422063564418272104e-05    -3.204935541726164815e-07    4.549114657403974249e-02
2.900001686862981956e+02    9.976475122898826875e-01    5.584027732875421028e-03    1.120914200689709624e-04    4.565344637990943755e-04    3.091491011802155773e-05    2.255077016068616732e-05    -3.644289683642804985e-07    1.526613709713431702e-10
2.900001037350182287e+02    1.001644652792464285e+00    -1.564837519537342486e-02    -2.460065259763232620e-04    5.459245248922329086e-06    3.359541833433183538e-05    2.348788580491595327e-05    7.640740347795405754e-07    5.007629631068198513e-14
2.900001967676552681e+02    9.983150354979447583e-01    8.246675728959748652e-03    -3.503855683607582381e-05    1.053244246588606274e-15    3.097482124640342705e-05    2.219890379391912293e-05    -4.031437963252447710e-07    2.525156806007345864e-02
2.899999868397567866e+02    1.001685130972201465e+00    1.015085269537972524e-04    -1.604129885336539089e-04    1.500138004652330444e-23    3.321221550706089307e-05    2.263130786095202330e-05    -4.738990379420083454e-07    5.783406438869504590e-03
2.900000911947096824e+02    1.000555162125545960e+00    8.433893904911838203e-04    -1.028888966019804804e-04    1.985495251522816345e-03    3.151644141020081837e-05    2.240355546943233433e-05    4.632675738141846017e-08    3.521487186673106563e-11
2.899998514194946324e+02    1.001331107285733157e+00    -1.359680904070625701e-03    5.262476996531692541e-04    1.117266666269939616e-03    3.267404430278631936e-05    2.353807264569501910e-05    7.175361406180641974e-07    2.235406029644945681e-13
2.900008307904662388e+02    9.978624970942701067e-01    7.305547873854302196e-03    -1.668958727356092248e-04    6.917533559979502237e-04    3.290134936256122847e-05    2.380532601197338842e-05    4.399568808451391817e-07    1.272699327844793726e-01
2.900003121677870013e+02    9.985117766708866416e-01    -1.353808836847661054e-02    -1.376951150239476577e-04    7.502600521575484519e-04    3.037811441920844173e-05    2.158679528292301877e-05    -1.026346390895199432e-06    1.207694337583970341e-09
2.899997906312079294e+02    1.001012827251019699e+00    3.501681559333332666e-03    -3.034608524118157254e-05    6.043519246840932159e-06    3.437988442719026102e-05    2.383613317534601900e-05    6.200487223205241690e-07    6.195899452935928596e-11
2.899995905743905951e+02    9.991127754851252263e-01    1.047182044634370132e-02    5.900786485733628260e-06    7.353404723011418981e-04    3.101385202710977060e-05    2.170646393770312669e-05    1.839436982928039813e-06    1.156540624712355813e-12
2.899998711581650355e+02    1.000296733254834258e+00    6.779669914190367824e-03    -2.067410559053951997e-04    1.015937751011095069e-03    3.070858536871293203e-05    2.144393960036004604e-05    1.370168002107108373e-06    2.093703190356917124e-12
2.900001956650277748e+02    9.999805059893633885e-01    -1.621179113766955601e-02    -1.185023844819593331e-05    2.418295778062123389e-22    3.224608144209249993e-05    2.257798842869802506e-05    1.356165833767869750e-06    4.834507773472309505e-02
2.900000841754601311e+02    9.977200584922480964e-01    -1.162871294978026944e-02    -5.425312933598271667e-05    1.347412016177889524e-14    3.336248758151330119e-05    2.334698990366253959e-05    -1.184192015396636063e-06    1.354391619789560799e-09
2.900001016758481569e+02    9.996147891145610309e-01    -1.013973691837681546e-02    1.368302453349184330e-05    6.295696982261051091e-26    3.353357876302961353e-05    2.363770863209241197e-05    -4.801693699137012479e-07    1.877988575065194659e-10
2.900001448099402523e+02    1.002203916168206588e+00    8.467499141149156458e-04    1.893310608177757224e-04    1.722919215493476201e-03    3.193157998471275239e-05    2.228866078841336415e-05    -7.030970338062290672e-07    1.143917885809182717e-10
2.900004185106521390e+02    1.001351762344632634e+00    1.109565143110049201e-05    8.253395220381458050e-05    6.014878617751137765e-04    3.122408584366327103e-05    2.209929241989974300e-05    -6.948674735349977485e-09    2.796282342054543651e-02
2.899997019363402728e+02    1.003040644035378515e+00    -9.887851762397405209e-04    3.627563955087228262e-04    1.824678673733539202e-05    3.266676545924021823e-05    2.318635735320204047e-05    1.451914710561563807e-06    4.490609415284225851e-03
2.900002066342461831e+02    9.951811275880195762e-01    1.875772241692510024e-04    6.442614410633321553e-04    2.962561129475822286e-13    3.304671975737019521e-05    2.311534676275285179e-05    -1.860093091460742901e-08    4.947958946235330585e-02
2.899996710379791125e+02    1.000487603890094723e+00    7.387981486798874710e-03    2.719949258045035469e-04    1.553838704741887988e-03    3.136539291346324192e-05    2.332403867944679381e-05    7.570936079272547165e-07    1.798409225755749387e-10
2.900002421346648589e+02    9.996399764961509948e-01    8.739590192376217592e-03    -2.954237815223747089e-04    6.864310305533056551e-09    3.351280770213200475e-05    2.324409748382995445e-05    6.600169036997079166e-07    2.199128899665576606e-02
2.900002453837660710e+02    9.993085677927788790e-01    2.482846912832276272e-03    3.681116901858720635e-04    1.748790935525253902e-04    2.889347233694399114e-05    2.181701044305398517e-05    -4.892104377793921468e-07    1.771964284579611443e-02
2.900005365688301708e+02    9.960604016622881529e-01    -2.633042080488260956e-03    9.100305766356325042e-07    1.277071174237356596e-03    3.260632168014055213e-05    2.251702917038581110e-05    -7.011723717130634596e-07    7.565213784202017011e-02
2.899996758395562324e+02    9.993784199430274517e-01    1.016697800998650654e-02    1.343209671050357853e-04    1.657392407136234385e-03    3.306096457488909697e-05    2.278913702362268801e-05    1.024255854095284678e-06    1.680186362932386407e-02
2.900003126359274574e+02    1.000706920966391467e+00    -1.099177329844991391e-03    2.918730147516532974e-04    1.502567164028579790e-03    3.074799614654910731e-05    2.213212234350615267e-05    2.644069230297517462e-07    6.264565601037884457e-02
2.899998857391803995e+02    9.979954142125456729e-01    5.796190323337831879e-03    -3.696903080522516145e-04    4.751074187661482752e-22    3.599422006536554246e-05    2.360941489099579996e-05    -3.669982313227624134e-07    8.839811937014019290e-09
2.900001093692853260e+02    1.002540691766968362e+00    -1.274036715789984842e-02    -2.446646621439806102e-04    7.621790844449042842e-04    3.385517042498048399e-05    2.367811905674747865e-05    -4.041026628991207556e-07    3.512873910334315730e-10
2.899996360551805878e+02    9.988398110984577638e-01    6.579311023654926989e-03    -1.147463323639494749e-04    8.603496208978282135e-04    3.193161206099603906e-05    2.244605364437157313e-05    6.631990127387956615e-07    1.081223593826896698e-09
2.900007217731297828e+02    9.984864260949992687e-01    -7.423547197745046858e-03    4.159098245272702500e-04    1.572464379406118048e-03    3.498002062663942152e-05    2.462316362295804886e-05    -8.410160826126038452e-07    3.767222183389790785e-02
2.899999459197622400e+02    9.980402001028443326e-01    -9.299348600632332748e-03    -1.472420795785187801e-04    3.849654683791357354e-26    3.610217816657426156e-05    2.457418736334112910e-05    6.423295365268907761e-07    2.290234691409395729e-02
2.899999794231422925e+02    9.985228735006922429e-01    -8.113873038741226118e-03    -1.965307792203411824e-04    1.395842244977551052e-03    3.432088994245098708e-05    2.433294548015736540e-05    -6.536216832282780953e-07    1.116418046222831889e-20
2.899998815373168668e+02    1.003360029097825512e+00    5.725439452614859356e-03    2.767878667758556983e-04    1.779745894545527824e-03    3.313751008482460997e-05    2.321028923759012295e-05    4.185392922264394489e-07    4.098392081119076047e-02
2.899998861393596030e+02    9.989498797659345231e-01    -4.251368716236675165e-03    1.145418075982432846e-04    7.252532587770428566e-28    3.129127303890290448e-05    2.252600432912103668e-05    6.755170998453916240e-07    5.509138134763645785e-03
2.900001175551952315e+02    9.983807470990934130e-01    -6.158773992399384223e-03    -2.624841391212709299e-04    3.217679341588944911e-17    3.216654149047548850e-05    2.330013106439110808e-05    -1.189210756247840393e-07    3.182907804246946936e-10
2.900002052041851925e+02    9.987478810527804507e-01    -1.048410678872068250e-02    9.351413730875681200e-05    3.816073008962290693e-05    3.260188903846417298e-05    2.274355177793153815e-05    -1.188107864564075288e-06    7.835678644260937322e-15
2.900005719971203462e+02    9.987389284380329135e-01    -4.396307923872986158e-05    2.777510298613512568e-04    8.058660784280852532e-11    3.127700882336364909e-05    2.109624114210795613e-05    -9.101044258921451158e-07    5.675859178872813334e-09
2.900007965379331836e+02    9.970623436751243629e-01    5.009538278525081482e-03    -1.306960274963275587e-04    1.051356189387836237e-22    3.154901897872736143e-05    2.227240378422914248e-05    -7.953015572998946267e-07    8.379620398900117229e-02
2.900009629800096036e+02    1.000911485353157104e+00    8.981877650842661973e-03    2.657094864295700041e-04    1.254036054654505825e-21    3.101252296317540309e-05    2.325796131222827048e-05    -8.979656989911613192e-07    7.469934525636696965e-02
2.900002929425099865e+02    1.001502876086574068e+00    -3.101037189853507112e-03    2.789981707751392837e-04    2.667067111604701977e-09    3.065817234318072546e-05    2.204882054020780439e-05    1.121429015399082489e-07    2.660932635556961454e-02
2.900000626180990935e+02    1.000573191400173423e+00    8.517164467597215100e-03    -2.575057502142641874e-04    1.343869627452066050e-13    3.503650226028823857e-05    2.366549382837354650e-05    -6.489933759946590941e-07    1.629941316793756486e-09
2.900001352728065740e+02    1.001418219060705939e+00    -7.962879360446869365e-03    2.891254726558984637e-04    1.713410799410812783e-03    3.603565845536298428e-05    2.425672213963649967e-05    -1.042650926686243707e-06    4.423870303167248830e-02
2.899998674690210123e+02    1.000487470065068107e+00    -1.455193152646786078e-03    -4.237009386666371877e-05    6.337703955807678750e-04    3.329266496743444768e-05    2.316181492443829829e-05    1.306693910607892311e-06    1.973857959320269098e-02
2.900003356844935070e+02    1.001309310647939155e+00    -2.958227701789551290e-03    2.505369146873817057e-04    1.109094773736030897e-03    3.651127371847821818e-05    2.433238599566598249e-05    4.257438480102702563e-07    2.886179911761701036e-02
2.899996742356564141e+02    1.000688634509943276e+00    -2.966599608127557311e-03    2.138582041608934705e-04    3.947710424854676211e-23    3.597825111602711526e-05    2.374538795710219447e-05    3.432470470101226143e-07    2.703186808933412748e-09
2.900001756190402489e+02    9.974977077018386540e-01    -2.686395174014688785e-03    -2.269308085611868335e-04    7.275417152346702556e-08    3.239942625446114329e-05    2.294949161959482594e-05    2.097793283573109100e-07    1.633148396400896721e-02
2.899998849587478276e+02    9.992941516294282511e-01    -1.763345570648911463e-04    -3.130293899617633889e-04    2.086739821132103670e-22    3.262200997472205105e-05    2.324086320210963554e-05    -1.141927877935526010e-07    4.395188440833454444e-09
2.900003267050269642e+02    1.001553172280944093e+00    -4.488760066842232763e-03    -6.418804705231960896e-04    7.189205314994319852e-04    3.221148874660421685e-05    2.278010617154811444e-05    -6.120658522087155245e-07    3.926058326285088640e-10
2.899998321310927736e+02    1.001264753672683083e+00    4.131433853734365648e-03    4.914508089661980038e-04    1.854060635997000934e-27    3.272326909911718064e-05    2.308424925765262899e-05    1.369753126757720527e-06    3.618897276059152604e-10
2.899997493613221309e+02    1.000634182707202058e+00    5.427247449513840707e-03    3.109581019770119178e-04    9.034115160363233874e-05    3.388178917828366549e-05    2.312497997136935630e-05    2.317484925710230822e-07    5.459949708880739230e-03
2.900002950532792170e+02    1.002993602559576924e+00    3.324703132233788622e-03    1.089084589938872313e-04    4.564342347213055949e-09    3.394322771645864195e-05    2.359575008193379026e-05    -1.277094774898782970e-06    1.925865850382274499e-09
2.900001802005541549e+02    9.984480964809276937e-01    -4.405563726537473773e-03    -3.025145914444574667e-04    6.341221804731163618e-04    3.054237867889873748e-05    2.311348032037682595e-05    7.934496166681908189e-07    4.505362708712151026e-02
2.899999440578731651e+02    9.999013103786182910e-01    1.260557859078573944e-03    2.701273309788701222e-04    1.273781432366540879e-03    3.116741051760236905e-05    2.242946722749034478e-05    6.290569220355848609e-07    2.001052663952489092e-11
2.900006660873612532e+02    1.002957814835276462e+00    -7.041079415096305853e-03    -3.989808669427455704e-04    3.144981732141450366e-04    3.229072032519894749e-05    2.302835560221143141e-05    -7.368486716351990403e-07    8.561871320132476149e-02
2.899996333289701624e+02    9.984177624885052227e-01    4.602282086528086853e-03    4.479846353049410455e-04    6.132905577354109744e-04    3.348771399226572136e-05    2.388073021056762898e-05    6.666241572307677353e-07    1.008757095725638116e-10
2.900013361695384901e+02    1.004126880753480222e+00    6.895567264934827564e-03    -1.115690394653208651e-04    1.484857469635037690e-03    3.497399963434255898e-05    2.393530020419605645e-05    -1.354402185857609765e-08    1.369527559770493952e-01
2.900001731534395049e+02    1.000473191248487437e+00    -4.303218710362788704e-03    6.914788499739214962e-05    1.962881197629178891e-14    3.466203268931610572e-05    2.359137392998105618e-05    1.247821151550071778e-06    3.842683736897686136e-02
2.900004713346397125e+02    9.998793545109946335e-01    3.396330494274991951e-03    -2.311782402979463511e-04    5.576713807354700061e-15    3.391902851993295492e-05    2.297701402365251281e-05    -8.893543469075092950e-08    5.924478243412557160e-02
2.900003500863231807e+02    9.983462559970733841e-01    -3.433210271379922348e-03    -3.668283202866426179e-04    1.034991235138415979e-03    3.335460396617240947e-05    2.341137454632449388e-05    -5.701061234646909893e-07    7.626747690779471511e-03
2.899999122066054156e+02    9.988391574960314712e-01    -1.392458214975722617e-03    9.463961728381858310e-05    1.613196432010296577e-03    3.568038352752399305e-05    2.370886233346860633e-05    2.290600018025783203e-07    5.118011514494191481e-12
2.899999538679293778e+02    9.995967461787751418e-01    -2.941705757806209465e-03    -7.334094962635312161e-04    2.012523120510536449e-03    3.242500400979111779e-05    2.347736206642624405e-05    2.000226759089008876e-06    1.787797106762257712e-02
2.900001479384696950e+02    9.984645977536409367e-01    1.170232062719904899e-04    2.513921579379656789e-04    3.102978641228166645e-04    3.374843344585292277e-05    2.234543358203217245e-05    9.656591641961103793e-07    5.002328702791724452e-02
2.899998925522307331e+02    1.002604665647006232e+00    -9.594017032971257491e-03    9.091436818833766126e-06    3.442438300387117213e-23    3.158242174046181156e-05    2.203361370593185514e-05    -4.270973108657428354e-07    2.409784174042920612e-11
2.899999234377526136e+02    9.993593108135746528e-01    4.349115709767791167e-03    8.525872370948015021e-05    4.206562780261920880e-26    3.334307305936876504e-05    2.266465420784633799e-05    -8.520538152980638316e-08    1.746055790005046762e-10
2.899999891686565547e+02    9.973483869944855806e-01    1.439964260303057495e-03    1.052612598843697555e-04    3.221466166724323148e-11    3.298252985956211367e-05    2.327802309993067298e-05    -4.410510097490132915e-07    3.488638619273305014e-03
2.900005110600862395e+02    9.974265699976575528e-01    -2.883147621786517640e-03    5.164959217606105010e-04    9.373020419813511131e-05    3.485963094771117105e-05    2.463231557017115400e-05    -5.344783010801652991e-07    6.075980537114961805e-10
2.900003427289892102e+02    1.000122575895607824e+00    8.600524845248726930e-03    1.780446672621011821e-04    8.035882062292939156e-23    3.440753337483259337e-05    2.437007016324008822e-05    2.815894673420538155e-07    4.330564365620333950e-02
2.900003054034701222e+02    1.001660080545266007e+00    -3.876720248660771393e-03    1.337614404091555238e-04    4.883909980033416265e-20    3.173208694559003743e-05    2.243081683158631810e-05    -4.658587178488822536e-07    1.331017454651911916e-02
2.899999595220025981e+02    9.982845922172585151e-01    1.818884032682075141e-03    1.818361034376652513e-04    1.397463088381553806e-19    3.499389772343462020e-05    2.335396345291945969e-05    5.035297718261731987e-07    3.250069710822496989e-09
2.900001501083646644e+02    1.003164497066017624e+00    1.231515679938754472e-02    -4.490465220964670622e-04    5.464159362376823850e-16    3.304047830638754779e-05    2.293984179682034859e-05    2.452609066376788197e-07    8.784454213582825429e-11
2.900002136022163199e+02    9.996290484996669390e-01    -3.809638902405372823e-03    -8.435922631472378018e-05    7.936041248559424794e-04    3.524204529026974319e-05    2.433063465311009041e-05    -2.542226754401452376e-07    1.982047219689210549e-02
2.900001454770592773e+02    1.002511424301727461e+00    -3.407714746705787969e-03    -1.848875941420737766e-05    1.785765179157035624e-08    3.627852161866983481e-05    2.423428023579569829e-05    -2.256747319695911679e-07    2.931509592388996735e-02
2.900001603343269494e+02    9.965378562167456211e-01    3.932789269614299539e-03    2.341355764894048857e-04    4.030411988484175825e-04    3.258205190225076109e-05    2.203173111468966302e-05    2.319412817782742395e-07    6.433874144896595260e-02
2.900000280474428109e+02    1.002926269863088748e+00    -8.378545385490763706e-03    4.849331508767848616e-04    1.143285480478389241e-03    3.203460272831662307e-05    2.218445101059896062e-05    -6.308567504803748724e-08    5.062856862677544043e-12
2.899998200567620756e+02    1.001797893629640779e+00    2.110662298479732812e-03    2.330688072270642572e-04    1.279060373515199126e-04    3.339366767448291844e-05    2.433462801878691532e-05    8.601608756151116125e-07    9.338179485665308588e-03
2.899997359789670099e+02    9.965612854719965163e-01    -4.483797562112562529e-03    8.886148244427452742e-05    8.617671117235186111e-04    3.250563656085884881e-05    2.194046323029984549e-05    7.835520692212686032e-07    4.871964975785655040e-10
2.900005498348799051e+02    1.003178971798652785e+00    7.373236055014760135e-03    -3.000460949475181434e-05    1.349344860894635461e-03    3.402847163419441332e-05    2.378711501498503844e-05    7.242277677549658858e-07    7.114972132640659530e-02
2.900001689119204684e+02    9.991766679574896060e-01    -1.764304326652021970e-02    3.526155871807384640e-04    2.245382417663657326e-03    3.365330269023616164e-05    2.320466355208605671e-05    -6.525899403946209404e-07    1.927996167764034914e-10
2.899999703172376257e+02    1.001711570684779451e+00    1.669969750550111742e-03    -1.479447156073542761e-04    7.936006888722070985e-04    3.412631020938058777e-05    2.332471263737059518e-05    -5.614719021601721058e-07    3.828924131879783701e-13
2.900004610926843611e+02    1.000740525024368388e+00    -7.560807465723489405e-03    -5.118991626285670929e-04    1.178608300348350400e-03    3.233318078725200728e-05    2.283613125303795508e-05    -1.681227868224814266e-07    3.264380759399573839e-02
2.900008162517211190e+02    9.996447189224884067e-01    1.595463915408073738e-02    -4.752904307417652927e-04    5.847960436830609149e-04    3.238646337717666766e-05    2.295123203840746448e-05    4.604317250953001648e-07    8.713453121347249086e-02
2.900003032548642068e+02    1.001891567452591447e+00    4.398483445543048542e-03    -2.119448958597276440e-04    3.499291550906345000e-18    3.482758149349333461e-05    2.453590331566131023e-05    1.928986950715731793e-06    8.862186773562173714e-02
2.899996962391637112e+02    1.001943366750950082e+00    6.321620093174380121e-04    3.364693442921605840e-04    1.779015132928322539e-03    3.111341070725313760e-05    2.229474249871559119e-05    1.271868403819465939e-06    1.538349277394190059e-15
