# f_r [MHz] A m phi D delta_r delta_ere delta_eim a
2.900007196431012630e+02    9.972453200407065399e-01    -1.471352374174920812e-02    -3.577260317612481963e-04    1.126123239821879160e-11    3.877923800322773790e-05    2.882893246593229417e-05    -1.706756955372885645e-06    6.588409512596939133e-02
2.899999160273011398e+02    1.001286610541097577e+00    -7.073829896469381595e-03    -1.989834480454920349e-06    7.852048595052771307e-04    3.728357650843073812e-05    2.829044975013762978e-05    7.268861251457475215e-07    2.538658310448217541e-04
2.899998368526245827e+02    9.999737940191271157e-01    -4.431063940085916072e-03    7.592601046996451310e-05    9.891754254741433362e-16    3.825202113398552470e-05    2.827057838013412929e-05    7.283007153744077099e-09    1.313720607081957762e-09
2.900002396414491272e+02    9.996635733644000377e-01    9.797640028927159100e-03    -1.321832265228216504e-04    2.722053838765563610e-12    3.749672133243950713e-05    2.815502424655722303e-05    -4.730312078140051529e-07    4.467928140986894558e-02
2.900002457378546410e+02    9.984717142599636164e-01    8.038384417071584714e-03    -1.104978073617471755e-05    1.300932215587412158e-03    3.740516698790580810e-05    2.823823966035489535e-05    -1.236856435351928648e-06    2.612832150374709742e-11
2.900004726050971158e+02    9.990881800859596762e-01    1.512853684356576037e-02    -6.987612321235674379e-04    1.185993331217830412e-16    3.981209730358499358e-05    2.860778044660502244e-05    -7.777134498178153512e-07    1.979854641617858138e-02
2.900003151291804215e+02    9.992216368587244490e-01    -2.809494569513236104e-03    -8.337658559602941367e-05    1.703778018800266225e-03    3.915115585637467276e-05    2.814667954207034092e-05    -4.027641592223074369e-07    1.035339950217780783e-11
2.900001004222262395e+02    9.984773514589119214e-01    -8.306628573018106851e-03    -4.097821784168155295e-04    1.171467980694447953e-14    3.917488084447254477e-05    2.905550344859402051e-05    -1.683667584297846654e-06    1.332908760247843949e-09
2.900003134952323762e+02    1.001897677522769481e+00    -1.116528861946582130e-03    -3.996286697159107831e-04    8.003891881304449080e-04    3.921274028749688811e-05    2.858783154656922138e-05    -9.462763204731398115e-07    1.184036910191473354e-11
2.900006221709792840e+02    1.002398721557671957e+00    -1.355200019552360363e-03    8.293642567678923450e-05    6.865952862709162673e-18    3.883853105747291583e-05    2.834123647476302822e-05    -9.262795421344560377e-07    7.895017419933471337e-02
2.900001312579337309e+02    1.000613965626171220e+00    3.949148523249454597e-03    1.891601013339973776e-05    2.557131257642008344e-04    3.744453123026505477e-05    2.833693615070211129e-05    8.782905118404372200e-07    4.958980911670774622e-02
2.900000260759121034e+02    1.001294114222860188e+00    3.278692920436636783e-03    2.379248195651373886e-04    2.039025846323704797e-29    3.981669984332691898e-05    2.934519511434685715e-05    -7.249096688732106701e-07    1.699284735695408310e-11
2.900007340389106503e+02    1.000621173730364299e+00    -8.470387489023204972e-03    -1.440437188823370980e-04    4.521332914985958193e-17    3.720260281540554406e-05    2.817879395208177634e-05    -2.494044298813345214e-07    8.885918431087626301e-02
2.900006023706726523e+02    1.002410835656386112e+00    -3.047125778885768736e-03    -1.793791128550878422e-04    7.068223840834078021e-17    4.096836090441750112e-05    2.853700168268882717e-05    6.920521937694110008e-08    6.220383000713748667e-02
2.899997618084627788e+02    9.966575747916863737e-01    -2.911473220178666891e-03    -1.123573836757604149e-04    2.053123025950577269e-31    3.878406830874871279e-05    2.706387624519213279e-05    3.293068217810080900e-07    8.482108129453928786e-13
2.899999420060055968e+02    9.991907585289480087e-01    5.148365958126958214e-03    1.542442161440661283e-04    1.766497560669829541e-18    3.754527115388817522e-05    2.840413278099629242e-05    3.332755837695522979e-07    8.947025501672156031e-11
2.899999319540578995e+02    9.985909829119457015e-01    5.945815020403595608e-03    -3.831085002721894566e-04    8.387420867664514054e-04    3.727101120986411480e-05    2.831648281555833096e-05    1.172987396028059502e-06    9.803225171938735641e-11
2.900004630371627172e+02    9.968728849479490117e-01    -1.431719416817311789e-02    -5.931962011318639888e-05    1.221055506578194490e-13    3.837931358430621303e-05    2.885582573754797992e-05    -1.477439058209491786e-07    7.219594781648724230e-03
2.900011893521422053e+02    1.000539120143242755e+00    -9.541372183468951190e-03    2.286405648879399519e-04    1.594279010853331784e-03    3.974403125318114551e-05    2.950634361529228504e-05    -1.821199054549016249e-06    1.066548096386319838e-01
2.900001306681097617e+02    9.996332120158696322e-01    -4.418134193386910429e-03    -1.130748547673065146e-05    1.058324825529390100e-03    3.652430952629388263e-05    2.679365935879498951e-05    -4.874957053848550065e-07    6.980828332406662946e-13
2.899998385454007348e+02    9.997984578873873041e-01    2.798646623172303376e-03    1.763701643741983282e-04    7.829119737426736270e-16    3.828420261510597568e-05    2.823249680352292495e-05    7.183945470098835969e-07    3.006341317255806675e-11
2.900002311871461416e+02    1.000610877429612078e+00    9.125756899617587297e-04    2.535432562714408171e-04    7.620088909504749391e-14    3.826958670238919528e-05    2.801430170956847491e-05    5.466603983361681206e-07    3.745026352220548471e-02
2.900000140920617469e+02    9.980409673470711507e-01    -7.916112743097765880e-05    -2.172405475074843642e-04    7.439037900638130604e-04    3.802234276128801043e-05    2.858238952460964840e-05    2.543655436477505522e-07    2.864945782718702691e-02
2.899999226849255933e+02    1.000888576800313956e+00    1.422170715149511711e-04    4.365623968901051304e-04    4.524518087509174545e-04    3.853288299174127815e-05    2.850572513243525020e-05    1.058238192638873685e-06    1.386390900249694068e-15
2.900000016793277950e+02    1.000578404669743682e+00    -2.273402055739291543e-03    -3.723719418759415824e-04    1.057981572609273274e-09    3.836460806749463843e-05    2.843129804975791494e-05    -9.888400614911825364e-08    1.344920470702234742e-09
2.900011378614127011e+02    1.000433331210583088e+00    -9.112646851217925861e-04    -1.048984017440627919e-04    1.767948384892297766e-21    3.860863972000709056e-05    2.834775947383077387e-05    -7.667401459402402861e-07    9.808143459037288459e-02
2.900001601340831030e+02    1.001033118140479017e+00    2.943161230439346552e-03    5.391078797047704551e-05    3.863824461726486506e-15    3.727547588219925215e-05    2.799398142353249746e-05    -4.633365675374140354e-07    7.315132703002437922e-11
2.899998417714728589e+02    9.982589969382802408e-01    -5.559185823299567751e-03    3.616309067211050912e-04    4.928792855700699038e-17    3.636984807717505219e-05    2.679369716917404072e-05    5.974475998316300421e-07    2.766195436757695372e-09
2.900000091490590535e+02    9.974296500568731183e-01    -6.113323523844132502e-03    4.145011941170017775e-05    6.293440134194024950e-05    3.767723313909598568e-05    2.720074593769583542e-05    2.142451047256621823e-07    4.639860135438969059e-11
2.900002903957122840e+02    1.001865218486436504e+00    -2.129699198756312333e-04    -2.690826597381560021e-04    2.794121741339884693e-12    3.748926056612875900e-05    2.817302718725428175e-05    -9.661185557315173706e-07    3.007522578216436355e-09
2.900009765469298486e+02    9.998645917267100502e-01    3.952431287426119537e-03    -4.213389864416503114e-04    6.543276991228017632e-04    3.694673259233214311e-05    2.854944217425328453e-05    -3.411962684235322226e-07    9.739182981377680903e-02
2.900005289657905792e+02    9.992156875596213128e-01    -6.912387578464447221e-03    -1.886444355673631747e-05    1.558316948724761362e-12    3.809609099533628885e-05    2.850165010662991666e-05    1.507914388134164503e-07    6.675819046853913308e-02
2.900005713244170238e+02    1.002851366337746297e+00    -3.418175680168567595e-03    3.675979964226714757e-04    2.692439762483878236e-10    3.559408683063236360e-05    2.743904981308250817e-05    7.893371102810470651e-07    9.193900944254970731e-02
2.900004506062481937e+02    9.999029716857394945e-01    4.150547089861046212e-04    2.534732369136474090e-05    2.420470716600939831e-13    3.902952319970903647e-05    2.947002006402426141e-05    7.238779159792879847e-09    2.680502581724302988e-02
2.899998163830813951e+02    9.999813244773718690e-01    8.209597000681963935e-03    -3.153245823142773285e-04    1.306161519404372836e-08    3.978859318119569026e-05    2.995731250593005343e-05    3.947165322020280481e-07    1.544387151191759434e-10
2.900006508392764317e+02    1.000041778779697799e+00    7.720254981332923955e-03    2.745386740511323535e-04    2.914530126839476451e-04    3.949052655176326753e-05    2.912179468134608928e-05    1.330593873174571240e-07    7.220706808006335797e-02
2.900004121298430277e+02    9.999985162217317480e-01    -1.496285414438544396e-02    3.082988665680639240e-05    3.863670125877562860e-04    3.917230920992452800e-05    2.747587879326576110e-05    -8.721982559757815428e-07    1.671655397786893718e-02
2.900002245618151733e+02    1.001107931654661831e+00    7.538828776263973262e-03    2.701815873840838979e-04    1.507011734128367244e-13    3.791994194794499136e-05    2.968908194578940093e-05    8.998356978254802445e-07    2.511660121120406347e-02
2.900009687779493674e+02    1.002096943842638588e+00    6.935383058315747022e-03    6.658171107461249968e-05    2.564367184239833920e-17    3.736583255891154078e-05    2.824621806686074553e-05    6.624461325565599954e-07    1.394881675734292170e-01
2.900004031195969105e+02    1.002684785710506343e+00    4.487723529074875810e-03    8.348314274548257572e-05    2.189376742869072746e-09    4.137183661987355184e-05    3.009261594850328784e-05    3.498862034535515297e-07    5.486889989791071676e-02
2.900001317505899578e+02    9.985460837719956073e-01    -1.807317727375972599e-02    1.895711085159707909e-04    6.691229498540223353e-04    3.789034043664227388e-05    2.840805942044625818e-05    -4.429188933349121747e-07    1.431035633055703768e-08
2.900003055452166905e+02    1.000263508528408174e+00    5.446991873215953524e-03    -1.344168684750474065e-04    1.038845012922579948e-14    3.768217402908702877e-05    2.760567449459541063e-05    3.737134002421729941e-07    3.769219746090329837e-02
2.899996179496719719e+02    9.980487840069838246e-01    -4.491936632118339635e-03    3.548370934872621392e-05    3.658440364810684731e-13    3.761012386309308211e-05    2.794798399739628202e-05    8.320748657273425641e-07    9.126440279912105200e-03
2.899998541882146696e+02    9.987585284795229557e-01    7.506335716848964133e-03    -8.021826888212789039e-05    4.014805147508400286e-12    3.849307426458697837e-05    2.788404159680868934e-05    1.013722033602515543e-07    2.292159586242937082e-09
2.900000234457349961e+02    1.000285946765986811e+00    -6.682405271549010477e-03    -2.528465718306345859e-04    8.272739373202797749e-04    3.640680985743519938e-05    2.782197534825499134e-05    8.763956388550057692e-08    8.293244368125063642e-15
2.900000465542013330e+02    9.984507191648268609e-01    -4.541768675388468957e-04    -1.988989469356698561e-04    1.253413505440283040e-03    3.839642468485094187e-05    2.872937728807009488e-05    1.243539040156790658e-06    3.788473082209092846e-02
2.899999054103607250e+02    1.002264041349213874e+00    1.221861001553770955e-02    -5.766019634272471914e-05    1.532205442919125738e-10    3.839761362786251012e-05    2.907465426304242138e-05    8.200482185743860469e-07    5.548592077866542306e-09
2.899999324946998058e+02    9.970389017145588895e-01    1.484321529933665086e-05    -1.571818144878580703e-04    3.021829935401511638e-03    3.587879442860254363e-05    2.676503803559619301e-05    8.130172005889394848e-07    3.792854555779655273e-13
2.900002895616138971e+02    1.002017453717730877e+00    3.900101983907354030e-03    -5.369651389351171066e-05    2.387652455772408824e-17    3.780726949051994585e-05    2.821632077784241475e-05    -1.036639053983049554e-06    7.456454103065529588e-10
2.900003956136312127e+02    9.971705427349198958e-01    -6.710256124954140297e-03    -7.042795592299687943e-04    7.963953446100667543e-14    3.589315927380290385e-05    2.795591881433903439e-05    5.751139876954459886e-08    6.309826517420209779e-02
2.900004408247226593e+02    9.997471487545948055e-01    -1.991124797839519209e-03    1.230647153666104170e-04    4.205851844179381272e-04    3.754280925883111747e-05    2.834545454234464455e-05    4.931002688230340763e-07    6.849650783000041376e-02
2.899999969508705817e+02    1.001834470456300474e+00    -8.314531468628297631e-03    5.807219273747413158e-04    1.276352087658368594e-05    3.584419971507974448e-05    2.736967453425741080e-05    -1.095342533262011342e-07    1.225314747946832858e-03
2.900004270837114859e+02    1.000394690738181547e+00    -4.869851906982234670e-03    9.030548613039286819e-05    8.115939839796804979e-04    3.910465340563324652e-05    2.882637142475999220e-05    -4.276917727543157242e-07    4.569177909444293168e-13
2.900007724836469265e+02    9.974276766641479997e-01    -3.872602412579569738e-04    -6.168911064028323454e-04    8.525337821739067888e-14    3.649440955147269813e-05    2.776862804201672748e-05    -3.077669061826266120e-07    6.403219368396018130e-02
2.900001188574523212e+02    1.001111087693380419e+00    -5.769261778383287000e-03    2.021133399677256775e-04    4.747160376586016871e-04    3.702971794730812487e-05    2.849725713643296368e-05    1.526836185026931529e-07    1.719148894781241318e-02
2.900000039371282128e+02    1.001342300052306955e+00    -3.605632250343118305e-03    2.623289748436699663e-04    1.124586689529803326e-09    3.832836690055352785e-05    2.851863866355086466e-05    -1.278360505681137203e-06    3.526547796789705951e-10
2.899997908232115833e+02    1.001470016109591743e+00    1.010722018875277566e-02    1.358619635691848970e-04    1.578845801876329171e-04    3.750948024585365335e-05    2.803749837999666450e-05    7.745244138822103283e-07    1.172089156592493794e-13
2.900004084632900003e+02    1.000952621068667669e+00    2.271556232128014226e-04    -6.705114646624136263e-04    1.494257684399012424e-11    3.982438437217582190e-05    2.913439625204983482e-05    -5.034505547828357076e-07    4.705320206609915623e-02
2.900002755000505203e+02    1.000469883087197420e+00    2.550629445210918049e-03    -2.014016222363821892e-04    5.970117330955298585e-04    3.496183875920119244e-05    2.761965134137057989e-05    -1.933883868692680732e-07    1.655999323439443296e-02
2.900002318863133155e+02    9.992670301356224583e-01    -1.237887649719475285e-02    -7.042110783165899182e-04    1.851788717975940696e-12    3.790537392253091572e-05    2.876914091694581156e-05    -6.561606885360102591e-07    1.323047464500790539e-08
2.899999791971714558e+02    1.002301724046708920e+00    -3.943557433241085680e-03    -1.686369671851773821e-04    4.826562101411066082e-10    4.408354148773733719e-05    3.071770719979411140e-05    9.925765619300585116e-07    2.483523029058377213e-02
2.900002277193729583e+02    9.990866930300910109e-01    -6.756675997247862595e-03    9.684155510258645892e-05    4.462965207839654828e-04    3.752912327176317816e-05    2.829900521307844095e-05    -1.178415748065955459e-06    1.528072802692289050e-03
2.900001378748846150e+02    9.983656678429296827e-01    -2.439857430318667501e-04    -1.377722569228885985e-04    4.510144844402511182e-14    3.786415664641345331e-05    2.662691264895986971e-05    6.267563504855531963e-07    2.170934014078087018e-02
2.900000726929974917e+02    1.002911245969403620e+00    -3.865550592467447213e-03    -2.523540156069607006e-04    1.904141564831415593e-21    3.751554299153191465e-05    2.762250211837589763e-05    -4.855426503722570802e-07    1.274125242526944371e-08
2.899999365480805409e+02    1.001355272545097375e+00    1.180169163941167249e-02    -3.463227536659432344e-05    9.942241199217820725e-04    3.936414252301449946e-05    2.899959973281272262e-05    1.743179840595176619e-06    3.779557678441591850e-02
2.899998466182120751e+02    9.989603063290215523e-01    -1.552320531203551894e-03    -8.229362170143452110e-05    3.634703904234777319e-08    3.911935207311959629e-05    2.879249202044132481e-05    5.644471355959445737e-07    1.193312880215502067e-02
2.900008328209856927e+02    9.972067120666627815e-01    3.231386841871681029e-03    -6.684490326413088145e-04    1.087945411898194400e-14    3.941378203906120497e-05    2.889484372787651034e-05    -4.841036056863861623e-07    4.925374477868124656e-02
2.900000263563902081e+02    9.993610058093165271e-01    -1.889640676134326201e-03    1.981078184329979064e-04    6.371114331001116477e-04    3.793749366712390964e-05    2.850085260595024907e-05    1.621585028890143980e-07    2.364052676979830682e-13
2.899999947897239849e+02    1.000133543916033707e+00    1.222365962534107536e-03    1.259507190028669817e-04    3.524254044768698724e-04    3.408285866145451036e-05    2.679767018630195300e-05    1.501784776230145104e-07    1.850257912941122739e-11
2.900000032783217421e+02    1.000501269867604792e+00    -3.259875316921886923e-03    -4.887403269813195023e-04    1.798214009184558894e-04    3.813825555039716136e-05    2.869289732115283279e-05    -5.447381005151186227e-07    1.208655259548230623e-02
2.900001678958866478e+02    1.000791494896750677e+00    -2.072966727109400772e-03    1.120476565324994876e-04    9.511038660931941426e-04    3.720913859837536656e-05    2.869052724962009763e-05    -4.254283242559678777e-07    7.585534257601137149e-03
2.900001743813765529e+02    1.000957846430704512e+00    -3.278601442597478977e-03    1.093031351968546950e-04    9.945096043337043647e-04    3.593249362611802963e-05    2.631855057186994969e-05    6.867179931143411593e-07    4.374890473334381387e-14
2.900004390967229710e+02    9.972239430279876693e-01    -5.256493461569681017e-03    5.484160070978583547e-04    6.156148080026558906e-04    3.798097538144520029e-05    2.827593156969928270e-05    -3.046658458792841007e-07    4.558375291125132261e-02
2.899998971343998733e+02    1.001406578015128002e+00    5.631265856248161665e-03    4.992479195316308236e-04    8.055618141297608880e-04    3.755294110370726126e-05    2.727960761222241536e-05    9.710461423167632016e-07    1.980362363643229165e-02
2.900004242747550052e+02    9.986007673698458209e-01    -1.044301100414317743e-02    -4.230643773373179403e-05    1.135049349765951832e-03    3.978948587379683847e-05    2.936935250570042377e-05    7.346420975249023496e-07    2.911812354001766176e-02
2.900001563290859963e+02    9.961607846389285426e-01    6.423924873552473540e-03    2.315500916901734021e-04    2.369198421117859970e-04    3.614064273569898996e-05    2.684316354942511878e-05    -1.889982940052464001e-08    8.353034291182279256e-10
2.900001803139538765e+02    1.002632163841320923e+00    -3.896127802831557407e-03    -3.909760156249266101e-04    6.216065566699113365e-16    3.766569675805375901e-05    2.847483593859149605e-05    -8.734205097983736196e-08    1.746638417466499574e-02
2.900008490101956227e+02    1.000306943842623753e+00    -2.955079679824999458e-03    -1.132832499133833019e-04    1.864861367584706863e-14    4.063694001156421549e-05    2.915703173883605904e-05    -2.742580811698716064e-07    8.635984125996605532e-02
2.900003201879598578e+02    1.000542955747267815e+00    -1.946465551536097262e-03    -2.975445533567093676e-04    8.694592468473283068e-20    3.793774938050367473e-05    2.785090381827281714e-05    -1.107300867904238208e-06    5.079633131220526345e-11
2.900005539845448084e+02    1.000852869758536379e+00    -3.507966554028108929e-03    -1.565857842508416148e-04    1.510529278406936428e-13    3.823086107992329144e-05    2.883064907441356772e-05    -6.461776535302037569e-07    6.985720256534509731e-02
2.899998337061868483e+02    9.997030761399225973e-01    2.856745319554143941e-03    7.794058624946907079e-05    1.445902720799251010e-03    3.961530075505238590e-05    2.787964010629261544e-05    -6.649687798330542791e-08    1.790155694008980711e-02
2.900008461330182854e+02    9.987239636104950913e-01    -4.338068950501088039e-03    1.971823020321869231e-04    7.419033040145828510e-04    4.034629238706979285e-05    2.894388585310032704e-05    -7.838271242483295673e-07    6.781072863482669189e-02
2.899998078655688687e+02    1.001664093253575638e+00    -2.490064353482793549e-03    1.045450342575345764e-04    2.736266053459537797e-03    3.521336040566360891e-05    2.715995579003665020e-05    4.113851898543532159e-07    4.876568842205990240e-10
2.900000878746172361e+02    1.000165401563408274e+00    -1.005352213498512753e-04    1.501261742801252626e-04    1.195419473510421664e-19    3.753108787167487207e-05    2.812176998719817132e-05    -1.072803415499585986e-07    1.609781102126681910e-10
2.899997836389554209e+02    9.998600358897503648e-01    -2.571438626972555579e-03    3.670792105808604478e-04    1.502991988548072588e-11    3.687985939707588641e-05    2.754454397772823494e-05    1.133057548627899603e-07    3.904527167343758823e-10
2.899997620205516569e+02    9.989853741955077027e-01    1.765341390644702916e-03    -2.710438199090604589e-04    3.721201740759884746e-17    3.716637857918945749e-05    2.757751615226574808e-05    -5.870109696399997064e-07    8.270735095818352204e-10
2.900000687951211944e+02    1.000577561350205924e+00    6.074148746594918834e-04    6.135024026516629702e-05    1.553518617508216548e-25    3.784756828115574013e-05    2.901813943296111721e-05    -1.346500234338440639e-07    1.089789098810211437e-02
2.899998341862560665e+02    9.996597454215249146e-01    -6.868060713678717302e-03    -1.609210845299300253e-04    7.510204771021818204e-16    4.019473083242432448e-05    2.905740590262500471e-05    3.452038107561970258e-07    2.241794214425215038e-06
2.900006646528809711e+02    1.000196303494554462e+00    -1.419291735103626884e-02    -4.074614746614580005e-04    1.560929303422452152e-30    3.610424053589948550e-05    2.705817674548627929e-05    -1.033130249232937333e-07    7.079355453222131722e-02
2.899998545291916230e+02    9.997871844828013499e-01    1.186935479677258057e-02    3.761979449537728262e-04    1.412114905930909620e-03    3.872727147013233390e-05    2.790759033023461512e-05    1.663834007937474646e-07    1.740666247488040241e-13
2.899998159970938332e+02    1.003926560220565811e+00    1.467764609456024150e-03    -4.175787418441018195e-04    5.401574975800371898e-05    4.009529064108648279e-05    2.833078758731352061e-05    5.306975073389578265e-07    2.190960115258628613e-12
2.900006016014080501e+02    1.001402889100758697e+00    3.290233069593537577e-03    5.467121528977168598e-05    4.329146213868925795e-04    3.797282402325860556e-05    2.792880967493215668e-05    -1.447141911424010476e-07    4.962197739942014046e-02
2.900001706877308720e+02    1.000812716808106018e+00    4.262388997573265080e-03    -1.394988723646371233e-04    7.161942104805904087e-12    3.790613288192592101e-05    2.858974086874220633e-05    7.098442388934967575e-09    2.421882516662703808e-10
2.900000939767454042e+02    9.993052976757050843e-01    2.281865188102433911e-03    -5.825534596173105508e-05    6.161229481305036485e-14    3.694509961621725210e-05    2.822340039670495165e-05    -6.598561106653576726e-07    1.828099239028512198e-09
2.900006532433565098e+02    9.989893249927462859e-01    -4.351709410257968702e-03    -1.125762175089851079e-04    1.397869335539273167e-03    3.888380604326406961e-05    2.822631427630035785e-05    -1.397645208938748093e-07    6.939879219543440558e-02
2.900002161137013559e+02    1.002827361108658888e+00    -6.760841246477313458e-03    -1.080874626987110890e-04    1.092544313545056639e-10    3.832131825210742147e-05    2.846025902699262297e-05    -5.684020556470820032e-07    3.589072430627478910e-02
2.899998806128032811e+02    1.000862336321832968e+00    7.315831352502868978e-03    -2.835104106124099600e-05    2.990735398819616580e-24    3.779507327041328247e-05    2.728370002988221549e-05    1.764799904438690006e-07    3.503721393302884378e-14
2.900004743040400399e+02    9.999499191902044837e-01    -4.560445102373016091e-03    2.256450534226248159e-04    3.800640286690754842e-12    3.707429394034843180e-05    2.690466856568864571e-05    -1.006543214320906979e-06    2.551389939873557888e-02
2.900006916944049635e+02    9.987474298063311329e-01    -5.187587756414193015e-03    5.238809322143626071e-05    3.481225493045076401e-05    3.800456586482106901e-05    2.860138371021825145e-05    -8.403131402649964217e-07    5.298261256490773702e-02
2.900000714068698358e+02    1.000970625082458598e+00    -8.728691141377267759e-03    -2.711525719655836282e-05    2.252497347094172214e-11    3.842300697899016807e-05    2.831557887165272921e-05    -6.962055787458821902e-08    8.605875559999760782e-03
2.900002201298738100e+02    9.984065588235662148e-01    9.019566759890077640e-03    -2.590037549783650900e-04    6.715360692865628449e-04    3.758017608641621638e-05    2.680630318646552064e-05    -9.556417719767881691e-08    7.672334813744753276e-03
