# f_r [MHz] A m phi D delta_r delta_ere delta_eim a
2.899999645550020659e+02    1.000533227363551214e+00    1.157190047470169243e-02    -5.600479465983838109e-05    1.282021690813874579e-03    2.448651027251380350e-05    1.499872448018407883e-05    7.561717129775524036e-07    4.340645898191469095e-11
2.900004793433632813e+02    9.992079444790079590e-01    -5.455438744308438621e-03    4.407301074343556455e-04    4.808407795083946000e-24    2.428979191514853606e-05    1.526385320073873740e-05    -7.197100695603826407e-08    9.949871647815210218e-02
2.900004252260352473e+02    9.999280408421593602e-01    -3.393992473247180782e-03    5.373723270627030289e-04    1.090120270213338391e-04    2.501741301236110512e-05    1.530774963361061582e-05    -3.500602552200980416e-07    5.369921937719920879e-02
2.900001609694446643e+02    1.001689975057939552e+00    2.951605517341626943e-03    8.170037220790146680e-06    3.760225227979299462e-04    2.380901220550159209e-05    1.495411207413662395e-05    -5.556788400558550840e-08    8.834173547710504840e-04
2.899998387610720556e+02    1.000862514973835049e+00    1.607747665804736947e-03    -1.510180573746449247e-05    7.249142777200771166e-21    2.526421465363371191e-05    1.550831370176024496e-05    9.254652519122322691e-07    4.394168199385686233e-10
2.900006030809539084e+02    9.999586974423025909e-01    3.683441600141440422e-03    -7.241823079752272158e-04    3.127135853690886574e-32    2.323130716100919440e-05    1.419313707588447479e-05    -1.073372004863338172e-06    4.650107066768584263e-03
2.900004704630459287e+02    1.000246000977740080e+00    8.614474377755950655e-04    3.015462059054709734e-05    5.925150215754163138e-04    2.409313174454014077e-05    1.568705001080200197e-05    -2.791408745676391734e-07    4.709676849226804296e-02
2.900000882243503497e+02    1.000706345444498213e+00    1.877076192026979045e-03    9.430187386398486697e-05    1.385139045623525358e-19    2.411887995528531610e-05    1.512762909914115593e-05    -3.074227517942634392e-07    1.424566446320743772e-08
2.900009358680096625e+02    9.986945821182349192e-01    -9.600617294845049943e-03    1.150301425120262632e-05    5.775935832639080350e-04    2.651850421471005641e-05    1.529446647942363412e-05    -1.471429025102889249e-06    9.374532258159379294e-02
2.900001565425608305e+02    9.960240294169429021e-01    -7.815749410716242573e-03    2.432413183837648795e-04    6.862152713806828943e-19    2.466616759809770338e-05    1.596459014364435907e-05    1.056437886201970093e-06    3.219879711244189729e-02
2.900002709653437023e+02    9.953689351705384825e-01    -3.950217563620435704e-03    4.393258633042808315e-06    1.548692841828982398e-21    2.586893449724134581e-05    1.489924660350002321e-05    -1.132022660293967822e-06    2.777362396751782867e-13
2.900001548240385887e+02    9.972327199272089659e-01    4.540415528971012728e-03    -3.319429225639774703e-04    8.156574172135090889e-04    2.315471867014328214e-05    1.444201935570321096e-05    6.007749263728443431e-07    1.051200632741593616e-01
2.900004219055584258e+02    9.984932455802535411e-01    -5.613743578504012954e-03    1.461987546475760084e-04    3.583492256386278024e-26    2.532359373526361606e-05    1.589424292024478580e-05    -1.965891847604050812e-07    6.510780597333870601e-02
2.900008702723563374e+02    1.001065474258109989e+00    -9.059232465558945957e-03    -4.070783618187371971e-04    3.768663336255207981e-05    2.860062720226372161e-05    1.615703876856818767e-05    -1.290399738334237153e-06    6.915500171395354279e-02
2.900000872695941894e+02    1.000378569169847909e+00    -3.729428673365372919e-03    2.764098350996324334e-04    1.975184423309594017e-15    2.591060153920675600e-05    1.603034328089959044e-05    -3.953042128971403777e-07    1.141365116199852210e-08
2.900000737820620316e+02    1.002277934401043291e+00    4.412993274087076423e-03    -3.294468763231382441e-04    4.381031934513260470e-04    2.321850794966882109e-05    1.450347357189302438e-05    1.129314781533945083e-06    5.245622847004548922e-02
2.900000012798319631e+02    1.002091967675398765e+00    -3.643222548057401759e-03    1.062270377045190702e-04    5.782048031058946349e-04    2.471793298751685827e-05    1.532789562599161802e-05    -1.992683206400997583e-07    4.581803570153662053e-13
2.900000165039058970e+02    9.989198385639572741e-01    1.118857767497513991e-02    -3.855654129652347478e-05    1.374124469772995683e-03    2.682775857955128866e-05    1.622053613771161278e-05    4.783256997999341942e-07    4.830931021935201843e-09
2.900004457169376906e+02    1.000947468826649311e+00    -4.595635052229614121e-04    -4.983635801375303938e-04    8.490744223347310530e-35    2.706028852016020505e-05    1.578918605172026501e-05    -5.458508002149473930e-07    3.513004944173379190e-02
2.899996916759998840e+02    1.001523871526763809e+00    6.113570262627920741e-03    -3.232059028880165420e-04    5.574666837837476680e-30    2.770865859575720783e-05    1.613112420039700194e-05    3.457602538624426058e-07    2.245264723153038058e-11
2.899999609231475119e+02    9.974027800616059869e-01    -1.182252106412598740e-03    6.381620394823668725e-04    1.885648707253285859e-19    2.682792619416745860e-05    1.510760963711488489e-05    -1.583956979699792472e-07    5.217132851386978472e-03
2.900005107964331614e+02    9.991647490179704771e-01    -4.188561609218618628e-03    -5.119975508410918533e-04    1.572984618109081810e-13    2.596608168218086750e-05    1.626647398454845520e-05    -3.164420320537708220e-07    7.233751950246998519e-02
2.900001253601107578e+02    9.986887792885326132e-01    5.082358891535230551e-03    -9.016063940858399974e-05    6.260923199071611678e-04    2.732743240215473925e-05    1.553210830044096869e-05    3.906640818762625317e-08    2.351441746535678299e-11
2.900014446643853034e+02    9.998911184474770231e-01    1.013368325775784035e-02    -2.982063976031163084e-04    5.067463392943967259e-20    2.736668857011418418e-05    1.634067223151710414e-05    -1.168664142284180057e-06    1.513137263488118778e-01
2.900006865836526231e+02    9.979733634683629617e-01    5.820491963902703868e-03    -4.144269177374894841e-05    1.531315959509596652e-18    2.578778406930622819e-05    1.575175227770680167e-05    -1.114625312709899700e-07    1.182075738814944293e-01
2.900000220354896783e+02    1.000151622333776302e+00    -2.978783940895455770e-03    -4.214176521456884650e-04    1.156491246788762421e-32    2.606498646198311664e-05    1.602421806444972465e-05    -2.089667080699784150e-07    4.924500210135519076e-09
2.899999826579582418e+02    9.985778356043772952e-01    -3.329842766071090202e-03    -4.319308630192861411e-05    7.467669181063299466e-04    2.442318812533101393e-05    1.548011705063280480e-05    4.457137272293356584e-07    4.276179613903338065e-06
2.899998355387317019e+02    1.001664437938091901e+00    -2.622983794361460896e-03    -7.257478609778400232e-04    2.046060510135485819e-04    2.588159504226621833e-05    1.592351598632412929e-05    3.566667928953877156e-07    1.689818928980141160e-09
2.900001749799686763e+02    9.991737913543214944e-01    4.654764141550970201e-03    -1.508322172934850667e-04    1.287796029430815547e-03    2.434631539165439286e-05    1.472431389190988733e-05    -3.787152603344143286e-07    3.164741083829834822e-02
2.900004375278400062e+02    1.002623326136393933e+00    8.596024853236149555e-04    -1.306081235670814196e-04    2.433967786166733834e-30    2.429056654418318249e-05    1.582704145993846505e-05    1.672561816673482685e-07    8.892001967164682441e-02
2.899997288811775888e+02    1.003351777497354158e+00    4.747643312263928432e-03    2.750881076683941583e-04    1.394490156473415787e-03    2.501728857728410303e-05    1.520501509130021972e-05    8.477996655985441959e-07    1.760874937198867858e-12
2.900005084630267334e+02    1.000886112369564040e+00    -1.714501896742670790e-03    -3.345555834683295844e-04    7.008354682998178906e-04    2.476363492232412796e-05    1.512050227541887241e-05    -1.176194037600955826e-06    1.572228161489586569e-18
2.899999474263674983e+02    1.002282493437063549e+00    -9.102681653766183170e-03    -1.202129437284772150e-05    5.220606522347624099e-21    2.386847498930249416e-05    1.537073956347859364e-05    -3.655484014176564457e-07    4.146320968334244969e-11
2.899999167569372958e+02    9.983041336154412360e-01    3.287460078523493992e-03    6.445833709772953019e-05    1.132640892348172508e-25    2.288875708535897870e-05    1.463158218178871671e-05    5.282383450537270244e-08    3.059858144918420270e-13
2.900002250299949083e+02    1.000270500708630550e+00    2.836325761661830178e-03    -3.810997588035125688e-05    1.857016944314144637e-03    2.424023531274657802e-05    1.455122607592128422e-05    1.077293564332496952e-07    3.486792936492752112e-12
2.900010437677212281e+02    1.002466348002071905e+00    2.294025799545133977e-03    -1.542827241323436378e-05    1.866437419566801739e-27    2.554012493360739735e-05    1.604700385013227356e-05    1.214622890544803076e-07    1.730039973203343628e-01
2.900013597135355212e+02    9.975946269526391186e-01    -1.104019426918041377e-02    -1.760853169964744314e-04    2.634275485471802511e-05    2.461481705953731571e-05    1.456766873709096612e-05    -3.250773375732036312e-07    2.130495063903699582e-01
2.900001971858854404e+02    9.967521710890030473e-01    1.074433168987647732e-03    2.113573590378170985e-04    9.170762611288128084e-17    2.467505813853775650e-05    1.458091966435092045e-05    6.407412864675689749e-07    1.037319473737838326e-03
2.899995796331642737e+02    1.002497989498763786e+00    -5.384526815864943035e-03    -1.747400091196562536e-04    1.487988254458928522e-04    2.558864225064325191e-05    1.660931315950959824e-05    2.278791459139191903e-07    4.838000634375088702e-11
2.900009272042512407e+02    1.000232708329997333e+00    -8.680306425179099656e-04    -3.347866600894619477e-05    1.726494505559310422e-18    2.562033482095805678e-05    1.560264865407015467e-05    -8.104302041895540991e-07    1.336418375243483003e-01
2.900000829205797004e+02    1.002221748056522310e+00    -6.553457360956751847e-04    1.335046996254148403e-04    3.959212376234847244e-04    2.170679896291810123e-05    1.410136638180891235e-05    -4.590524492561500831e-07    2.009603918242099189e-11
2.900001297212610893e+02    9.970683751388101923e-01    -6.008555493498619199e-03    -5.992375534048660499e-05    5.321306286433827000e-04    2.386272528019825107e-05    1.556928672527779734e-05    4.471065015349449791e-07    3.165028563307308359e-18
2.900000446364087452e+02    9.991279569458658694e-01    3.248253782623520235e-03    1.844844638228143618e-04    1.274502157114459295e-29    2.598974913364044393e-05    1.652933597551198571e-05    6.113950301632765651e-07    4.732465631719755261e-02
2.900004017861177772e+02    1.000619261637406554e+00    5.680736626675247751e-03    -2.985426469121109589e-04    3.546888230727113082e-04    2.451317047325506039e-05    1.514141680104310620e-05    -5.916204947278414273e-07    1.869882575466539536e-11
2.900007077061814584e+02    9.998287161259298284e-01    4.651920734807024616e-03    4.775542087692154995e-05    2.115037271027910351e-03    2.776625828455905561e-05    1.655625580707231087e-05    7.603764008231443953e-07    1.333323521334853212e-01
2.900000739330082524e+02    1.001944530744739215e+00    -5.428710977082295934e-03    7.616625871200289992e-04    1.673662798606233466e-03    2.670840240890756299e-05    1.568063790657214145e-05    -6.823331676639738243e-07    1.590797596375551559e-04
2.900005262519325697e+02    9.981649048404135360e-01    -1.998303901604421215e-03    6.942344536971626105e-05    3.971239862173879596e-04    2.411308935047287659e-05    1.467626365309463620e-05    -5.116388374295136364e-07    7.399969092900987588e-02
2.900006265092548006e+02    9.989235838715874172e-01    -3.441659124359107338e-03    -1.353106730376972468e-04    2.226831571197328381e-22    2.401638558383910731e-05    1.534273591086220300e-05    -1.503641446341142401e-06    4.651266148910706416e-02
2.899998905536726284e+02    9.994939866133699669e-01    -2.843461939136128925e-03    6.325751074091799870e-04    3.552254952793665928e-04    2.314021947902477995e-05    1.484578018403503786e-05    1.481289476072885388e-08    1.085093936380574241e-11
2.900002232928743524e+02    1.000672053900478309e+00    -4.519450478121123799e-03    2.943499059126658025e-04    1.399618346799139362e-03    2.660574231262962186e-05    1.560628166443393960e-05    -1.958051068922404371e-06    3.652969188665974353e-13
2.900000535530585353e+02    1.000225472182490805e+00    2.406638827697539854e-03    -1.479982578159823911e-04    1.192153532204428007e-25    2.546562031316174524e-05    1.566037032767653332e-05    2.406674315774721717e-07    9.019381960364465656e-02
2.900000720029587455e+02    1.002875385682270748e+00    -1.105141021276737079e-02    -1.564277932574622654e-04    1.820452327363130862e-22    2.275798372382628062e-05    1.473546942302382908e-05    -1.318148180616985889e-07    1.895667469962034751e-02
2.899998188345918493e+02    1.001238403309207881e+00    -1.112719408854605414e-03    -1.559982102830788928e-04    3.017978510530949781e-26    2.377844987547757054e-05    1.499810776334454751e-05    2.680301778956440147e-07    2.217341986523886893e-10
2.900000471144807079e+02    1.001958298267408454e+00    6.927376549385494842e-04    -1.121660422247327941e-04    1.255708878783939192e-03    2.557704693766888623e-05    1.528947120825230704e-05    -1.682215760708686060e-07    3.349345490031423132e-10
2.899999607837368671e+02    9.976980343946805219e-01    1.575119802506890192e-03    -1.860675025712803200e-04    3.648934115450017221e-04    2.756853826527772155e-05    1.640104582936986825e-05    3.412962702421379083e-07    1.962647290268684150e-13
2.899998586907437357e+02    9.989951568675017324e-01    -3.559153775182927193e-03    -7.222289046718207437e-05    2.010918313266532934e-03    2.463138174878249967e-05    1.488658686137034948e-05    3.038755654118152935e-07    2.012108013526965390e-13
2.899996580102027224e+02    1.000038059515219180e+00    2.785735543083478916e-03    7.263003947902010003e-04    8.435630105247205565e-21    2.500525969417008063e-05    1.560488971542231659e-05    1.306473719375377437e-06    2.626644974155355194e-02
2.900000142047658187e+02    9.976214626290257348e-01    -2.580445997502374324e-03    -1.161142299266549113e-04    1.147545644291679502e-03    2.411063482965235179e-05    1.579102874042216011e-05    7.120778888895473005e-07    3.924107582656335969e-02
2.899999277529050232e+02    1.001245617554746614e+00    8.510501479050728083e-03    5.062614542229530735e-06    3.300730061945411090e-22    2.756811054196278124e-05    1.557250679358573425e-05    1.757983898539195156e-07    1.875174982752749652e-09
2.900009712339701764e+02    9.993994010297216901e-01    -6.154316847957389154e-03    2.201472712958004048e-04    3.279732704492434153e-22    2.539587928965974969e-05    1.601357383037390451e-05    -7.613119809085724998e-07    1.520928218286418110e-01
2.899998334230696173e+02    9.987900618694653954e-01    5.982267375945053180e-05    -6.391494811912814167e-05    1.453487798751864832e-03    2.437899640308200088e-05    1.471947556614200078e-05    5.713872554643552987e-07    2.231185987752196397e-12
2.900001791920331584e+02    1.003584893140629042e+00    -1.013043791077672742e-02    2.719616015954054162e-04    1.849043257848821185e-28    2.624848960130663037e-05    1.654272110490961887e-05    1.993074982155084280e-07    5.453494479443426618e-14
2.899998105082722759e+02    9.984888276388104167e-01    -7.393784413013414734e-03    -1.265624040670688521e-04    1.477574765520598754e-27    2.402601889262459992e-05    1.526697676648148519e-05    1.120293887190063605e-07    1.189180823334119537e-11
2.900003896905303122e+02    9.995381515487066215e-01    -1.108948613802488575e-02    5.446682394916026664e-05    2.023067436678169240e-03    2.814526860261085554e-05    1.608535996898155599e-05    -8.935595210388906956e-07    3.514127735479288800e-11
2.899997283370245214e+02    1.000287932420337755e+00    1.610902094104253463e-03    -1.179171068925701697e-04    7.989858976748747765e-05    2.587446964952904460e-05    1.571152016128310469e-05    5.274928607805604144e-07    1.621045024909160276e-02
2.900009036113185630e+02    1.002955915629953676e+00    9.179310761560146095e-03    -2.846260689042339441e-04    1.228964204029610972e-18    2.449472312983844553e-05    1.547484660187307964e-05    -1.048909985543964280e-06    1.114852298099716227e-01
2.899998084527301785e+02    9.992795716076379176e-01    -1.095575209862415531e-03    2.232657333493857455e-04    1.809385995385629550e-03    2.322017510882716914e-05    1.398243002520466531e-05    2.794222194499127195e-07    1.199617812499279490e-13
2.900005536905501344e+02    1.002175394029323208e+00    -9.331058800528660435e-03    -6.484305819706283423e-04    4.933446664486042069e-21    2.981805738038321887e-05    1.730341112523530302e-05    5.261164198410872877e-07    1.160835781662526434e-01
2.900003437262271859e+02    1.002981460071334263e+00    -8.308207000329522612e-03    -9.733808223500259942e-06    7.381253636907188827e-04    2.343874430526943762e-05    1.487268663068917472e-05    -1.440547997032867054e-07    4.265166274487982440e-02
2.900002096349211342e+02    9.984816727014735882e-01    -2.004049088181718806e-03    7.486672059603916246e-05    1.556404243532406459e-30    2.445048287576713039e-05    1.517537987744644922e-05    -3.968976136944232699e-07    1.040652591120964848e-13
2.900003204689285212e+02    9.978391887102054936e-01    1.825648505471417788e-03    -1.723502963705712745e-04    9.086748218846615053e-04    2.196573361179223889e-05    1.450859139867804968e-05    -6.378088618602626648e-07    2.849068962727689322e-02
2.899999939981307762e+02    1.001675753899047505e+00    4.680148519673541473e-03    -2.388684356550091286e-04    1.111158818956287334e-23    2.552213621795011809e-05    1.570087205738317278e-05    -7.074356563858778554e-08    4.387977697990269235e-11
2.900002430712737578e+02    9.989852526707873048e-01    -2.216872026732656393e-03    2.034695664942274900e-04    2.776956432362527100e-17    2.580247677606938079e-05    1.548122246203353198e-05    -1.925490659250242570e-07    4.134482468995445865e-03
2.900009253645903868e+02    1.002116516686990755e+00    2.623295278606955962e-03    9.265577551755616503e-05    1.824643599040007410e-03    2.468943885143990561e-05    1.526453342249850899e-05    -1.262837629232116276e-07    1.656230911041194909e-01
2.899996034411037158e+02    9.984537173564386192e-01    1.083548840770229976e-02    -1.004243124423595139e-04    3.668352899571565566e-28    2.647179270982003471e-05    1.590519071872147661e-05    2.168841405078219574e-07    1.991116419781592702e-09
2.899997432536273436e+02    9.986062682871211793e-01    -5.526505426664216243e-03    1.491105795376954080e-04    8.504212485278369144e-25    2.499603056235141931e-05    1.461589159173581476e-05    -2.093228656334981790e-07    4.360504619101882747e-10
2.899998711418187440e+02    1.001572406006741023e+00    8.316654058935694580e-03    9.460298820840629965e-05    9.419671875570507710e-04    2.618610366089925765e-05    1.546643082734554028e-05    3.474760486556667072e-07    3.112944787839205967e-11
2.899996423718113761e+02    9.993835266675317186e-01    8.706999264662956470e-03    -3.471159688652178713e-04    8.209426778316313337e-05    2.447136397512015109e-05    1.469008159950339086e-05    4.277325234889065961e-07    7.602521925563464389e-17
2.900001700572490222e+02    1.000518039220831934e+00    -2.865722975590622411e-03    -2.116998941721078987e-05    5.072028307122113539e-05    2.741026971972574790e-05    1.651311264102042528e-05    -1.202742077475957976e-06    1.492211958631965533e-02
2.900000069457814220e+02    1.002279472848037756e+00    3.964299643153690149e-03    -2.752110799468429061e-04    2.037747082358226236e-31    2.706824166335257019e-05    1.665949999537747557e-05    3.508793838560006583e-07    1.713068977175925323e-11
2.899998013810269981e+02    1.000611074280091550e+00    6.490059772679302060e-05    1.419717850046636081e-04    8.813684668289279451e-23    2.448819868959003238e-05    1.471084601889343987e-05    3.088819459624941375e-07    2.898029587124404532e-02
2.900005950598416575e+02    1.001032492484981606e+00    -2.822907552044737981e-03    3.083847188739614778e-04    1.843705507164358423e-03    2.588726988720941791e-05    1.500286793774299614e-05    -4.470257942319685382e-07    9.352188577369094369e-02
2.900004960668302374e+02    1.000379574593435184e+00    3.469526132254640953e-03    -6.068126164938326310e-04    9.227840982144533557e-21    2.582620050235658952e-05    1.570392340073695580e-05    2.575677657123663968e-07    9.220248813724216119e-02
2.899999943393668218e+02    1.003084768740065469e+00    8.174026943334439244e-03    -1.535194104695774815e-04    5.902860895000024404e-04    2.480708223425074184e-05    1.446984065322026151e-05    -3.652757024566145762e-07    1.243748744155680685e-09
2.900004358783252201e+02    1.000300895436583737e+00    3.567870182609639111e-03    -1.001029931301435777e-04    5.257334065391419207e-24    2.705981121585066440e-05    1.554275320163110184e-05    1.182615539044358323e-06    1.007604614766212381e-01
2.900007998468710753e+02    9.946354154685485005e-01    -3.172414609919276354e-04    -2.446334209293294379e-04    2.567798325368142984e-22    2.637214490200436723e-05    1.555582065514603808e-05    -5.729125901167951344e-07    1.185767366639545323e-01
2.899998210993994121e+02    1.002910954266953203e+00    -1.197423896179769000e-02    4.158476516498313229e-04    2.708594253500041110e-23    2.581011564972891413e-05    1.602854709832741243e-05    -6.781426598718425887e-08    1.345116819085638173e-09
2.900007009137678438e+02    9.977598729947314560e-01    1.500551848763632436e-03    -6.058903704790603948e-04    7.923268735101887585e-04    2.707044676969920174e-05    1.519178167671093761e-05    1.523935983340649294e-07    1.193132635534564640e-01
2.900005550240177286e+02    9.966745810339966427e-01    4.418541317086788905e-03    -2.870453116766866707e-04    1.298019619515530321e-03    2.315673123209427089e-05    1.464794072066281290e-05    2.632761538429748987e-07    1.035659411949763353e-01
2.900001259400707454e+02    9.972754910985831556e-01    -6.348844902365431480e-04    2.709220749532079663e-04    7.662872089981417542e-04    2.787991176141218092e-05    1.596350438532818106e-05    -2.521828390470471288e-08    2.594350609018893777e-02
2.900003898315733295e+02    1.000076260767615244e+00    -6.281954635298876190e-03    1.338710614177438083e-04    1.321402075383818061e-20    2.414556047013796862e-05    1.421531334329037633e-05    8.587950407072138749e-08    6.231489331531211290e-02
2.900001702638328425e+02    9.974441988217357391e-01    -3.002926124457088244e-03    -2.937137664256067615e-04    9.767568960550769910e-04    2.589892665156081429e-05    1.536413379599900662e-05    2.972816328543322701e-07    5.289075585404148100e-02
2.900004124616070271e+02    1.000133624219583961e+00    -1.415460911841574364e-04    -2.592193006990516362e-04    2.685167086895332532e-03    2.516663546575219232e-05    1.531795832541117609e-05    2.049687748776523558e-07    9.981257837294471580e-02
2.899997323383303751e+02    1.004003295705945265e+00    -8.023793961765788088e-03    3.423424362725535478e-04    1.872524699628643353e-04    2.555409622455672735e-05    1.592348910571485246e-05    -3.611465358043267688e-07    1.566570286616575380e-02
2.900000354205873805e+02    1.000887652981254483e+00    9.721863524736692325e-03    3.898514628683559806e-04    1.072883979003068960e-27    2.460729304593254509e-05    1.556477225105665281e-05    -7.700065144428071244e-08    3.294844318974364262e-09
2.900002406977667988e+02    1.000419771764399224e+00    3.112026253929027486e-03    2.398619833192111358e-06    1.276761142404264449e-22    2.750505420613750859e-05    1.677796315374478398e-05    1.578727076657226294e-07    6.397042383366871587e-02
2.900001856298513871e+02    1.000973496237335558e+00    2.366742253648041177e-03    4.763568779842802131e-04    1.379632057844822242e-03    2.700622250668920614e-05    1.591991939725599092e-05    3.267742102819119200e-07    1.266411006392908351e-02
2.900001218111539174e+02    9.995336822693117185e-01    -7.174725859720190724e-03    3.318606201024999584e-04    1.571106490752467483e-04    2.605160979337166959e-05    1.598929586669735502e-05    -2.860152136850448996e-07    6.393954310572720623e-02
2.899998636101595935e+02    1.004744304809296995e+00    -8.573288367011280831e-03    -9.309066212198955194e-04    4.937847925549715628e-04    2.563465191859512179e-05    1.583349684967257551e-05    -1.044796101842020289e-06    5.938037583280078927e-03
2.899998780884310463e+02    1.001875494553699841e+00    3.624094053632804808e-03    -4.915573807688360542e-04    4.512116249624418075e-27    2.507498090406977246e-05    1.503975993997778861e-05    -7.169114128961763881e-07    1.080945891703722409e-08
2.900004788556929043e+02    1.000659285527662146e+00    1.108814038804986288e-02    -1.440297186475524092e-04    1.053967745503667968e-03    2.922826870479187177e-05    1.588163485471179241e-05    7.868944542320815592e-07    8.081112675746117413e-02
