# f_r [MHz] A m phi D delta_r delta_ere delta_eim a
2.900002944273376215e+02    9.998900068795293361e-01    -1.634601783208671378e-03    -1.517155983379411713e-04    1.268261049188668818e-17    2.943462465899669147e-05    1.904913809059831630e-05    -2.695434989240099253e-07    3.324788444471496578e-09
2.900002429466325111e+02    9.986112049731922236e-01    -1.871837260265695390e-03    -1.995108414147075948e-04    5.201805290665421737e-04    2.941367593556500800e-05    1.884347467188210795e-05    3.974559374503960240e-08    5.532841787586040283e-02
2.899993481560840110e+02    9.999703229618933653e-01    -8.956997606339714077e-03    8.843500883100286706e-04    1.203054735667207246e-34    2.871318277695952655e-05    1.897631879210448606e-05    1.395231154268536269e-06    4.500578627951210191e-12
2.899999635679217249e+02    1.000952096106193512e+00    -1.151974567386735045e-02    1.745299407118799028e-05    9.115519872419692577e-24    2.832740285863335960e-05    1.885828447230820218e-05    -1.950665169500279716e-07    6.073553366270517965e-09
2.900003982364179365e+02    1.002000553656507531e+00    1.797889744328396659e-03    -3.238963082166995081e-04    1.103950395565028772e-17    2.992621763548610755e-05    1.883705004824315403e-05    -2.941674740167404301e-07    5.889329626297552800e-02
2.900001136138602078e+02    1.004258528375408632e+00    1.806660177498904977e-03    -1.440868610520083695e-04    8.111839615171759265e-04    2.831688198062073386e-05    1.872337682097161915e-05    2.277645687184097200e-07    1.559271339742663188e-14
2.900006203188050335e+02    9.996877659325620336e-01    3.672701359777215402e-03    -5.312170301876334867e-04    7.969271924499085570e-04    2.633943867232940123e-05    1.773158053122983178e-05    -1.460210155666638544e-06    6.601578071909602885e-02
2.899995789601709930e+02    9.954368045661206033e-01    -1.607478705488554586e-03    -3.399030676687828643e-04    6.193216460993188076e-25    2.679538041102839542e-05    1.768847581117385495e-05    1.291465272893314468e-06    7.687408875148729227e-09
2.900003018717388272e+02    1.000367773909138336e+00    -8.007927581307217393e-03    3.700495929630248258e-04    1.767369237431148932e-03    2.618181695501379941e-05    1.785193035117357802e-05    -4.664372180164062934e-07    1.018389095311488662e-02
2.899997058560298342e+02    9.969165452648515169e-01    1.124855709925751124e-03    3.349985174178164173e-04    1.098673259838178632e-03    2.641767206875116685e-05    1.817385630789537034e-05    4.765246531056560566e-07    1.615086624081208941e-12
2.900005834727014644e+02    1.001752719137592784e+00    -5.767538896351177965e-04    -1.831057416244391090e-04    3.184924002385037487e-21    2.964511924804138823e-05    1.911884899838893115e-05    -2.573702137277162462e-07    8.114850487280839131e-02
2.900000958594608846e+02    9.977664990380575860e-01    6.777259280351428808e-04    -2.221496950583595721e-04    1.674092405957774233e-25    2.915277006962300920e-05    1.840679981830560660e-05    -1.485623708566433790e-07    3.111742758427423508e-10
2.900001354297010039e+02    1.003382944265121646e+00    -2.422376806468591517e-03    -1.659659405910088217e-04    6.029934878973007041e-04    3.016809897105374066e-05    1.835646335837929605e-05    4.200137814717859873e-07    9.728953587707948880e-02
2.900000470579399234e+02    9.993253308124336876e-01    -5.557509574424138871e-03    -3.586394875027079134e-04    2.968752335443711432e-26    2.837462004115329808e-05    1.866206361453199932e-05    -3.161004470428050864e-07    1.097435522892618534e-09
2.900004534232161859e+02    1.000234398683810477e+00    4.947959881924739872e-03    5.813861250673742426e-04    8.331840438085679465e-33    2.878280884986261684e-05    1.871580644341617883e-05    -5.007379679831787826e-07    8.015911175015717760e-02
2.900006352671506420e+02    1.002058710087636362e+00    1.446733721585859167e-02    -4.929292947394877766e-05    2.044307007069461384e-24    2.851080636727059374e-05    1.883374264915658485e-05    1.628543616552588609e-07    8.492653690122707599e-02
2.900001569102907979e+02    9.985189834939209863e-01    -7.259047942506017918e-03    -1.505889320552771719e-04    2.646851482498596134e-18    2.852847161571226466e-05    1.900711935642959564e-05    -5.615578938865708444e-07    3.864326901202432690e-02
2.900000071442536864e+02    9.987201256718405418e-01    1.530405402415044303e-03    -4.762066962172271673e-04    6.446934391392226782e-21    3.096499606652928962e-05    1.999327188499343131e-05    -1.755745464531998728e-08    4.783210341035705331e-10
2.900001672330921565e+02    9.975032172666946639e-01    -8.879401322741797137e-03    -1.779229402625722106e-04    2.102908517318503908e-21    2.851654929019392938e-05    1.949638284311737752e-05    -6.881345838671060500e-07    8.944072989787121256e-08
2.900002006257018365e+02    9.988125861850665199e-01    -1.778444825862874950e-03    -6.493316245530991596e-05    1.712281201971431075e-03    2.828312877017815841e-05    1.855874997837417056e-05    2.896758116499912547e-07    4.991253391877706336e-02
2.899999850504001415e+02    1.000394639858724677e+00    4.629459012282505573e-03    5.749782265298552814e-04    1.526233665277536289e-04    2.893241003576195298e-05    1.908623456487835784e-05    3.429422166527961865e-07    2.862137064769601929e-12
2.900009797997283272e+02    9.981150876750953804e-01    -3.524779415607735746e-03    -5.940157868686206464e-04    4.331577981360583432e-30    2.865915692107365702e-05    1.881043077662155889e-05    -7.411945110597613379e-07    1.316215610781991951e-01
2.900006652579360207e+02    9.992475042464388224e-01    9.388800245806325695e-04    -1.598751881005543076e-04    4.551300559356226036e-04    2.889736488785998988e-05    1.854401936079787768e-05    -5.646313583526510473e-07    9.499985817017581047e-02
2.900006786169788597e+02    1.001150852610318776e+00    8.794746796205541589e-03    2.679162060571007318e-04    2.136957162025366822e-17    3.052139531962402884e-05    1.924023909223846176e-05    6.375135964055650832e-08    1.081945757210532738e-01
2.900001193850100663e+02    1.002179028339239553e+00    -4.660424124110250539e-03    3.095939746966709649e-04    1.317873185836826401e-03    2.801477148351499757e-05    1.831691873131105865e-05    -8.319658957607763956e-07    1.657240104079050927e-10
2.899998444129365112e+02    1.000165714584918319e+00    6.151071582830134775e-04    -1.313099081681118655e-04    3.413532572778609311e-04    2.894207892497511158e-05    1.965644410067629721e-05    9.529912154065286183e-07    2.646181350532624980e-11
2.900001141219653960e+02    9.981568702708979446e-01    4.033180192216755458e-03    -3.046514464435277295e-04    2.107751755783320070e-24    2.794745642691955315e-05    1.788779702832005551e-05    -8.334294568681444537e-07    1.143322154331523006e-11
2.900000318710690976e+02    9.984868460958300496e-01    -9.866309695473500160e-04    -2.727945501841973317e-04    1.368134103127786058e-03    3.095542553863390951e-05    1.904037343663495161e-05    -3.029082307524672662e-07    3.412037722023854030e-10
2.899997116793053351e+02    1.000681048948650620e+00    -1.011494592374152617e-02    5.180086808145264635e-06    3.279344263148588467e-22    2.548270542898142466e-05    1.764412539705202126e-05    1.187771163891323861e-06    4.397027492173921898e-09
2.900003389883076466e+02    1.000892810456587734e+00    -7.888741232450311933e-03    2.066261565503140364e-04    6.704665707133514717e-25    2.922670969173812711e-05    1.863916980980257753e-05    -1.026009361130809599e-06    1.759413039568057579e-08
2.899998807299577379e+02    9.970382952098307827e-01    -7.603647586650273118e-04    5.681064508214534901e-04    7.247678966085079153e-18    2.715136222430011644e-05    1.752791142181760211e-05    1.140140564272186069e-06    2.728577171873063437e-02
2.899998740974135103e+02    1.001595512591582970e+00    -4.262492358135758783e-04    3.869211047806928884e-04    7.385059352113624307e-04    2.678872439535262017e-05    1.755619623895933326e-05    3.356282485644197616e-07    8.410602843738750620e-13
2.900001945437107338e+02    9.989503046325916014e-01    -4.128892975735175275e-03    2.712086114547531995e-04    1.738055859299151760e-04    2.866581691340323670e-05    1.799386782762196112e-05    -1.222935051023042696e-07    1.290659015856723393e-11
2.899997812079670894e+02    9.991930163700206702e-01    4.402123948820542399e-04    -6.062894137257065618e-04    1.645186072036717326e-21    3.098430198374707719e-05    1.905455849994849561e-05    4.156544791077282853e-07    1.664190266109024860e-03
2.900003133650292284e+02    1.002114414172071255e+00    1.978393782763515629e-03    8.372445129833112204e-04    2.522381610626788255e-04    3.075129510295541594e-05    1.953887251329084989e-05    5.300886857023658063e-07    5.059881506801160861e-02
2.899997319322091016e+02    1.001859992888381568e+00    -3.801222862686566648e-03    -2.296483731995574331e-04    5.201596156877863085e-04    2.794219666395722534e-05    1.782086065306836341e-05    -4.602025123670503571e-07    3.119591666213398945e-12
2.900001087062399279e+02    1.001307916997556724e+00    5.998760849568850716e-03    -4.231651488030015824e-04    1.719773237316265125e-03    2.759865716400948483e-05    1.820510184267011666e-05    4.310079650218529431e-07    3.960606443727458955e-11
2.900003245292943461e+02    1.002139308977982202e+00    2.537647286901300540e-03    -1.597070099339484197e-04    9.657290598537491170e-24    2.661393804232438650e-05    1.752677334583070028e-05    -5.122618458207822630e-07    8.709255008547648350e-10
2.899998047629810003e+02    1.001104018555653230e+00    3.044381562795627025e-03    5.847693941202125649e-05    1.879690830654620875e-03    2.737958343978400368e-05    1.831596895977920361e-05    1.357635882293509903e-06    3.088755105083880253e-11
2.899997101538184552e+02    1.000475456470810931e+00    -5.056578473245903343e-03    1.597348661875278172e-04    4.382646253504692316e-25    3.037673168287128900e-05    1.927731915098517584e-05    1.039099542910442006e-06    1.020510817892514775e-09
2.899997338105118843e+02    1.001512912577080749e+00    -8.549147484025274718e-03    4.123006114965340114e-04    6.586778527142315403e-29    3.137653029878920748e-05    1.932912669557305347e-05    1.195703695617414389e-06    2.010109361170429385e-12
2.900000431413514548e+02    1.001560036549073107e+00    5.017591543926140304e-03    -4.881949279962993473e-05    1.567414887239334539e-33    2.973523021394244839e-05    1.905534469624681931e-05    6.505175635483529091e-08    8.385236358944515508e-04
2.900002493379306543e+02    1.000756200569052456e+00    1.030595764232612038e-02    3.704058461346781397e-04    7.443742572822222318e-04    2.672343885322978229e-05    1.691137283441500455e-05    1.385251139656086835e-07    3.801220255930044117e-02
2.899999922594199120e+02    1.000549378115475507e+00    1.884203560544803213e-04    4.411618691643079903e-04    3.159933415482497334e-04    2.776966315605817172e-05    1.786009585585329951e-05    -6.574141198858894402e-07    2.880688934451026509e-11
2.900002177017661893e+02    1.003403342505752027e+00    6.602687784790266723e-04    1.528880299381499990e-04    2.639602344510357749e-04    3.091134685860516133e-05    1.957024082620440421e-05    4.560492704548731135e-07    8.825741715764746920e-02
2.899998984317866189e+02    9.979684089216774856e-01    4.270553083810297960e-03    1.576131549222241346e-04    4.291483060281202419e-26    2.414857440340631908e-05    1.663882425376644924e-05    7.145699252056229305e-07    7.349529083462717413e-10
2.900001753949716203e+02    9.922660421865838742e-01    -6.194627047792008491e-03    -3.757639289307003060e-04    8.485727195712875577e-04    2.565531823180037201e-05    1.818629512341501315e-05    3.656722488425178050e-07    2.297647656137782195e-12
2.899999343498017197e+02    9.983905988037494739e-01    -1.870212153463688537e-04    7.336384692549395104e-05    3.221608688628833915e-21    2.701407916287454781e-05    1.773759376381761014e-05    1.097583053131743398e-06    4.393904595982786598e-02
2.900001535283290650e+02    1.000097257143927720e+00    -7.014521643347482183e-03    3.616344154580189487e-06    2.269279266065246756e-19    2.872359068909475011e-05    1.806710140499131548e-05    -4.029086581097281437e-07    9.690816584874792388e-09
2.899997532735753794e+02    1.000454751877138282e+00    1.427418849412413933e-02    -3.699737621121332380e-05    1.089824751096575941e-14    2.847370344858276675e-05    1.865746387144931668e-05    7.359227721500810414e-07    9.851641451054720874e-03
2.900002032620269574e+02    9.991212674668146221e-01    -9.007495371169810944e-03    -1.296338506307587396e-04    6.105936855074006134e-04    2.755469422964459031e-05    1.797209542573418876e-05    -1.106966304958333274e-08    3.252039592667660406e-02
2.900001031429230807e+02    1.001137636750669690e+00    7.829363591997061389e-03    -4.123310800846871930e-04    3.145832965549891064e-23    2.855186125215274695e-05    1.784611920733445860e-05    -2.399987866284534170e-07    6.238623409231331871e-12
2.900003960126693983e+02    9.993013128679658630e-01    -2.783432675174420026e-03    9.999435660376831939e-06    1.980374093922363470e-15    2.918093245783749101e-05    1.967852284053703624e-05    -1.680599468852753467e-07    8.297691375576467243e-02
2.899998967580609133e+02    1.001306654238585336e+00    -7.451285129929911648e-03    -2.424981502834075799e-04    8.926592767580048254e-04    2.927819386409117894e-05    1.929498207148478808e-05    -4.952952942617634855e-07    2.629667242145717135e-02
2.900002713732090456e+02    1.000120955064623729e+00    -7.098198835716734538e-03    -1.572406792703429145e-04    5.519422889974535455e-21    2.933313824090033018e-05    1.870551241915091855e-05    -1.983106981512212134e-07    1.839989253736324514e-09
2.900003707530202632e+02    1.001324011669664671e+00    6.534387448092701407e-04    4.299819982662297316e-04    1.364833548688068734e-21    2.976606594233359698e-05    1.893617507771375334e-05    -2.668211971247292054e-07    5.927584599368772300e-02
2.900004246366855227e+02    1.000387296789057023e+00    8.835519819294996441e-03    2.069696141917058663e-04    3.861026039239320059e-04    2.915136462371224819e-05    1.883561983075349749e-05    -1.124778578543941339e-07    4.851103973266405328e-02
2.900000946436557001e+02    1.001300961961685720e+00    2.873979914263798813e-03    -8.603276231358618982e-05    1.178792059013118436e-18    3.158976811174389946e-05    1.976878307802925754e-05    5.890619319160971273e-07    5.126380192995203672e-02
2.900001136966385502e+02    1.000899408813457736e+00    3.539777990645475835e-03    -1.042281303413468250e-04    9.006208544922917909e-04    2.803567295981796933e-05    1.850968497284613860e-05    -7.298879009522378658e-07    3.855187906764745305e-07
2.899998426409862304e+02    9.972008829996812374e-01    2.095327488582035633e-03    -2.111465778643459746e-04    1.381183445272010256e-03    2.785309735729789537e-05    1.908882342881076718e-05    5.148307460080866942e-07    2.402014622504386876e-10
2.900005363983694906e+02    9.935843911223023461e-01    -1.210589181210271377e-03    3.725763876191087449e-04    1.557771327283107845e-03    3.039252348048420682e-05    1.966434237647121577e-05    -7.174908983763899191e-07    7.076128974165296626e-02
2.900001754174357984e+02    1.000353661555238860e+00    -1.511169723745271537e-03    4.728614303426684537e-05    7.099112978470881315e-33    3.134443583030965732e-05    1.882598766981237394e-05    -5.588771435751353165e-07    4.584446186515655535e-11
2.899999187233092357e+02    1.003028610783632368e+00    6.070759792140769003e-03    4.953131184512234858e-04    1.783219308244023217e-34    2.857457823731475460e-05    1.773626876070982472e-05    5.282920234342009016e-07    7.438185730617003261e-10
2.900003328454272378e+02    9.987392709991832485e-01    -6.624031898968828040e-03    -8.625583900594660676e-05    6.381492093325894215e-04    2.884217294022042196e-05    1.899086710381035678e-05    4.665563038717518564e-07    6.032818236634888975e-02
2.900003088151928523e+02    9.985876671205501376e-01    -9.052283813322030762e-03    -1.051949574135123258e-07    1.885358122823504092e-20    2.933413596704351610e-05    1.901643417452371140e-05    -1.013268554092199499e-06    5.564830655340658852e-10
2.900004664354221973e+02    1.002135139904592132e+00    -8.242789390307798600e-03    -5.033661889590403549e-04    5.470343287568304146e-04    2.632090917580785661e-05    1.793826671324920356e-05    -2.570547675858967823e-08    4.507260445856987874e-02
2.899999813108037756e+02    9.991095400252941738e-01    -9.685284424196629813e-03    -1.607426364004829169e-04    6.628943739637101083e-26    2.602921415871466506e-05    1.662933611366387837e-05    4.221185884074329298e-08    7.313682941506105007e-11
2.899999444686527568e+02    9.990800978899510021e-01    6.228878274638085036e-03    1.883931174261692626e-04    1.166897928857201297e-03    2.878441687937436484e-05    1.901191199384731482e-05    -6.203434925818355304e-07    5.843769878618241788e-10
2.899998341714855314e+02    1.005571290753602520e+00    -1.187132163819160091e-03    1.520939563151326964e-04    6.470715275466737025e-04    2.751889418055007222e-05    1.870963936372024158e-05    6.389279751167139180e-07    2.986231390183068846e-11
2.900003490608343668e+02    9.972107180564296902e-01    3.529190258037672150e-03    6.973016214703872749e-05    2.038758402117759119e-03    2.924867832347848747e-05    1.881513522640527070e-05    -2.195293613524969093e-07    9.546331513281584857e-02
2.900003894080371083e+02    1.000155496583666981e+00    4.275344999608280305e-04    2.671841850856402365e-04    4.585978750792801839e-04    2.844678561320891169e-05    1.804520694119443654e-05    -1.435389098308304853e-06    1.572387287257999160e-16
2.900003263167478167e+02    9.987628221578448429e-01    -4.392000278844366938e-03    5.937932392147743030e-04    2.679513555500551490e-21    2.944748957932021753e-05    1.838990176139891337e-05    -9.671313000886670476e-07    5.665323814359179221e-09
2.900008115723819628e+02    9.977548145366209598e-01    -2.597752405784497631e-03    3.970255340929137360e-04    5.211373212937502530e-04    2.802295832722909632e-05    1.768102162165577563e-05    1.091916342172691454e-06    1.778988187303472412e-01
2.900001809995487179e+02    1.000988632531635947e+00    -9.566247023804038546e-03    -2.290824030798723767e-04    2.916205940436928018e-17    2.842064407905611992e-05    1.992867132828518462e-05    -9.165830031897254344e-07    3.801597749123829945e-02
2.900003519427339711e+02    1.000245756678676656e+00    -7.705356457744791734e-03    1.386519749110746915e-04    7.008108910290957538e-15    2.938030679776721082e-05    1.977611763818160396e-05    6.319029036279979391e-07    1.073953847640971015e-01
2.900000978499512598e+02    1.001510012188619569e+00    -8.534283337633693069e-04    -4.264362950995337928e-05    2.901440309279653298e-21    2.930055908793794396e-05    1.910815624457694924e-05    -9.274247036644693580e-08    4.910320916763025179e-02
2.900001193099276406e+02    1.002256251298310863e+00    3.760365145424870818e-03    -1.908842445611711163e-04    4.537321391264703121e-04    2.807114671558890283e-05    1.843162523915799751e-05    -6.462767012038800211e-07    1.523000711830295792e-09
2.899998101780947195e+02    9.983739883930592418e-01    6.054635844554800278e-03    4.720704835363126320e-05    1.032108638288763537e-03    2.845009038289274963e-05    1.930617439911069694e-05    4.792357918129230631e-07    2.617158906824387859e-11
2.900003384676716678e+02    1.001849913567530947e+00    -6.195877721174257273e-03    -4.223905461443058589e-04    4.318699831975049191e-05    2.809253251471318391e-05    1.944604202039792358e-05    -2.264837713208374141e-07    3.889508457379450140e-02
2.899997422197938590e+02    9.997424033014702394e-01    -2.851481666327834600e-04    -3.850169265812329795e-06    5.878521529985665389e-28    3.018926273259927228e-05    1.905888425833847017e-05    6.762209124566443846e-07    4.466144079957529263e-10
2.900000891856763019e+02    1.001492893579531085e+00    9.224528498528164130e-04    3.110888552147391957e-04    1.524971404396722021e-03    2.950806909459519769e-05    1.896865243183780547e-05    4.469415423193164251e-08    3.410645126890657353e-02
2.900004572335694775e+02    9.993275451741451265e-01    -6.668923834546191046e-03    -3.521189110276292094e-04    1.331926357365624926e-03    2.969036403709032361e-05    1.928123367976948796e-05    -6.758115347515276205e-07    3.732236011812530008e-04
2.900002609083263110e+02    1.001864267173880663e+00    2.194430608983918667e-03    5.782787749261802945e-04    2.529927901496543171e-04    2.902911761344694865e-05    1.855571710376948365e-05    -1.668708258155423133e-07    5.016932163843087815e-20
2.900007355456875757e+02    9.995135478111508709e-01    7.765247145532408468e-03    1.856293628709316070e-04    4.397579465485246036e-04    2.993835843263427810e-05    1.865129955763770276e-05    -4.119712388136970590e-07    8.434330146476143319e-02
2.900004955522775276e+02    1.001462308245343102e+00    2.490904714809521851e-03    2.982352301190684335e-05    8.733773392933384845e-04    2.984370531126052587e-05    1.928195139687942399e-05    4.081886666232932533e-07    6.492769821156862964e-02
2.900000565582848253e+02    1.001276624409548566e+00    7.639363774620218372e-03    8.911539581930363332e-05    1.662358184792256933e-24    2.945105832112353115e-05    1.883605806297970761e-05    -3.355429596893924255e-07    1.178640007620263642e-10
2.899999566144427376e+02    9.998848844043392026e-01    1.530884235471122526e-02    -1.408487804191148069e-04    8.381663737362863751e-19    2.818604422794698583e-05    1.894164988323893259e-05    3.712782200919636129e-07    8.050316874051767095e-09
2.900001120552249745e+02    1.003162308583832818e+00    -3.000080260615039553e-03    -7.859706450963967964e-07    9.165962787443498582e-04    3.092547750298977802e-05    1.885362269444749232e-05    -4.134729338415788040e-07    7.993006118154272993e-11
2.900000158851458991e+02    9.998559633036502303e-01    -2.653190572622206745e-03    2.210311286341991365e-04    1.040306972105079549e-03    2.896827408367600029e-05    1.788121890476077362e-05    -7.133064451001393001e-07    6.400511847554195288e-11
2.900002378479808840e+02    1.003908040573377569e+00    7.037098693786939668e-03    3.732087337415220581e-04    3.916655696500013698e-17    2.892644032132884422e-05    1.784250990852182206e-05    -3.678774720095417310e-08    2.878128239852357009e-02
2.900014636384246955e+02    1.000230363526959376e+00    2.879630371347763514e-03    1.821607415017245549e-04    3.216309732714790918e-25    2.981965879624826722e-05    1.903891459728612631e-05    -5.619337598812453826e-07    1.723703113270991516e-01
2.900002459645835984e+02    1.001442369471984728e+00    -3.449468848483997277e-03    7.940502562025979150e-07    4.796714445860721353e-24    2.949138534255170370e-05    1.904538985756788790e-05    -1.602302178777564659e-07    5.383317687410054536e-02
2.900003747883324650e+02    9.996013340986346085e-01    2.470908673094720110e-03    1.262991610327361550e-04    9.739608233728197463e-04    3.014945811770446241e-05    1.878154624993675834e-05    1.344273408646423974e-07    2.931221767674136586e-02
2.899999363282698823e+02    9.994386079826947933e-01    -1.515991797943548429e-02    6.471190071632626408e-04    4.857109612290176877e-20    2.755709009335522818e-05    1.807143654777027060e-05    -4.753913362897075551e-07    3.804224911851446182e-10
2.900000211529850276e+02    9.992193201943401215e-01    -7.588898831633136659e-03    3.349218050129881960e-04    1.296460879490821463e-03    3.070163770209926620e-05    1.900790747031308280e-05    -2.746053264587594310e-07    7.684695222234113041e-12
2.900003430419147321e+02    1.000809061448338921e+00    -3.082910191719810504e-03    1.830278066890211322e-04    1.916475616074786242e-04    2.873867153619123960e-05    1.847253555062820300e-05    4.299824646312602847e-07    6.404628605668698238e-02
2.900003439958110789e+02    9.987339260674713559e-01    5.472975160221202340e-03    6.271104076914376345e-04    9.052781647180289590e-04    2.792516450621647080e-05    1.832053582555184367e-05    4.957232380681347888e-07    8.326718573099763099e-02
2.900000598105204404e+02    9.993875000786894836e-01    -6.292954997173333398e-03    4.302384731692373491e-04    9.270093019524997208e-05    2.797066588390747355e-05    1.861024523175085362e-05    -5.690736063842156844e-07    3.198863260056390018e-02
2.900001052719849781e+02    9.978027804894383790e-01    -7.883106625251823374e-03    1.141102177294588013e-04    1.147701664244997867e-03    2.835480723849283021e-05    1.863980672844556356e-05    -6.269554790553135364e-07    3.924583830566626586e-09
2.899999056680645140e+02    1.001294534130825253e+00    -3.389021420102500404e-03    4.274240453419681689e-04    8.522064325844308334e-04    2.853312536530550449e-05    1.860160685544531053e-05    4.786698980490877146e-07    9.897205143119611850e-13
2.900011583397112531e+02    9.972878668245904743e-01    -4.983313896496453961e-03    6.938878915974054087e-04    5.082167693331591251e-26    2.714565469480083933e-05    1.784166438239061217e-05    -1.416630028963591665e-06    1.374762036806323751e-01
