# f_r [MHz] A m phi D delta_r delta_ere delta_eim a
2.900000692018053883e+02    1.002450434496928056e+00    3.941043389556585751e-03    2.820309828834187600e-04    4.031489265264012111e-37    5.323787047732642889e-05    4.209530105786799605e-05    -1.421850894768579641e-08    2.148524872123964399e-10
2.899995961030226113e+02    1.000725773692630272e+00    -6.329352139281990350e-03    2.376658470080815066e-04    6.442429222863909786e-04    5.490207826748085207e-05    4.447836430572330057e-05    9.858357843078436937e-07    9.561435194571572780e-11
2.900000129485276830e+02    1.002001103316711772e+00    -2.262047989540503026e-03    4.935653948391179388e-05    1.152571037012840448e-21    5.265138386713581287e-05    4.316542192455175854e-05    -3.631529455761314903e-07    3.194473360253325788e-05
2.900004377180331971e+02    1.000517686241064963e+00    1.748589153619141065e-02    1.393837948558892550e-04    1.888211147526230535e-04    5.099223966714531726e-05    4.222281440817434540e-05    3.601795725457302212e-07    1.728923213710154005e-02
2.899995426658772999e+02    9.986843114231879204e-01    -1.826957878369638022e-03    5.063587155263354943e-04    8.110759987062384843e-21    5.295557851800906175e-05    4.356485352881962151e-05    6.824453905686439548e-07    1.152141775107460131e-10
2.900001553537145469e+02    1.000248027310528309e+00    -2.265764347646333134e-03    1.206254070115019532e-04    1.673088022435471391e-23    5.619279208976359140e-05    4.555616024384025333e-05    -6.674135758092414773e-07    5.495866522758316650e-11
2.900005549188620648e+02    1.004939731768724753e+00    5.595991730399798398e-04    -4.162642631910243784e-04    1.541779181940614306e-05    5.277322484545937399e-05    4.364744432813471442e-05    -1.115568900965469974e-06    1.135329742059077406e-03
2.900005816611604814e+02    9.981529446114836279e-01    -1.083497669522347218e-02    -5.343986546908724260e-04    1.635222229111970609e-14    4.982101247338415845e-05    4.176194594442667984e-05    -1.073261657259693412e-06    2.994988648690872710e-02
2.900010017403868119e+02    9.976442879325772006e-01    6.559652037506660989e-03    1.929346536990087077e-04    1.591050837687580016e-15    5.055064369985892058e-05    4.150506125459307589e-05    -5.280654053359148943e-07    8.870179690406101991e-02
2.900002399556969976e+02    1.001003926457669113e+00    6.547706944361628319e-03    -2.910635289023739795e-04    6.217853828240134105e-23    5.214701764552825481e-05    4.320161163580209343e-05    -4.268807373051721486e-07    2.812951145717136974e-12
2.900000641546542965e+02    1.000504839675038227e+00    -2.414599289314441673e-03    -2.151227780399931548e-04    8.450854863769133307e-04    5.350466081441409481e-05    4.317043605891301278e-05    8.362436440741414417e-08    2.611391073677584232e-13
2.899999775642144755e+02    1.002535442519264741e+00    7.213669770844683901e-03    1.037876424423728606e-05    5.890141685421865369e-14    5.433082465473686851e-05    4.352691248804059526e-05    4.652054451786794448e-07    9.303601325283942170e-10
2.899994824386300820e+02    9.966950955616801222e-01    3.180300443803644930e-03    -2.661951654095375329e-06    3.660923035259930130e-04    5.431608146264395575e-05    4.377092443274616844e-05    1.431006943810268993e-06    9.706669909713953660e-11
2.900003227104279517e+02    9.990237337216861802e-01    -1.292890606917400332e-04    8.398687809189543825e-05    3.298130319654697488e-04    5.652345366328331844e-05    4.400688636531293208e-05    -4.602284475791786999e-07    6.477902085636250596e-10
2.900007611167995378e+02    1.001440613815390179e+00    6.914545875558542574e-03    -1.298556896141587558e-04    8.495947819467972338e-10    5.293863596126731797e-05    4.357669360161089695e-05    -9.674801716834840307e-08    7.490240754688505531e-02
2.900002692921880225e+02    1.003150797284928286e+00    -1.030822366224511469e-02    -2.851858949201272286e-05    1.758153170981864990e-07    5.204214101283401942e-05    4.243974919436310095e-05    -4.999312862899961921e-07    4.577762849352877070e-03
2.899999837373309788e+02    9.976065922477310721e-01    5.835950747643104015e-03    1.268640236747495933e-05    7.442159345000482016e-04    5.293952131127085335e-05    4.303771377706248132e-05    7.518172072458562078e-08    2.432419399594436434e-03
2.900010140921568791e+02    9.974030880817017497e-01    3.254242441495884628e-03    2.376118083226270257e-04    2.348452954010046313e-03    5.249739684329482036e-05    4.299680726355397683e-05    -3.300495206291738232e-07    6.127168466165881094e-02
2.899997776060550905e+02    1.002386899743193505e+00    6.607251336520987475e-04    -5.226187914243867220e-04    1.083145209902616974e-03    5.160805054294335682e-05    4.171071757937621456e-05    1.669243822067574890e-08    2.166702212973649467e-13
2.900004235520593170e+02    9.965869243937394151e-01    5.077267273614475586e-03    -4.213877027877695040e-04    2.581015958805601695e-16    5.290511926334271408e-05    4.289634926847984416e-05    1.239066686681371712e-06    4.084889583461708690e-02
2.900004592675539925e+02    9.963970658897847166e-01    -4.136556585044307705e-03    1.477027961605551431e-04    1.515685626443787591e-03    5.644799948124544465e-05    4.441369907152049602e-05    -3.857375026669321992e-07    1.880147909726475122e-02
2.899999544523600434e+02    9.965796672802064160e-01    -4.293807019111888466e-03    6.012151650277451544e-04    2.062226693499404419e-16    5.265641184533796280e-05    4.263412177077731852e-05    -1.599989209925986064e-07    4.856386612303142947e-03
2.899997525896687307e+02    1.000468665240785260e+00    8.306864007000425154e-03    -2.674377539559046339e-04    7.881228304147672647e-04    5.288540772451100636e-05    4.346993230830636863e-05    6.445253978310548818e-07    4.876560500176126724e-12
2.900000085778106040e+02    1.001034092449583968e+00    1.133092571197694435e-03    -2.283808304281596737e-04    1.778608859490201136e-18    5.253968292108541783e-05    4.216919913735970774e-05    -9.547591160563353974e-07    3.238647356437535766e-11
2.900002461813517698e+02    9.949828279715818846e-01    2.329789300141351955e-03    5.166772916626621073e-05    1.079442597799173925e-06    5.282734585949620153e-05    4.396194367466626325e-05    -8.223518257767694512e-07    1.203008208858728258e-02
2.900001087200486722e+02    9.989676278504554530e-01    -1.148918778955690563e-02    -3.330443508921508439e-04    1.469242972869530973e-03    5.241693237770481568e-05    4.273332612525175539e-05    -1.889140923966231606e-06    5.915052155630040609e-04
2.900007295791290858e+02    1.001571015683489607e+00    -3.928183187766397071e-03    -4.647870517262260386e-04    2.365849189085670496e-15    5.350159538822377099e-05    4.353676546304707833e-05    -4.517475196265811400e-07    4.398296123707419458e-02
2.900000120004456790e+02    1.001546256171408578e+00    4.217860238123732897e-03    7.634867482167897285e-05    3.548124138788566191e-04    5.379770363957890139e-05    4.366230944122137482e-05    -9.871168962786045193e-07    3.938765203573768651e-15
2.899999714349080477e+02    9.979835277919272274e-01    8.917913336203163802e-03    -1.244300182365939836e-04    1.018331703697415718e-10    5.615407072491145323e-05    4.384116529828903619e-05    -1.312654293429301338e-06    6.917459732727974299e-10
2.900006555538652719e+02    1.001220867202546660e+00    -1.321071883702354941e-04    -1.030941981209020287e-06    1.188495315208741609e-17    5.527126590603799228e-05    4.327326139861177834e-05    1.326736785660719228e-06    5.803628651269056998e-02
2.900004627963276107e+02    1.001448816668846664e+00    -2.753065227415407538e-03    1.059242501790482247e-04    9.945629008964432163e-04    5.298549364288161214e-05    4.266262979162074279e-05    -6.054150501352400543e-07    2.221382233416301089e-02
2.899997762036311997e+02    1.001486468569385613e+00    5.370025080937318104e-03    -1.590423270130912744e-04    1.887908692116727039e-04    5.365947084805802796e-05    4.417165485012290661e-05    8.242136390319955167e-07    1.343437479495409909e-12
2.900003888216842824e+02    9.983051389804002973e-01    2.278089256773773753e-03    4.616584173738092780e-04    2.241324526205319440e-04    5.622226407352701373e-05    4.347500818242672747e-05    1.482196805289478302e-06    5.685238239688050754e-02
2.900003209081616546e+02    1.000569193373866517e+00    -3.519178233758020729e-03    1.653920105020593913e-04    3.327506415599861945e-12    5.192948725667613909e-05    4.376189887358562065e-05    -7.132306127874753985e-07    2.326429828413903992e-11
2.899995639453893546e+02    1.000183605914401141e+00    1.346926134280007062e-03    -3.023934737784235330e-04    9.704388082775656197e-12    5.264338006358711922e-05    4.316524865327778856e-05    9.079422831859683988e-07    1.198466354536687276e-02
2.900006507692031050e+02    1.000281227447116894e+00    9.514376340690303829e-03    -4.069575681072536231e-04    5.134095989014884973e-14    5.207712591087127759e-05    4.303833858726884189e-05    8.820078966015359446e-07    7.259776102078963067e-02
2.900003499084714349e+02    9.981472081477548164e-01    -1.939288153259539340e-03    -2.653293956587922083e-04    9.029951760371820882e-04    5.121651727693284794e-05    4.157649653114922790e-05    3.116663583315617378e-07    2.401450826767558694e-02
2.900003821023266255e+02    9.999216543312654526e-01    5.768487895021300223e-03    -4.376830539078132892e-04    5.806971839764695017e-09    5.340836426859809472e-05    4.285292860314331609e-05    -6.338150525080382301e-07    3.733793654794167333e-02
2.899999613194607377e+02    1.001042634045020918e+00    3.452960503596883522e-03    6.600146149233307067e-05    2.545471460550354374e-13    5.202266046970097530e-05    4.299591195624779275e-05    9.894059587251157022e-07    1.486996323466501030e-10
2.900000161588363881e+02    1.002041760099429801e+00    5.316878491343881956e-03    -5.232647542172849496e-05    8.778968300277512692e-10    5.173358119269598753e-05    4.281265446147111036e-05    4.164881633172006561e-07    4.435769758288838808e-09
2.899998583963177339e+02    1.000449410090133995e+00    -8.393884562312091749e-03    4.720675159733932484e-04    2.634295850054188408e-09    5.342352923822096946e-05    4.270694356520125389e-05    2.684612418703706224e-07    3.865682948627668014e-13
2.900007853956075792e+02    1.001870792320562531e+00    5.047750630965654661e-04    -1.297766946828247047e-04    1.463870329780972762e-12    5.335389979100353534e-05    4.431764160856591458e-05    4.596236890698145965e-07    7.054799439067997724e-02
2.900001905915576685e+02    1.000293416239200539e+00    1.776751631809907151e-03    -2.271856413850085544e-04    1.460346201680937578e-20    5.342645309265526605e-05    4.339530238719767260e-05    2.615883113475440399e-07    1.172338520977211224e-03
2.899998515043873226e+02    1.000391303562218503e+00    4.630203974331899286e-03    5.039087117851744893e-04    3.594756338136068465e-04    5.263384972864979108e-05    4.192953728065191925e-05    1.810171967040244975e-06    3.305235395139249563e-12
2.900001089320401206e+02    1.000070745130770655e+00    -5.733605423010914616e-03    -4.513278898714377375e-05    2.988589582371990743e-25    5.534945163344296630e-05    4.416879593705410050e-05    -7.128936758116322805e-07    1.638817393102376134e-13
2.899996770372289348e+02    1.002512315199370674e+00    4.698966521175482712e-03    -4.505389860767317718e-04    1.349534965692646615e-03    5.501549877841359853e-05    4.302359576997517404e-05    1.337760413615592257e-07    1.865341872069854821e-09
2.900002545092286823e+02    9.999788623978912439e-01    -6.117441970050230618e-03    1.486498590365865132e-04    1.941073119892581514e-03    4.993505765157601339e-05    4.210329821934685420e-05    -5.444102529507970807e-07    3.345459652100193915e-02
2.900015981630139095e+02    1.003751045442287992e+00    1.169352439238775798e-02    1.291087834810969329e-04    1.342972123515024500e-13    5.554382962829734874e-05    4.414123986457562656e-05    -3.724712642528537131e-07    1.090880586553413661e-01
2.900000191362231590e+02    9.987350731427248052e-01    5.305422082480203833e-03    -5.188795022510871591e-04    1.104402666805252061e-03    5.013317850812686190e-05    4.233733703832615367e-05    8.016214800481856623e-07    5.325591152226864973e-03
2.899998573546466787e+02    9.977125464310039327e-01    1.223000775499963506e-02    1.277860162282941120e-04    3.444578392181367591e-17    5.072499886638620088e-05    4.256450821776997255e-05    2.240177079314146711e-07    7.901757465573861923e-09
2.900001344766507145e+02    9.989164916156614282e-01    -4.198816209783353195e-03    1.515575204374499708e-04    1.536704671859524077e-21    5.085290495383723558e-05    4.149145551216868100e-05    -1.296309675270490103e-07    8.632288003543701260e-11
2.900008364475596068e+02    1.001933383821185242e+00    4.793606008086104438e-03    3.974704008352905518e-04    4.737753130726502586e-15    5.710548640515073838e-05    4.499315544134984942e-05    -4.993209053987374258e-07    5.991499946267343779e-02
2.900000733485622959e+02    1.001510231145906760e+00    4.907841133314517004e-03    7.480856085347323476e-05    7.440544431436718923e-04    5.336795084679945536e-05    4.301643683751767947e-05    5.810104647361630859e-07    2.322920273647402067e-03
2.899996811167271176e+02    1.002176824378964826e+00    1.746575885301539927e-02    -4.751707165630216119e-04    6.403844928692082617e-13    5.446054670934473701e-05    4.341666438103880342e-05    5.875830153238673913e-07    8.944162897071361931e-06
2.900002596159309292e+02    9.983627998410654625e-01    7.923606438620426143e-03    -5.430735584867088338e-05    1.712902930023710380e-05    5.180786234056934095e-05    4.205849703363262465e-05    -5.366427275003530149e-07    1.982317698827918556e-02
2.900009764792112037e+02    9.964465427490464267e-01    -2.335052517426467345e-03    2.973649303145641486e-04    5.516741284631748821e-08    5.373303489994034804e-05    4.320496523923290390e-05    -1.697561879953802034e-06    2.284145865519653443e-02
2.899999316599858616e+02    1.001988296468329764e+00    3.825709744629013018e-03    -1.669776958352916867e-04    7.774995152599219325e-04    5.216530378937285479e-05    4.197060370846020277e-05    1.281976239406344321e-07    7.513492707904510540e-11
2.899999947163140064e+02    9.996711715136109566e-01    -7.938156641330481808e-03    -5.186495569752212753e-05    2.969617231886406267e-15    5.236788904424417688e-05    4.345302295067139149e-05    3.519886552277372970e-08    2.793162319127916529e-02
2.900005145803432924e+02    1.003161857484866193e+00    -7.591465010558845830e-03    2.502591702521293066e-04    5.660382486021197290e-04    5.305629766059076410e-05    4.394022147845118911e-05    -2.043753144662681404e-06    1.036903611940650255e-10
2.900000616014302182e+02    1.000344738905792452e+00    -5.122305606829040967e-04    6.112441181736701515e-07    7.511741010588879810e-18    5.317337844201545092e-05    4.312244381153056751e-05    -6.404862992454188047e-07    4.324565717718297604e-10
2.900001721583802805e+02    1.000318372674664502e+00    -7.476591193996018347e-03    -1.640059625867786226e-04    8.883803261927959776e-25    5.260009797451077889e-05    4.337776840774181561e-05    1.868286915528963647e-07    3.042745078264425837e-11
2.900004470244383583e+02    1.000090134424951982e+00    5.339016374828187833e-03    -5.499065282330880926e-04    1.113689506961794765e-17    5.136301187850243652e-05    4.332838521888699725e-05    1.805033877318828541e-07    5.844533649093791583e-02
2.899996693524948341e+02    1.001127666790164072e+00    2.903364240878726112e-03    -1.733110590860992078e-04    1.781582550749010287e-03    5.365175563763696718e-05    4.199369063874658679e-05    1.141873310622238645e-06    3.574706819649638815e-09
2.899998486623182998e+02    9.989683507892039849e-01    -4.527456408409066130e-03    1.117345434370787551e-04    1.203017820291960461e-03    5.134766789838887273e-05    4.157700168821365429e-05    -1.608259873119141053e-06    1.171486062688690486e-10
2.899998946523934933e+02    9.977122005107000868e-01    -4.110883035392168109e-04    1.139753105187101158e-04    1.786253474953695394e-18    5.462948038753530816e-05    4.199210535698072206e-05    6.956928828650980193e-07    2.285242220934993084e-09
2.899995545805958841e+02    1.001464707450260505e+00    -7.191572938122301438e-03    4.219743627931848799e-05    2.820734542890387496e-18    5.351914898208503087e-05    4.341739087727485735e-05    1.122626247724757051e-06    1.399143597585040514e-09
2.900011530387171774e+02    9.976172251472733565e-01    2.540528277326901258e-03    2.123722404914482674e-04    1.324431038212582044e-11    4.985620441027224927e-05    4.186027464605972199e-05    -1.742171917906297839e-06    5.179129705634184094e-02
2.899997304799532571e+02    9.997389489734075374e-01    1.682402662263511248e-02    5.455886337666080495e-04    7.308612561011936046e-04    5.327260804421787512e-05    4.281823058910107915e-05    1.546374779201942840e-06    1.386101362179492453e-18
2.899997461355766291e+02    9.996753998644009043e-01    -8.507843755075827560e-03    -3.914310721031413558e-04    1.201739398256394613e-04    5.237237949736099174e-05    4.323313099510419966e-05    9.596431601306545778e-07    4.876753807466332913e-20
2.900005625279011952e+02    1.003320809259348412e+00    -5.944275274765979666e-03    2.199253056815246002e-04    1.005374544098342539e-04    5.376658542401464434e-05    4.462197128020451765e-05    1.348338980735768044e-07    7.539268107302070365e-02
2.900001550157829797e+02    1.002163192349281973e+00    -1.007413264551968064e-02    9.848690873245711369e-05    9.463559889318983278e-05    5.420812195515151681e-05    4.355341676310932862e-05    -1.440716253186061811e-06    3.247330646322390973e-13
2.900002247573294198e+02    9.986376563952582552e-01    1.483834544395463799e-02    -2.772827504978514252e-04    9.412320736022719179e-04    5.332162102254861877e-05    4.171987982975793665e-05    5.271572877667684979e-07    4.032191172036853760e-02
2.899994184192796070e+02    1.004636493217204496e+00    8.976333720666338639e-03    2.938052571784711292e-04    6.651206093405985693e-05    5.655924059393224686e-05    4.371473387660002177e-05    2.036153846758116676e-06    6.084206592278984527e-03
2.900006896847689859e+02    9.994955768156964515e-01    -1.213026508477562347e-02    -2.937542042757659735e-04    5.794493184433879098e-23    5.290854502300853851e-05    4.110106200896476762e-05    -2.037173364697501665e-06    3.666766446995991385e-02
2.900002997894616783e+02    1.004812037568125094e+00    -9.201319240519419823e-03    1.539048167263822259e-04    1.052371424957697772e-12    5.476918342076529455e-05    4.377883132208196053e-05    -4.086610831262679085e-07    2.856445235292483578e-02
2.900002423721113018e+02    1.000926460911915727e+00    8.654246407830667662e-03    -4.278117400696806690e-04    1.932748596154688523e-03    5.321675196602774854e-05    4.318938804600105566e-05    -2.854677277862217930e-07    1.093406951286065790e-10
2.900001856280430275e+02    1.000002052681564724e+00    -5.136504874241961879e-03    9.667489338100279141e-05    1.419849207561112774e-13    4.985564299524685274e-05    4.245966709312288265e-05    -1.035449301527286986e-06    8.761572506413939018e-03
2.899998189652933434e+02    1.000591628557228274e+00    3.198535196207970190e-03    -2.910400502837134302e-05    1.741986086204646775e-03    5.264881258408711620e-05    4.267251275998425349e-05    -1.224244239501954299e-07    2.169305312352814980e-09
2.900003315407822129e+02    9.994651126578230071e-01    -6.258528839916686730e-03    -1.418812487664236719e-04    9.751216276947277265e-12    5.050454868211911067e-05    4.059053548035946506e-05    4.456249411411560482e-08    3.283292392920941077e-02
2.900012400883963437e+02    1.001132719137811655e+00    -1.964187009188549712e-03    1.602059317846609191e-04    5.569065863070205174e-14    5.575092748264426140e-05    4.295052556054561820e-05    -1.064417679269145562e-06    9.709438620825167066e-02
2.900005775746273002e+02    9.979343603804240459e-01    -2.515508144118259169e-04    -5.355411846929360219e-04    1.136041355424600953e-03    5.275636439530895184e-05    4.251207671282995185e-05    -9.365385436224172824e-07    3.370273160177224975e-02
2.900000842503123977e+02    9.994476302056448658e-01    -5.932061187501593870e-03    -2.165768121438942984e-04    1.387563580025717808e-14    5.476732432221572306e-05    4.381454798671367498e-05    -3.560979218034252507e-07    1.180817736557227167e-02
2.900005167653587819e+02    1.002270897099508007e+00    1.024894063745840573e-03    -3.853267978510645838e-04    1.209652907774080745e-13    5.436826949565160975e-05    4.322749192491731618e-05    -3.754525528055436157e-07    2.589428078768168592e-02
2.899995245320805566e+02    9.989558147813915046e-01    6.373573979336855100e-03    3.545633356141521513e-04    5.904415553914315554e-04    5.022510753702078636e-05    4.203925787176551466e-05    2.024316502713902847e-06    1.953860494726600207e-17
2.900008273451537661e+02    1.004826770439195105e+00    3.887854150813625960e-03    6.547058121944646786e-05    1.016192008994903222e-13    5.366896173179113046e-05    4.440760616913652273e-05    -6.295142179661194015e-07    7.099442521235634074e-02
2.900004338758791391e+02    1.000651843496056959e+00    7.877204951111773171e-03    2.907114516552031214e-04    1.782439192571688008e-03    5.441981391635623702e-05    4.444523270688400081e-05    -9.493361981534906039e-07    4.391408145537980395e-02
2.900005964366205831e+02    1.001440391209480030e+00    -1.556315749780377714e-03    2.036700447793821946e-04    1.184979037645417341e-05    5.410391002197220017e-05    4.485782189819400168e-05    -5.618581598967728614e-07    1.903758879924732222e-02
2.900000335202311703e+02    1.000258249078404660e+00    -9.857824745232965022e-03    9.576409697891026735e-05    1.248261206000956298e-13    5.488587623497608427e-05    4.295349712990921250e-05    -7.861964656393511364e-07    1.219498374894544890e-08
2.900003895317505567e+02    1.001912577579614494e+00    1.083717788658338302e-02    -1.569998575598506921e-04    1.841868472118136446e-03    5.126969968914782058e-05    4.061397916734268558e-05    -1.083525937520322857e-06    1.565774585615934520e-13
2.900000864868462145e+02    1.000275135568995832e+00    -4.840460649969668136e-04    -2.529626324535856185e-04    5.807410172163176708e-15    5.184661039526003722e-05    4.302336980848813766e-05    1.294396003065135143e-07    7.900108484589063808e-10
2.899998987387497209e+02    1.003930068115044927e+00    7.292567655054657885e-03    1.111725499458596157e-04    5.427342665604713879e-13    5.568718487134295610e-05    4.494394498359309873e-05    1.398716887077622051e-07    1.357040217278006775e-08
2.900001552027602543e+02    9.985959228342127236e-01    -1.020696091852384395e-03    -2.221576307963250667e-04    1.604363654582014386e-03    5.155701121920023910e-05    4.227700641006689657e-05    -1.000250479275353646e-07    4.947120738499973143e-08
2.900004392412674292e+02    9.987055716469537270e-01    -8.270029464175220751e-03    -1.816519658546224023e-05    1.872805414902731227e-11    5.158791046893397559e-05    4.344145449583336320e-05    4.389717579935326823e-07    2.225155145074086960e-02
2.899999469307372237e+02    1.001565951851662417e+00    -4.765592511010574052e-03    -2.939868281113665219e-04    9.847556490510370100e-04    5.258317856969796323e-05    4.209647585387163123e-05    -1.834515765127251542e-07    5.191845286110925898e-10
2.900000402931940471e+02    9.994638935142849956e-01    3.258032324701456376e-03    -7.926888101374451629e-05    3.103455978159749894e-24    5.357302160659856009e-05    4.337188083079189944e-05    -3.549952829378716993e-07    1.087440616786824760e-14
2.899997547523674939e+02    1.000051434785147908e+00    -4.176019901463028788e-03    -3.256164724701980369e-04    6.145743694963275248e-04    5.569557387661400286e-05    4.436355327184741276e-05    6.804634677406285856e-07    1.839826152811439930e-12
2.899999688131920266e+02    9.981859891782315364e-01    7.748210875035365514e-03    -1.003325493911992963e-04    9.273964388913557411e-30    5.402876049718853037e-05    4.365569804903306087e-05    1.675943666730147186e-06    7.984542215218638992e-11
2.900000274656102874e+02    9.996506013557248105e-01    -3.725097301591711804e-03    5.951696130818873338e-04    7.247618841240936066e-05    5.296490095405904827e-05    4.321601408817389285e-05    6.853247749701139331e-07    5.315063121117117228e-15
2.900009491315402101e+02    1.001315834139649752e+00    1.090473031901232530e-03    -3.049054944593252727e-04    1.407380829417651273e-03    5.214738276859179990e-05    4.239366212313441595e-05    -1.084885209209107454e-06    1.689773901427914227e-02
2.899997479250491210e+02    1.004144928521545133e+00    4.110783480617268872e-03    1.339145147522051134e-04    8.650164183102570115e-04    5.257737159157371566e-05    4.336863841011578973e-05    1.571264500817590579e-06    1.146677975105119550e-12
2.900001180999622648e+02    1.003137300201050408e+00    1.965311418855779022e-03    2.134858306074634174e-04    3.639462081840911054e-09    5.074619324896180049e-05    4.228552845935999775e-05    4.389305703825103149e-07    2.966085323316978000e-11
