# f_r [MHz] A m phi D delta_r delta_ere delta_eim a
2.900003959290939974e+02    1.000624488893625319e+00    -3.677200976755475807e-03    7.266851835938551514e-05    3.380472309993303224e-16    5.106627855062987025e-05    4.152371473764840181e-05    -9.945324686056620200e-07    2.502516398981963021e-10
2.899999123498199083e+02    1.002237547988178212e+00    2.326148717397301391e-03    -4.292804894134001430e-04    6.040713518038848367e-08    5.140940461587327888e-05    4.174832664663638267e-05    5.593982263339490029e-07    9.816656910986397422e-03
2.900005388311051888e+02    1.000497102563472795e+00    5.418489373074455301e-03    -2.940085711491606892e-04    6.289931452597784207e-19    5.215965488097741538e-05    4.235501043649365964e-05    -9.874496353732738845e-07    7.458585318997982758e-03
2.900003014572116058e+02    9.935477863279110755e-01    -1.252922454589872579e-02    -2.764766709399240960e-05    2.567630840996098390e-04    5.150606418050697612e-05    4.027529993389614995e-05    -7.745410004001345794e-07    9.944010212896794133e-12
2.900003161914793850e+02    1.000636865825318633e+00    -8.121304147241499571e-03    -4.496819932218640271e-04    3.572215552603441742e-04    5.236026748013642877e-05    4.349440353379447439e-05    -6.123963480662807963e-07    1.658118997003232743e-09
2.900003446149763704e+02    1.001103016423417813e+00    -7.309357292892058530e-03    -4.060738429696701007e-04    1.774923912991574001e-14    5.264890148135456608e-05    4.172060089131526220e-05    -1.440993051453076379e-06    5.284175653613459205e-10
2.900011850186048719e+02    1.001076607092195481e+00    -1.845827900853936503e-04    3.957113935188310530e-04    1.895485863636458182e-16    5.204928959432851413e-05    4.273541098072567134e-05    -5.568582544414625515e-07    7.772076941525958571e-02
2.900001973815536758e+02    9.985683860162425374e-01    -1.001303944442793982e-03    -5.258929232951797036e-04    5.689664918788508351e-12    5.002664616366566330e-05    4.104986017203616464e-05    -1.188867518514902726e-06    1.109323296862086074e-10
2.899999033473555983e+02    1.001042610251361875e+00    -3.592959108241730853e-03    2.897203517671209498e-04    8.186141552884894845e-04    5.243869240362906297e-05    4.261703107888943019e-05    9.909393844847815662e-07    8.329141273020477729e-03
2.900001123116359167e+02    9.999291155983908164e-01    -6.216012673780434801e-04    4.884070014885127107e-04    9.521754335563507431e-04    5.236370597749440695e-05    4.166774085081275075e-05    -2.937867555409569170e-08    8.460607019976624718e-03
2.900008183720900661e+02    9.986525073460186253e-01    2.340071761731054526e-03    1.599615470547532719e-04    1.215085720957085267e-20    5.315914852800628380e-05    4.237152280284588722e-05    -1.171790085992812059e-06    7.471699706369767935e-02
2.900000860630551074e+02    1.001434700656691934e+00    -1.257125271372622026e-02    2.522255032252838361e-04    2.133768140559903857e-03    5.123601371078737000e-05    4.072756178943711866e-05    -2.153222805458845812e-07    3.111175404261409714e-11
2.900011539528548496e+02    9.994117848499185497e-01    4.379248468697896982e-03    -5.152722505468944249e-04    3.614224986362315583e-04    5.147513180414164773e-05    4.002463725510489463e-05    -7.860405086656215842e-09    7.822540730014464205e-02
2.899998973133675122e+02    9.969752223410154324e-01    4.462719146123033352e-03    6.883246868107519934e-05    1.656033462831335221e-03    5.226556242298303857e-05    4.198256133525671134e-05    5.826283989679685350e-07    1.176121107551489604e-12
2.900007291102050431e+02    9.980060135122685860e-01    6.800593047868184853e-03    -9.383231642296896565e-04    9.724070132729378658e-12    4.945537056098228289e-05    4.157780282226051230e-05    -7.793531786267692170e-07    4.298452432338002033e-02
2.900002806980533592e+02    1.003052607728806445e+00    5.164107511908306788e-03    -5.991944930670328913e-04    7.674721252645722068e-04    5.140485980826654057e-05    4.099890776310071398e-05    1.057699471611328601e-06    3.165355978665288037e-12
2.899999042124005086e+02    1.004280967979519268e+00    -7.426893012706060546e-03    5.009916211086912815e-04    2.360910276365720066e-19    5.030123006282412286e-05    4.127692701006126572e-05    -1.384401433639962395e-07    5.543564917939603761e-10
2.900004258840913280e+02    9.993278051192241440e-01    -6.891394342417012618e-03    -3.057526936938307943e-04    3.626601627824845410e-04    4.899219380653348563e-05    4.036417899538042946e-05    -9.496430733653131893e-07    1.270181993875954887e-02
2.900000943800396271e+02    9.987217386773361572e-01    1.949234834153942798e-04    -1.846176491923720716e-04    1.355821646934731098e-14    5.370222581985472011e-05    4.264221848442947821e-05    -5.684582777569168269e-08    2.849440468436942827e-09
2.900002432623889490e+02    9.991073642984843461e-01    -7.923005497598889935e-04    -1.917322356270541772e-04    4.619267657805478029e-14    5.351140048198081266e-05    4.306583942046366889e-05    -2.409295205226559427e-07    7.959101168396920653e-10
2.900003010305755993e+02    9.977825342625342708e-01    8.123888765744029933e-03    2.943016351698230556e-04    1.606778319342377423e-14    5.337465988908216008e-05    4.271107411393728227e-05    6.671540035781001492e-07    4.421253016588143347e-02
2.900003295980854432e+02    9.962595231385626970e-01    -1.104500005633624223e-03    3.423187932482150368e-04    1.800026296224197011e-17    5.338634036604064323e-05    4.249422630291724561e-05    3.120219580424155648e-07    1.257723690829567857e-02
2.900005987103700136e+02    1.000680734096256685e+00    -4.116256476054438161e-04    8.535208590314240652e-05    8.518060021867877342e-04    4.894828931266889389e-05    4.175076279664618562e-05    -6.253929062125890407e-07    5.699160131077155023e-02
2.900002425968443163e+02    1.002268547922563036e+00    7.900621226060684094e-03    2.860955777382406278e-05    6.311599049183669007e-17    5.033562526658413980e-05    4.002419650207931259e-05    8.632558409428491683e-07    2.990655650222845061e-02
2.899997643071257585e+02    9.972082549492496950e-01    5.976998502743946159e-03    1.753807607435707767e-04    1.033992424214931565e-24    5.194104009762036319e-05    4.198004889036445508e-05    6.963618162925618909e-07    2.534259639122464709e-11
2.899998985468015462e+02    9.972427267079641000e-01    -5.158121860514789520e-03    1.167523437115196777e-04    4.126013318294453392e-04    5.340862161391283055e-05    4.233801152446234030e-05    7.004168504725552637e-07    2.622683502322087641e-09
2.900001496602301927e+02    1.002175228209996716e+00    -8.004644235874219457e-03    2.568162422309065458e-04    1.091631412699947592e-03    5.084573876921484186e-05    4.105821617257914436e-05    -2.103936635585745625e-06    7.359943163141504920e-07
2.900000131494401217e+02    1.000862358287053944e+00    -7.340093123177473221e-03    -2.521021209217009628e-04    8.125694613351460208e-05    4.965200675294435269e-05    4.026545968389655356e-05    7.164590676247523394e-07    2.332561707472768572e-02
2.900002991773175154e+02    9.983986211376639774e-01    1.778229134114156723e-03    5.679713440452397941e-04    2.103533845151149480e-24    5.098552174798915343e-05    4.143172046149064096e-05    -9.126403504347673979e-07    1.008990773593400137e-12
2.899999305424431668e+02    1.001183057934838194e+00    1.197289314542505576e-02    -1.134969437989043439e-04    1.055877911395199315e-03    5.033350515777500645e-05    4.121126485643396720e-05    -7.909478397416381410e-07    4.475712476059787532e-13
2.899998868397623824e+02    9.992895629229281429e-01    3.383834197181524641e-03    1.333102007252815662e-04    2.210080120692936665e-04    4.983014783937090854e-05    4.129060234215260918e-05    5.823369422770953772e-07    3.995882796407720575e-11
2.900002150136205046e+02    9.966803610565344584e-01    7.063061754210949589e-03    7.937131744306258222e-05    2.353601687642844310e-13    5.003827376426657069e-05    4.165491322769189773e-05    1.449137221732847767e-07    1.372337998072146147e-02
2.900001938860923474e+02    9.993956582362422125e-01    1.116089215288304775e-03    5.010374322531500153e-04    3.689422421858601517e-15    5.134004261532616427e-05    4.030480006719801115e-05    -1.300284067448507734e-06    2.551125616512298078e-02
2.899999355862212269e+02    9.996255620426476307e-01    1.787055167004834941e-03    1.044572812809105571e-04    1.983388792631838519e-04    5.269662026857640830e-05    4.179563732115666665e-05    6.435714299818966668e-07    1.582210762388366757e-03
2.899998649782011739e+02    9.976971832055262501e-01    -7.070296602869193155e-03    -1.286849120135268227e-04    1.990173144076078354e-03    4.789180144861289148e-05    3.909820127931328232e-05    1.638158550572900455e-07    1.625523631746842319e-13
2.900004330131508254e+02    1.001127512071579018e+00    5.918096292454758621e-03    -6.491230162152762111e-06    1.985162336150279871e-03    5.194585588988133239e-05    4.208829566251605695e-05    -1.331231892056400877e-06    4.666073421309790276e-02
2.899999635413129795e+02    9.980300779858324312e-01    -6.683708475536668213e-03    1.815964529851896831e-04    7.918466504215739202e-14    5.285332742568354795e-05    4.262529976432599118e-05    3.521712019374949477e-06    5.369637186628937325e-02
2.899996817318675539e+02    1.000367200839607840e+00    5.614519850892027084e-03    8.462204937656339155e-04    5.941575263352159679e-04    5.283997843343746773e-05    4.301131850258514450e-05    1.565545163829416055e-06    5.852912535301828307e-12
2.900006383747866039e+02    9.989796626387084100e-01    4.557903404014797613e-03    -1.639641925544950310e-04    4.021204161753851210e-04    5.077560138204803591e-05    4.079378624757644531e-05    -1.642194700440429146e-06    5.156474438469967753e-02
2.900007813419469471e+02    9.988553146522672899e-01    2.775090190650105967e-03    3.549354826712787753e-04    1.950001555423991272e-05    5.037472243986364456e-05    4.128008679427785802e-05    -1.134238700125231565e-06    4.737649641432010311e-02
2.900004475682956127e+02    9.979366700282402691e-01    -6.779439750426250605e-03    7.996606948252524261e-05    1.277203487911025808e-16    5.186143992054747669e-05    4.117589935577848704e-05    -6.219649297987179547e-07    2.409620193622942150e-02
2.900003125740599899e+02    1.000771880451191809e+00    9.889795731001144868e-03    3.513857496811734335e-04    5.831067105549793488e-16    5.092364763788917930e-05    4.197643242638452143e-05    -4.192532727289778985e-07    2.467897232112213624e-02
2.899998347268006000e+02    9.995105293352901654e-01    -1.867786035059942765e-03    -8.221995586322394724e-05    5.008708065733464376e-19    4.977076198087641921e-05    4.011965321283002440e-05    -2.808699065264413822e-07    2.410109880810179257e-03
2.900007346345605015e+02    1.000754397669271656e+00    1.038668012028196551e-02    -2.680524248402385242e-04    1.121666266473287776e-03    5.148888118290133098e-05    4.184524572747508044e-05    -2.934976994917214116e-07    5.957648662986011340e-02
2.899999948262637872e+02    9.981979126695665894e-01    1.179989826022930823e-03    -2.416259586699297138e-04    7.377953070431375170e-04    5.248077750547472208e-05    4.139605139381079193e-05    -1.514211047479888201e-06    1.726121208201547680e-12
2.900001427374098171e+02    9.986206232830852070e-01    -5.215696321771413901e-03    4.194715859649436498e-04    1.824508939434441491e-15    5.040728608887293574e-05    4.163300475231463001e-05    1.752692421318749616e-06    4.714829260426055962e-02
2.900004922888769556e+02    9.989668947658875142e-01    -3.612136077333536876e-03    8.785223186081694857e-05    8.191841906454951891e-24    4.920158931228868428e-05    4.068098393842156722e-05    -1.354743040654323617e-06    2.434183077192001029e-09
2.900002625067669442e+02    9.977811148223071358e-01    -7.348878483387412223e-03    2.998214833417837803e-04    2.546955629487619201e-04    5.057906816355553395e-05    4.131070643581894326e-05    2.731420984439147837e-07    1.903929505339905723e-02
2.900000775982450136e+02    1.001337709069423987e+00    3.520898590306359953e-03    7.861267557620830982e-05    4.621269324028857354e-04    5.290527043566258837e-05    4.277167721636377133e-05    -3.337233334710036489e-07    3.889938395640411394e-14
2.900003572453294396e+02    9.964713341418113268e-01    -4.583486475072408826e-03    2.101980539729661880e-04    7.549951441008295299e-13    4.911292725927661153e-05    4.040812133310656314e-05    5.582105225424222784e-07    3.017437545498644763e-02
2.900000213043830399e+02    1.000467914523989421e+00    -5.003048230250414612e-03    -1.380039530120563012e-04    3.182191134364710135e-18    4.988988434628151693e-05    4.078293620781537021e-05    2.857341964244242604e-07    9.605391811339787390e-11
2.900002921180964108e+02    9.999482431086488265e-01    8.041978581339230200e-03    1.251346825980489377e-04    1.082226293676477602e-03    4.983660902069960260e-05    4.086768076769012461e-05    -1.641448505276811215e-07    4.205301404303448537e-02
2.900003512941427175e+02    9.995925843106505670e-01    1.175700910774314135e-02    -8.064903073487089951e-05    1.047701112233714373e-19    5.223723320066785705e-05    4.214355189671099605e-05    -6.542033526054987542e-07    4.747299651604111479e-09
2.900006851991879557e+02    9.960521603808123459e-01    -1.266594337159672587e-03    -2.391019759552505614e-04    5.667917031757374381e-16    5.118535503856817121e-05    4.151918979883275804e-05    -4.601903780237132579e-07    4.661454065174160805e-02
2.900001512618884476e+02    9.993016688572662343e-01    -1.363038906842077395e-02    1.010114772786033433e-04    1.386159967440008528e-11    5.113362368537144147e-05    4.208785734308820471e-05    -1.824703342935071461e-07    1.652443919645434425e-02
2.899997635514267813e+02    1.001512674402007974e+00    -2.566656400834705330e-03    -1.401198002672314610e-04    6.231823561920098447e-08    5.080653690969517820e-05    4.118494744065905294e-05    7.138302606742047917e-07    3.023455238620639286e-03
2.900000896398530017e+02    9.997825742562511664e-01    -8.618529303800179231e-03    -1.863225051545356833e-04    6.134583499111270852e-04    5.072282213200860943e-05    4.194923239410111560e-05    -7.379053937113072583e-08    2.571744508231814673e-09
2.900001950816702561e+02    9.992501745403975510e-01    -7.326591667513426397e-04    -1.205257850985580123e-04    1.263298445545987412e-03    5.093427607135970575e-05    4.244323397021075941e-05    -8.110598815955963021e-07    2.932408262758474786e-20
2.900001533675289238e+02    1.002089950330644408e+00    4.614912743944076033e-04    -9.700614310217271611e-05    5.205226981394668519e-04    4.960152013122915170e-05    4.119886612954864422e-05    4.009523294078729182e-07    2.549105904174511425e-02
2.899998321349062849e+02    1.000021962318514701e+00    -9.392582902406746564e-03    -2.207459407371863667e-04    7.319056427305107679e-14    5.467085340113357047e-05    4.406465433561342651e-05    -1.433876181750860286e-07    1.727737003360655689e-09
2.900000601705198164e+02    9.994012864743742064e-01    -1.692652342808305833e-03    -2.861225778956802933e-04    6.707945895266962406e-11    5.302550954997278744e-05    4.264154195595029194e-05    5.232221818975758463e-07    1.475307437800897035e-09
2.899996667794431460e+02    1.003198566610221221e+00    5.054436850783832966e-03    8.294878768483111722e-05    3.170476796579731969e-14    5.504320969570767848e-05    4.243609191157225730e-05    8.324483790263505753e-07    6.006849087010867540e-10
2.900000220495803660e+02    1.001047380744389370e+00    1.241885577076268796e-03    -5.402505472085589958e-04    1.053785381898210116e-23    5.324211151079118399e-05    4.308136765799552929e-05    5.765447226461435620e-08    1.411696535021500872e-12
2.900007296495726905e+02    9.980612730380913344e-01    -2.897138230800208429e-03    -5.624005632344048714e-04    5.392210619623251291e-04    5.356421172566356269e-05    4.288164818061288703e-05    -1.582508915459812188e-06    2.197951605293513994e-02
2.900000435052651824e+02    9.957244192133558602e-01    -1.052952852290104345e-02    -2.227199821225100745e-04    2.666607739837634212e-14    5.248163981386659544e-05    4.267559042706691163e-05    2.064527961464971312e-07    2.500484705329971242e-10
2.900000980536880206e+02    1.000714463242307062e+00    5.681818769225679402e-04    -4.759593812690450097e-04    7.275934498487671891e-04    5.114397029984496214e-05    4.185114681945763617e-05    -1.500185470044048222e-07    3.209539381859560945e-14
2.900002289102961868e+02    1.001776163986426882e+00    -4.067156833002476615e-03    1.827151553870339027e-04    3.650254978070634453e-09    5.253623321325788206e-05    4.207623206087717573e-05    -1.096160798839671886e-06    6.965643647826016450e-03
2.900006279595294245e+02    1.000622295524048244e+00    6.412128726247843559e-03    -3.429651446368233315e-04    4.746824277763382030e-04    4.893937737832835497e-05    4.067492804769520120e-05    -2.117716579421186886e-06    1.049697453169229832e-13
2.899998283700460888e+02    1.002168218617003337e+00    -5.486904786787066834e-03    -1.867550079544536207e-04    1.212923338409425998e-03    5.319858384422761753e-05    4.257851437629935109e-05    3.447220803938963737e-07    2.261142428364993332e-15
2.900001899477400684e+02    9.988716445806743449e-01    -7.719313542874495357e-04    1.461293439451714666e-04    2.933849232238651836e-05    5.129922666008812339e-05    4.261315151622158001e-05    5.050117734172278560e-07    2.344413362594846128e-03
2.900007618927230624e+02    9.969271394200830416e-01    -8.587106719911880709e-03    -3.317710242425086272e-04    1.491192127548952458e-15    4.901404226512654058e-05    4.061701190609594243e-05    -3.138140541728540838e-07    6.018466354083755465e-02
2.899999663468008180e+02    9.952313139512490858e-01    8.552351607309828865e-03    -5.123288090776293341e-05    4.515855424529090571e-13    5.275093332677610245e-05    4.175868352251846784e-05    9.701590003359328157e-08    1.364346348838750556e-02
2.900002798312131063e+02    9.978711770709770557e-01    2.121444460365942090e-03    -3.064847422835820278e-04    1.801482300275524480e-16    5.143344282608536451e-05    4.314994485004643165e-05    3.326656179926107623e-07    2.013246292742936969e-02
2.899999416647373209e+02    1.001642692524162159e+00    7.943854898083850535e-03    -3.198004083231217550e-04    2.720619504245705117e-15    5.261968541085683371e-05    4.265245885086841113e-05    9.335957557309289787e-07    1.208025358665438819e-09
2.900007026641195580e+02    9.992519419505359046e-01    -6.968933218668736836e-03    3.589234627014788355e-04    8.914681360849830956e-04    5.272681213663402166e-05    4.169156930422453526e-05    -1.308224017084238179e-07    5.357777892812678328e-02
2.899998761185717058e+02    1.001429586887315093e+00    6.311059398283730805e-04    -8.375541094164171813e-05    5.944394847458025359e-16    5.423549103308573856e-05    4.312273167140897787e-05    7.793860546129592294e-07    3.517822390251670265e-03
2.900008392850275527e+02    9.990615255145911533e-01    -2.846084159084604891e-03    9.580396632332093942e-05    1.415581126429679256e-15    5.215962158977150277e-05    4.198381851430879548e-05    -5.286791588956526479e-07    5.049939167833385201e-02
2.900000819300835246e+02    9.973075985496089313e-01    8.747687775277953465e-03    -1.324543650866310141e-04    7.794658752362464624e-18    5.164079928669152071e-05    4.210889985230988449e-05    5.695184099340563507e-07    5.300475333447122962e-09
2.900001799458551659e+02    9.993869857812496260e-01    -5.917141419308579071e-03    1.107517012973963051e-04    8.302757615514078744e-04    5.039681770579712002e-05    4.140490781638152159e-05    -2.776805627326840911e-07    1.658923264074896363e-10
2.900003042369377226e+02    1.004000186394980565e+00    -1.362398933779985100e-03    7.557342920170424185e-07    3.277417901967946538e-04    5.188295030533722490e-05    4.175270988115218875e-05    5.142200326790302273e-07    4.710255483862645087e-02
2.899999087681808874e+02    1.000477504184924094e+00    -3.873536962507711894e-03    -2.595755838354782681e-05    9.420377465563002390e-04    5.145521925141889461e-05    4.247909533743022913e-05    1.219081255840479011e-06    1.814231570116445896e-02
2.899999982593833465e+02    9.983339056911521014e-01    7.219737116812785516e-03    -6.110388957167651363e-04    8.096937556770012800e-20    5.429267793818975875e-05    4.240714044187423091e-05    4.688141121873610420e-08    3.416326539968098097e-02
2.900005561288522244e+02    1.000176983412896847e+00    -7.612306376569271532e-03    -9.886028061028068387e-05    2.264662622538211559e-20    5.058857786334305034e-05    4.131774375117918557e-05    -9.610850574737699868e-07    3.851730447006497505e-09
2.899997701851143574e+02    9.995656775541580386e-01    2.783391133497587194e-03    3.423061592677328949e-06    3.834372625734328672e-04    5.311181794188097444e-05    4.263627804041522521e-05    1.586823142440539169e-06    7.388564393756547576e-11
2.899995933971660520e+02    9.959985923786522921e-01    3.882108614362869171e-03    3.638700142788183595e-05    6.789223594973438835e-04    5.035184730074530564e-05    4.077396167472054647e-05    1.090758146567813201e-06    1.162859237504795806e-09
2.900000008693393738e+02    1.001002309322116091e+00    -7.338316541909502624e-03    -1.460048097663448053e-04    1.170207072774117826e-03    5.025658729197014985e-05    4.167990325425586053e-05    -7.381771237384332675e-07    6.059180004092419168e-13
2.900001799187700158e+02    9.999050929873248839e-01    3.889048589951378965e-03    7.052912640263960496e-05    1.093505228902449554e-03    5.006570680739316786e-05    4.128623864029368743e-05    -1.445033282326607392e-06    2.506487747239054959e-13
2.900003288087235660e+02    9.993412252253157657e-01    5.814518395622788292e-03    -1.354594393851756419e-04    1.145008232361472821e-03    5.313240137927328221e-05    4.183512839785646963e-05    3.774096161134369545e-07    3.280922898115650604e-02
2.899997792062135318e+02    9.995860402961069813e-01    5.260117322591770055e-03    7.551348050870374798e-04    5.430049590742269715e-04    4.945850514175745662e-05    4.103442620279684419e-05    1.261179320513818487e-06    8.352689968536599728e-14
2.900003092656692161e+02    1.001628140874498252e+00    6.025544693992797123e-03    -9.114331403798138791e-05    2.848024604562528943e-04    5.100855273802276836e-05    4.191488957280819632e-05    4.298985087141406700e-07    6.121232095702420356e-02
2.900012321572334031e+02    9.996266411385600348e-01    8.639198926318395963e-03    1.137352529644814690e-04    1.927897451758470534e-08    5.030695144616665362e-05    4.106221232757784333e-05    9.378706273889487592e-07    1.162462076943288486e-01
2.899997199201600893e+02    9.977469696214488204e-01    -6.382440989353802517e-03    -7.830986356865035744e-05    4.583494896213189665e-12    5.232772355708049125e-05    4.258698348796539879e-05    1.874795082028812653e-06    5.057468556720016301e-03
2.900000836919622316e+02    9.991303592103236708e-01    -6.121022196106537527e-03    -5.222610677240212214e-05    1.929965669878711974e-04    5.161548698711798937e-05    4.158709073433952973e-05    -1.847645247984991342e-06    3.741160331323797886e-09
2.900007590555127308e+02    1.000813037461810495e+00    1.684764336887106112e-02    -1.727046155288934853e-04    2.170085611585497831e-04    5.032603022937613690e-05    4.105571674970921167e-05    -1.177307520831426685e-06    6.464108635219732724e-02
2.899999952379679939e+02    1.000671971414101025e+00    8.699254723166974235e-03    -1.516923761812905285e-04    1.389202214079822851e-03    5.089225188391585165e-05    4.190613936230120788e-05    -1.085497803361880636e-06    1.341019646900453235e-02
2.900000778513202135e+02    9.979352975954863814e-01    -4.866640146625281563e-03    2.214631537992947825e-04    5.222469281133110047e-04    4.875064297913010909e-05    3.997571586535082603e-05    6.550219069882101822e-07    1.514156206626070429e-13
2.899999043692813530e+02    9.995651622126100477e-01    -6.896099071230639595e-03    4.157412866171061503e-04    2.906104260231408847e-16    5.252320677019538540e-05    4.187380464253926792e-05    3.479355508880416587e-07    7.715947498725356909e-11
2.900002097172173308e+02    1.008911109447382159e+00    2.566052598202741772e-03    -3.164443101926677567e-04    1.064249611371060163e-04    4.994851230892797010e-05    4.077765262573028519e-05    -7.840181984240358934e-07    2.544811146327297189e-04
2.900003946311573486e+02    1.000682192900252954e+00    -6.137144111632051940e-05    1.394455576881422796e-04    1.402182217957757826e-03    4.993913444151693070e-05    4.133124574364264683e-05    -7.429490037239764262e-07    3.447985397907139815e-02
2.899998485685064225e+02    1.002456434876814129e+00    8.747665830433669701e-03    3.148594928734190141e-04    6.225915732612119675e-04    5.324992244421038981e-05    4.118568956344944475e-05    1.337399563195901887e-06    5.060001992471280946e-15
2.900001023572509098e+02    1.000139941641693841e+00    1.078722330420394185e-02    3.852769638232658158e-04    9.264945190655683423e-04    5.016919506097323339e-05    4.163744716073994220e-05    9.387973598142363254e-07    2.208197091426978320e-12
