# f_r [MHz] A m phi D delta_r delta_ere delta_eim a
2.900003086648957833e+02    9.987865356597120936e-01    -8.356759830163065089e-03    1.960821601308805850e-05    8.211098200597611540e-34    3.240240962010449056e-05    2.311056676224813977e-05    -7.535430978836295560e-07    4.570874769691469358e-02
2.899999825390509045e+02    1.000877395104774692e+00    -3.592588385995292444e-03    3.383974959011567737e-04    1.287226720846372822e-16    3.036446772589897905e-05    2.158445707418415058e-05    -2.767525431429893258e-07    1.929421254484466765e-09
2.900002433807148350e+02    9.991083528879690645e-01    5.223684022097448143e-03    -1.282117714608834661e-04    6.614542143129784522e-30    3.546328566066087273e-05    2.342458867611103940e-05    -1.059320144321022501e-06    3.648379288736490827e-11
2.900004258138120576e+02    9.991337521730437876e-01    -1.677732502909736259e-02    -4.027766219414719365e-04    1.292116018003672596e-20    3.206504938231153219e-05    2.191246679029928794e-05    -5.544085924344294084e-07    7.427952185961944352e-09
2.899999486847910362e+02    1.000232720961275801e+00    -1.642464402944663693e-03    -1.101482528649464057e-04    7.196071555664727249e-16    3.137607153672311144e-05    2.223865502896428954e-05    5.392748138154096337e-08    1.266594140587728838e-02
2.900001489344830929e+02    9.967645916908673964e-01    -1.224081155538450996e-02    -4.019515687404823906e-04    6.248849660244506855e-13    3.200895679375713389e-05    2.276635349416924767e-05    -8.065289804660467545e-07    3.521265148682026542e-09
2.900001389211511764e+02    1.002291208076436346e+00    7.182163969473752884e-04    1.352297636551945837e-04    4.735761696913374456e-04    3.290771406260591445e-05    2.345137852310885619e-05    -3.950995499406592471e-07    3.671618708020633335e-15
2.899999778070010734e+02    1.000111056139161292e+00    6.505331296352260054e-03    2.144382169468105959e-04    2.004730164982182136e-03    3.076437037935834658e-05    2.106783664544899942e-05    2.162990274259977661e-07    3.045553426319073438e-09
2.900001195988156155e+02    9.989069228347021712e-01    2.391849728289458400e-03    -5.813179075894923074e-04    3.615203912171573511e-04    3.329227763174091284e-05    2.300034581161871701e-05    6.654699532083493304e-07    7.579913473512796263e-02
2.899998352667244603e+02    1.000004699309505973e+00    1.129246436849113550e-02    -3.451450658458913832e-06    9.345745135967509307e-04    3.118238050884189721e-05    2.068230715914660064e-05    -7.233322039799703777e-07    4.479268995014958239e-04
2.900000943795013200e+02    9.980008936586324264e-01    -3.416216261505929889e-03    -8.680660699104303564e-05    1.979849199764042002e-04    3.033882999692517928e-05    2.109634843348418581e-05    4.607054243645630578e-07    6.213614522075940755e-02
2.900004149781078695e+02    9.992235221155552072e-01    -8.779878811731296404e-03    1.619616377129954644e-04    3.715245388866879021e-21    2.990941882972277988e-05    2.160790135225939629e-05    -2.043370229782506503e-06    6.699483448159842814e-10
2.900004166036999891e+02    9.988962969090863231e-01    -8.790058198236649217e-03    3.730265571214069396e-04    3.550278416541795116e-04    3.208404695542294808e-05    2.192994415621312489e-05    -4.055186190673434214e-07    4.839504004173174334e-02
2.900004038707157292e+02    1.001312436515404691e+00    8.548484973980780000e-03    4.776336682701711516e-07    6.609009555917194330e-04    2.855589878362706609e-05    2.171588536452358215e-05    6.561749509181577099e-07    8.981999055764690321e-02
2.900000656376712982e+02    9.995919092774059322e-01    1.493908156743255916e-03    3.387893032959676440e-04    7.646381130700932933e-05    3.341196923819575443e-05    2.160731648461141450e-05    -3.124891218433790609e-07    1.637076384786687307e-15
2.900001447055385597e+02    1.000481358383519259e+00    3.287278810510631082e-03    -2.383367481313802133e-04    2.487537609396877983e-09    3.224571289805225035e-05    2.187554636982240799e-05    -7.781567727753264379e-07    6.475056586438114045e-11
2.900001038862712903e+02    1.001420261229007069e+00    3.909734135175702008e-04    4.198841718303642618e-04    1.576378752792026463e-15    3.211843243030999113e-05    2.284833086851642499e-05    6.481723264047910966e-07    2.968525442244453194e-02
2.900000483339456991e+02    9.977418039745352685e-01    -1.483357009730756210e-02    -6.873707876302049538e-04    1.821770011921066627e-04    2.916754090131693165e-05    2.027678526259437032e-05    -6.705898336441467994e-07    3.186804538538271517e-09
2.900003262711885554e+02    1.000724756342882271e+00    7.434881090090169654e-03    -3.034987490738597711e-04    2.505203690123644157e-10    3.129272770965612260e-05    2.302900978991364353e-05    -5.152156314473789906e-07    2.594254789767377215e-09
2.900000036902537772e+02    9.962246413401156797e-01    -1.937594301699516880e-03    -1.471574025136125835e-04    5.782403602338047880e-29    3.570778626219509039e-05    2.410321716870123096e-05    1.143308164423771320e-06    1.059989230090118287e-09
2.900001694369559004e+02    9.994340609783235463e-01    -3.018151030667993919e-03    1.516766185331894050e-04    1.074584162817750552e-36    3.040044163757275826e-05    2.095707527410916343e-05    3.633342090457610410e-07    1.609808233831194757e-02
2.900005418393460559e+02    1.001595983604588458e+00    4.829785796932941147e-03    5.876898224406089605e-04    5.128990939205054585e-21    3.233607276108799069e-05    2.283807740881997885e-05    -5.210389328812982384e-07    6.583393167607040630e-02
2.899998503040254150e+02    9.987566361871631493e-01    -2.901200845183832255e-03    4.075493802276593052e-05    5.527508291170307961e-07    3.131325633682232977e-05    2.125858759927609935e-05    1.163844484666740698e-06    3.741421746689296971e-07
2.899996681576375863e+02    1.001017229403349695e+00    -1.765494997125510463e-03    -2.545553616119153296e-04    3.812522858183986946e-05    3.471201684577151814e-05    2.248227368461328459e-05    6.178403300512412696e-07    3.874997886603589237e-11
2.900003977208644415e+02    1.004110897962431359e+00    9.934118354864415659e-04    2.743962517423581809e-04    6.141801409726639454e-16    3.350283774501960763e-05    2.297878807794596551e-05    -1.109267412007677574e-06    1.613060029217220151e-02
2.900002589078181927e+02    9.987270608852159004e-01    -2.089163173846476061e-03    -3.541471563153666523e-04    2.403895390693388959e-04    3.065326366354664974e-05    2.224518866766193563e-05    -1.209429514494121575e-07    8.689476116356023572e-02
2.900009261162725238e+02    9.976692183969757544e-01    1.143319025464485211e-04    3.427293277460157698e-05    1.132264530876126709e-03    3.105002470588343267e-05    2.145043057861866802e-05    -5.558782471348135710e-07    1.002175386960641734e-01
2.900003521773350599e+02    9.986071122287029089e-01    -2.567723263647684034e-03    -1.594960124838515911e-04    6.134606098667895815e-04    3.387847936332660396e-05    2.360531575038143982e-05    -4.948557852712119379e-07    4.732423094724238360e-02
2.900002851524084235e+02    1.002913355808337181e+00    8.242694636559712990e-03    1.920633242417176163e-04    1.208469926875006210e-03    3.167395830825470393e-05    2.175698206277355682e-05    -7.962400945356460187e-07    3.284911114992803555e-02
2.900000494790577363e+02    1.002399874007928515e+00    8.769727793583856346e-03    7.153027825722992159e-05    1.224978731512105061e-03    3.229412829156741205e-05    2.225103434957945275e-05    7.488462103598884720e-07    6.874430959832758914e-14
2.900003871313760442e+02    1.001159202074737964e+00    -4.431888925377714598e-04    -2.089364662285093921e-04    8.110586353533007860e-05    3.093263178718400552e-05    2.226019671504475634e-05    -1.105276087252039102e-06    2.280126946171887042e-13
2.900002830746712448e+02    9.982126126876711414e-01    6.337524082703445416e-03    -2.133906696428859706e-04    2.829249074615301864e-20    3.238823458756092679e-05    2.184981758815008520e-05    1.387605342613589357e-06    8.269339428183959673e-02
2.900001730177380068e+02    9.976294392739388783e-01    4.324310082135150723e-03    2.103647842996925947e-04    5.189345139614429331e-04    2.892357205367346456e-05    2.027225206549270037e-05    -1.757699671456682307e-07    4.456488064007054634e-02
2.900000038511211073e+02    1.000611036543999743e+00    -7.442214331349581401e-03    -3.598492216724065895e-04    3.170032085763715549e-16    3.230811358699876433e-05    2.194086160575512630e-05    -6.911320735005163986e-08    1.001690998902419411e-08
2.899997520234441026e+02    1.002907094406638056e+00    6.865941563562212926e-03    -2.227726072309772396e-04    1.317929375294951799e-27    3.261559165308905537e-05    2.292964406657311202e-05    1.240055324360306990e-06    1.984046469835974713e-02
2.900001301007254142e+02    1.000986609310110298e+00    -5.423100814688013374e-03    2.916734870633440270e-04    6.554781524876812377e-21    3.310171178163199380e-05    2.250337976565423105e-05    1.966118858418430708e-08    4.187735985896828039e-13
2.900001542193606383e+02    9.982003795164609006e-01    4.957879277536782724e-03    -6.508615318172058075e-04    2.600150732250714264e-30    2.972935122153579863e-05    1.987416805528626672e-05    6.849035524046446516e-08    6.104525854649133984e-03
2.900003068677586384e+02    9.959311211083317072e-01    -1.245378645837273745e-03    -1.497707432787266573e-05    6.585387778372080257e-24    3.226105519636656267e-05    2.268619958850117874e-05    1.170478952285590863e-06    5.696073869944370816e-02
2.900000308836340537e+02    9.990827634382061229e-01    -7.716826383643340601e-03    1.859670288488592994e-04    1.689150313218405362e-03    3.321533778005467227e-05    2.196933063028231716e-05    4.454648349471257476e-09    3.863088322565799807e-16
2.900002336640409339e+02    9.996228391065627994e-01    -2.939347470714131876e-03    -4.535970071045737390e-04    5.146242194972111030e-33    3.202711282889460052e-05    2.316653353428444544e-05    -3.671309279844720966e-07    9.396030874282490031e-09
2.899999994669987586e+02    9.970011219936466551e-01    -4.176249198251621650e-03    3.876746641540080641e-04    9.883854179178431718e-04    3.154295757534614187e-05    2.193056279816845927e-05    1.070006924523444732e-07    5.990933075682246950e-02
2.899995090265912268e+02    9.993678079632836164e-01    -1.346493773576981808e-03    1.468241410010944425e-04    5.344979132504226300e-31    2.879127918855672283e-05    2.103632828890686544e-05    2.071685926337536259e-06    3.970126322032538653e-11
2.900005250169515421e+02    9.996577873498181388e-01    7.540437627298547836e-04    -9.494261578195137643e-05    5.376834632878214431e-18    3.079504130498657722e-05    2.115807040215494087e-05    -1.941716918544127655e-07    5.838190151725788923e-02
2.900001170926989289e+02    1.000202784105631126e+00    2.017317245175675143e-03    -8.916680048823536918e-05    7.089880196918059614e-05    3.106242531267600304e-05    2.266854550459640669e-05    -2.412770423614364403e-07    1.496990857103950846e-13
2.899998087943718019e+02    9.990886956841060762e-01    4.389769724663452905e-04    -1.577854937709030929e-04    3.216226402148688742e-15    3.211798323727805876e-05    2.222808070248212303e-05    -1.951658875266361729e-07    3.061618682171928893e-10
2.900000925276749513e+02    1.000929508352744302e+00    2.886578900594662534e-03    5.055841633997497885e-04    7.136282322680104801e-23    3.441536500585033471e-05    2.202841946678818445e-05    -2.743678916741012851e-07    4.954128207671084795e-09
2.899999590839751136e+02    9.988625970753731709e-01    -6.612343974967005260e-03    1.880158198206087873e-04    5.521832952345329289e-04    3.448377631168761056e-05    2.315222792839118237e-05    -2.064494724861683404e-07    3.311566548788995287e-15
2.900001443628210609e+02    9.994328394704047325e-01    2.664310347934405274e-03    5.974058740961569634e-04    3.965073153343768187e-04    2.754037345437628363e-05    1.977707591459988018e-05    -7.523704464993608987e-07    4.576094552040830209e-13
2.900009191825407129e+02    9.976533926046119438e-01    -1.017773460377691640e-02    -1.567785112870195266e-04    3.544277474310095499e-12    2.990097972404155398e-05    2.091761588249583029e-05    -4.974084700686732232e-08    8.675044221161229419e-02
2.899996590295894521e+02    1.001313042749618853e+00    -6.753349172675682417e-03    5.900988979872632710e-04    5.338084636853373957e-04    3.182259420358326380e-05    2.291049788097807594e-05    1.539465420283246510e-06    1.932511939851473866e-14
2.900004048798175518e+02    1.001384218299097739e+00    4.126342184613440711e-03    -4.169342193039528082e-04    2.874387350569607581e-03    3.193409108093005276e-05    2.204906103756166453e-05    -6.332615343222695137e-07    6.339806161508880944e-16
2.900002847040793768e+02    9.982985969753567224e-01    -2.004557736859115952e-03    2.592533606510864482e-04    4.373265164833204283e-15    3.293541730953640967e-05    2.246000966842106434e-05    3.495700442231017817e-07    3.996651323604331202e-02
2.899999980275639473e+02    9.967319904267836206e-01    -3.134184677584884397e-03    9.073241264113529925e-06    9.585523644187414873e-04    3.184661502691441297e-05    2.192066383558077092e-05    8.153741102777962686e-07    5.271045716725435322e-03
2.900005771719672794e+02    9.973444414622886223e-01    -5.683395945932261280e-03    -1.368637777156253056e-04    2.380037134674811458e-18    3.234041102401870646e-05    2.346418247322425198e-05    1.223164611652727453e-06    1.143681838923019112e-01
2.900000370200748421e+02    9.999291609732446906e-01    9.219907833564385327e-03    3.235666870467930590e-04    1.194167546091663107e-25    3.160098426174928862e-05    2.169237226306886961e-05    3.507640774000525144e-07    6.263770821174945852e-03
2.899995983337379926e+02    9.984928913807147310e-01    5.270766550751590680e-03    1.980651240887555014e-04    2.333843561614034300e-04    3.193894036643169393e-05    2.239663054962539552e-05    9.823192806072967421e-07    1.239342639088977763e-09
2.899998616914974150e+02    9.973132136668914072e-01    4.169647019630976816e-03    1.003605510052537441e-05    2.456347430561624233e-14    3.260471038153736194e-05    2.150218437663569209e-05    1.319547811193430913e-06    3.018768868222714008e-02
2.900001936454234510e+02    1.001275759837914281e+00    -4.958177716707060263e-04    3.680253622895846856e-04    3.073773178451543928e-04    3.234971564559015617e-05    2.256912239065774538e-05    7.648276492447927288e-07    3.411176428365267355e-02
2.899999504671355339e+02    1.001262816513980303e+00    -1.056819638762161728e-02    1.031705884287516099e-04    3.149402019367752155e-09    3.383488499480704010e-05    2.294366664702219909e-05    4.753867236009691298e-07    6.819241817351751861e-09
2.899997187355672281e+02    1.000840199617966109e+00    3.137164505110902769e-03    5.419751584418100064e-04    1.613643735193601202e-03    3.077409793349515584e-05    2.198427889400645231e-05    6.656564209656496710e-07    1.207753061044252321e-11
2.899997022736774284e+02    1.000182363524912743e+00    -1.498583562146300809e-03    2.497944364612508903e-04    1.469402949012322147e-03    3.093164412112419439e-05    2.068545524545604736e-05    8.138525570798157124e-07    5.729428519482158630e-11
2.900007270044412166e+02    1.002585141439169991e+00    -2.472782537824777527e-03    2.183500276026337152e-04    2.498307618393007224e-04    3.286819604331757042e-05    2.248298725482170609e-05    -1.183989655098930347e-06    7.121572842224978273e-02
2.900002525547090499e+02    9.998104578416876498e-01    -6.148419656222172541e-04    -4.440349107686420338e-04    6.666430957927429535e-04    3.075440549109316045e-05    2.199449317913220660e-05    1.474299456369130869e-07    3.185169062171636783e-02
2.900002116897529163e+02    1.002768487397297736e+00    6.172694998524410129e-03    -2.288343545669101458e-04    1.769770171159054965e-03    3.357346556702539385e-05    2.297280631154941205e-05    5.335758349318361584e-07    2.638675624287564053e-02
2.900000943932923292e+02    9.991387871727931413e-01    -5.264437798201156496e-03    8.216504274714993283e-05    6.193628396156754170e-04    3.033744218285361712e-05    2.158548834015880841e-05    -3.910919276374300310e-07    6.138047515547169335e-11
2.900008295044862621e+02    1.000509047481796809e+00    1.103076900545841080e-02    -3.512504862188572767e-04    1.149635509906669412e-04    3.140759930953385663e-05    2.145803814084995867e-05    -2.582113256335264042e-07    8.577512178646318208e-02
2.900000547144834968e+02    1.001912059073615024e+00    -5.272979998143326359e-03    -2.594883062885003063e-04    8.962512283412178227e-04    3.061182896317424300e-05    2.177438307429887014e-05    -2.494854985988366437e-07    6.458417245484055245e-08
2.900003438408464831e+02    1.001144833991589156e+00    -5.087442800152849540e-03    3.783340244898774924e-04    1.173984537840924245e-27    3.185055254806372891e-05    2.222862399930360499e-05    -5.875009607301116706e-07    3.097429961509978454e-10
2.900001682754004833e+02    1.000554097597329273e+00    5.736884224463419460e-03    -2.778514034964925318e-04    5.297861835448704638e-04    3.273431252001561233e-05    2.275969245632382463e-05    4.239371733115505088e-07    5.630561825305888807e-02
2.900001910139012580e+02    9.982732546249741823e-01    5.469298313864403259e-03    -1.062706467376773391e-04    3.301819445768581118e-04    3.312329904959806750e-05    2.308499957028648769e-05    -4.843193212276518807e-08    3.366252152714091506e-02
2.900001113867425033e+02    1.001770594252335389e+00    7.196454958955075636e-03    4.753407088665702459e-04    3.021016011947034399e-21    3.086740471862601138e-05    2.162470456926584360e-05    -1.297023733545933849e-07    4.065277635180363988e-03
2.900000985473413380e+02    9.934724903234218862e-01    5.086531586770187165e-03    3.742859889185794160e-05    8.052716887966969650e-22    3.150389455152942213e-05    2.268401973138671257e-05    -9.389844032672100877e-07    5.556854609275008823e-10
2.900003435380620544e+02    1.001782585125299718e+00    1.338108308864292481e-02    -8.109481831014450593e-05    7.337200081011309742e-04    3.163527344736004923e-05    2.274695602114967463e-05    -2.655140185230760531e-09    1.034149609026126237e-01
2.900008249370697513e+02    9.995570689324996261e-01    2.665737408679642265e-03    -4.128512229228460846e-04    2.802209377574146560e-16    3.226261010182275124e-05    2.206459163546270518e-05    -4.776820720903951165e-07    1.264810572331194483e-01
2.900000426857466778e+02    1.000697738635933476e+00    -8.609858044306799296e-03    -4.617464487360053245e-05    1.117423512094350415e-03    3.344721145194700301e-05    2.324674218018026622e-05    2.766780751479941442e-07    1.142541443680456306e-02
2.899999518259752449e+02    9.957485135384606112e-01    2.815195811327308225e-03    -2.590090683844977035e-04    9.216905678149820650e-04    3.178817563744772937e-05    2.200597513583866765e-05    8.168885442202988869e-07    1.840637651604238257e-11
2.900000673298687275e+02    9.995207505842240714e-01    2.271986459923586773e-03    -1.776219006892866483e-04    3.159344547015939366e-24    3.426394019727839674e-05    2.344240492211112402e-05    -1.818915613815772924e-08    6.890014314749477766e-10
2.899997505609406971e+02    9.988924942083041714e-01    -1.688120429397262808e-05    3.296281335694805720e-05    2.469537762011221865e-03    3.329410139537805911e-05    2.251800668084668217e-05    6.456590035741560513e-07    1.480049519246241184e-19
2.900000992494295815e+02    1.001841664788743147e+00    3.428525097070918987e-03    4.785535547594961503e-05    1.738650317098962273e-04    3.166403528943936022e-05    2.159310357969433276e-05    4.498334556005490445e-07    4.528843565239925456e-02
2.900002381693294637e+02    1.000914717158580158e+00    -1.157516299572193584e-03    -6.151837739328669527e-05    3.675639240012344472e-25    3.132101406983730282e-05    2.133366266203024655e-05    -1.467790522620564584e-06    1.070781382903649047e-09
2.900007422733710314e+02    1.000235067105508913e+00    1.781749112350450130e-03    -1.203359079294683486e-04    1.222592761847675000e-22    2.991459850728684055e-05    2.110950597705933386e-05    -6.259824617614909093e-07    8.143679752445014131e-02
2.900012717201792611e+02    1.000415526415679546e+00    -5.941835189972178091e-03    -5.190860603867615466e-04    3.425600708346480971e-04    3.459714490517333096e-05    2.247075545201792813e-05    -1.384675322858343543e-07    1.658704729360688523e-01
2.900002755515172908e+02    1.000823922886602269e+00    -3.026739655630175663e-03    3.125354277181576737e-04    1.020952808068124487e-27    3.136598571644274360e-05    2.176097476227975829e-05    2.726357600571032124e-07    5.197759333094307405e-02
2.900002995419302465e+02    1.002037614595892689e+00    1.308536214133707194e-02    6.937114873122137608e-04    1.393187904889804088e-04    3.212432695916393234e-05    2.208673529238714268e-05    1.862501647560574028e-07    1.005627281982760047e-10
2.899999141652444905e+02    1.000961538229203640e+00    -1.501121616131326306e-03    -2.610205820652127516e-04    1.050194774069594220e-13    3.150420238990111170e-05    2.322804335335270222e-05    -1.247619627450878835e-07    3.623080351262793685e-04
2.900003344492145629e+02    9.990616278856121468e-01    3.312541644570843324e-03    -1.286493568453579716e-04    1.306260227715249778e-19    3.348590332446584912e-05    2.254917900481599903e-05    1.305587960743320636e-07    4.934906327562397360e-02
2.900002349659176275e+02    9.997825742458051890e-01    -2.532420100606588885e-04    -2.892441991906845875e-04    6.279407199064587818e-04    3.256176830993729344e-05    2.206935615315275102e-05    5.773682622284654684e-07    6.280205790427713375e-02
2.900002865016774081e+02    9.981515513616497914e-01    1.157686520990529322e-02    -2.587180298996482534e-04    1.430881850926468129e-23    3.081103265313666457e-05    2.145100902242210364e-05    -2.822136087309389780e-07    6.030436726148000887e-02
2.900006141178586176e+02    1.002571364982994817e+00    -3.954211286855659029e-03    -2.283815810655701387e-04    8.618359439278236315e-04    3.156692834895593176e-05    2.247598317358413879e-05    1.828792673255984806e-07    1.062896248962592188e-01
2.900000831267621493e+02    1.005027284538658083e+00    4.840770834468705389e-03    -1.433625188033175134e-04    1.116432446485019847e-03    2.920459167217054770e-05    2.160906006307169625e-05    -6.419710260409177133e-07    2.754571648167194325e-03
2.900000020376510292e+02    1.003837925453349600e+00    9.219813930583383669e-04    8.609274015352741795e-05    2.062945913649109727e-11    3.448784977128649680e-05    2.390082864577129843e-05    -6.845766454770908432e-07    3.670717346264857982e-10
2.900002020793048700e+02    9.989284898513764999e-01    1.030983056678426782e-02    -6.962559914586180119e-04    1.689445920283183511e-04    3.143448901913355463e-05    2.090535800351932014e-05    -1.256311183911322703e-06    1.215994068326400716e-02
2.899999264708652049e+02    1.001066379821083485e+00    -1.115399513723091185e-03    -7.104474781419758923e-05    8.151260107325423521e-04    3.239207764460461727e-05    2.284118225970166184e-05    1.222278354569850298e-08    5.584747395541770059e-12
2.900001296313292869e+02    9.983770213297806784e-01    -7.186199406802635734e-03    -4.619767192395886731e-05    1.058395154448703416e-31    3.328284657237394727e-05    2.282023041764341911e-05    -5.870150631575986948e-07    8.764283367326457726e-13
2.900001585147656442e+02    9.983467013810670698e-01    -7.340701345851858477e-04    -4.182904574979503663e-04    1.038187358348701935e-03    3.307387812100363883e-05    2.353098381754272170e-05    1.128939683762233472e-06    8.577382243687599328e-02
2.900003309135531708e+02    9.991925476876419854e-01    -7.680058170235617293e-03    -3.813139578326846268e-04    1.659953651981638202e-03    2.991294433319953230e-05    2.236707266745308021e-05    5.585302212670065632e-07    7.170216843312060551e-02
2.899998191175455986e+02    1.000056264335260181e+00    -1.875586044903600202e-03    -4.234071622846783105e-04    1.027384171506263938e-07    3.143743094964064177e-05    2.229032747231158147e-05    -5.150451663201627680e-07    2.313241370551479938e-09
2.900001899666137319e+02    9.994549424435054119e-01    3.082481006211879298e-03    -2.704445733065096347e-04    1.315884377518010797e-03    3.167665969703088887e-05    2.151822431469969493e-05    -5.511300309324867020e-07    9.272255073635747634e-11
2.900001560932573739e+02    1.000019433614452558e+00    5.520101045248480658e-03    2.353831137296359850e-04    1.580376593088926584e-03    3.095971574596313497e-05    2.224081119668843546e-05    1.066001304444428349e-06    6.106240274196746143e-02
2.900001801807489414e+02    1.001705310989771114e+00    -9.380005738170518054e-03    1.047280629925784293e-04    8.360360605244236513e-04    3.211390225203715704e-05    2.149508083786950651e-05    -8.513483376459185391e-07    2.925269931886568266e-17
2.899998980623369675e+02    1.000898915132994116e+00    4.206549995378084175e-03    -2.091083427316022989e-04    1.793899666762311923e-34    3.468254759127051599e-05    2.357231174230230527e-05    -3.174915564007031756e-07    8.780689673085375599e-09
