# f_r [MHz] A m phi D delta_r delta_ere delta_eim a
2.900004053720552406e+02    9.993882538207378152e-01    8.308149383823074802e-03    2.679650992061220500e-04    5.549388439725268447e-24    2.836912093241299136e-05    1.889104032862505846e-05    7.094242229250505298e-07    6.268215920903970340e-02
2.899998297687816375e+02    1.001338802830956887e+00    8.342130030401427587e-03    -6.476053735347173351e-05    8.305785816470903030e-04    2.745923129437151611e-05    1.685469646363070258e-05    -4.487609162905880897e-07    3.754298010904256245e-13
2.899997762061694289e+02    9.974953744085027774e-01    1.063415006624155411e-02    6.397595348659479713e-05    6.939704986043304831e-04    2.993475608670704915e-05    1.809120717976785527e-05    1.565479723160469876e-06    7.837734253821927732e-09
2.900001484061313590e+02    9.949873534424994448e-01    -8.717693203783166006e-03    2.985581062320820877e-04    5.261192995940080864e-18    2.555267757736413907e-05    1.689573613009392013e-05    3.001396671724434103e-07    2.615139468013529325e-02
2.900009549045580570e+02    9.990581838028468331e-01    -3.801512350953841022e-03    -2.368845198451016210e-04    1.189861774916045785e-03    2.796144374041684982e-05    1.792642796092421692e-05    -3.439127552871593117e-07    9.234670361409115513e-02
2.899998293508893425e+02    1.000729170401902124e+00    5.954176579652327266e-03    -3.774008838490244171e-04    6.344423180094045548e-14    2.788164632895225850e-05    1.826210206962727514e-05    1.187855352753341493e-06    5.874536131092935741e-10
2.900001368978209371e+02    1.001128761900242692e+00    -4.274669385420152429e-03    -4.307212098772251623e-05    5.021661099716593453e-04    2.390818214896658328e-05    1.659828275146950504e-05    -2.212767775387564858e-07    3.719280220866351405e-02
2.899997266081595058e+02    9.999819560247666939e-01    -6.604548306898147536e-03    2.101593001606551117e-04    1.630789267834558462e-28    2.604859890106244250e-05    1.769902423124958651e-05    7.603214774004827155e-07    1.009798062544041547e-10
2.899999076851615314e+02    9.986595361528445292e-01    4.820087273060141148e-03    -9.977037651329803962e-05    6.203192614990188838e-23    2.790037368960699598e-05    1.765747976043345152e-05    7.245614698111260620e-07    3.800324075527134610e-02
2.900006535452440062e+02    9.996757552126052104e-01    6.612313997187027267e-03    -2.371125210437731120e-04    4.379086735024829058e-05    2.462732497437191252e-05    1.630969373534730778e-05    -2.255565536955172082e-07    9.825576938551158768e-02
2.900000928182936377e+02    1.000716842059979461e+00    3.840803015994903157e-03    -9.367818668693426944e-05    6.495749695996760102e-24    2.720426647249030933e-05    1.725690628217533203e-05    -2.977896686812498408e-07    3.256925294673319153e-10
2.900003859999588940e+02    1.002263880704601817e+00    1.499697046198092583e-03    -2.473079964874045234e-04    5.863103031297653639e-04    2.913554046854931084e-05    1.805511638913381701e-05    -7.707476913730024775e-07    4.782178435324622358e-09
2.900008441938883266e+02    1.002223498030391680e+00    6.735083867208996669e-03    -1.365928644262177222e-04    4.713083219276910287e-04    2.852705240158755841e-05    1.819209220871710356e-05    5.971459990640050541e-07    1.187751675924364203e-01
2.900001071928288638e+02    1.000048148741048415e+00    1.176210288636942922e-02    7.657862009910917065e-05    1.340766318081916741e-20    2.599836364633939046e-05    1.733518538880718301e-05    6.880541051757673687e-07    5.405896333837287293e-02
2.900004697419227568e+02    9.989901923588849764e-01    1.551274470722806493e-03    -3.385298896936566487e-04    4.503917208456580308e-04    2.764136867839400526e-05    1.751007569935925665e-05    -9.052799375003690438e-07    1.344531840366965895e-11
2.899997773104199723e+02    9.992644658741423047e-01    9.820333410995377155e-03    3.181882536190343671e-04    1.500232105323320159e-03    2.802163678254016832e-05    1.702232652719630056e-05    -2.586512104337513830e-07    1.356512922413470774e-02
2.900001080245138496e+02    1.001129070134134658e+00    4.119582656071477632e-03    2.071540926872733320e-04    1.058569515430848441e-25    2.865704640109839081e-05    1.767375204341555339e-05    -6.763857170843205003e-07    7.935684946209339343e-11
2.899999939500776236e+02    1.002086785262418678e+00    1.712673028502974238e-04    2.110328405578572536e-04    4.076461042881432861e-04    2.999257828910370321e-05    1.814989198115756771e-05    -3.747173910340467228e-07    1.400199517456928038e-14
2.899998761920716674e+02    9.986231909205760537e-01    1.922657004652933346e-03    -6.238244834133256547e-05    5.186131537129099302e-04    2.779692080460633696e-05    1.790016851608562559e-05    2.496843822328358149e-07    2.505298845354687754e-16
2.900002737926814120e+02    1.000464749496962069e+00    1.543716578914954484e-03    3.129702993904717040e-04    1.221309601154718736e-03    2.560855811264957729e-05    1.700187160565222810e-05    -4.411492111779681863e-07    1.812605115588088878e-18
2.899996073878343168e+02    9.988198758182933457e-01    -6.463284064051361567e-04    -4.115224790241465156e-04    3.695968004748858790e-28    2.913340809286624593e-05    1.821776050162074223e-05    7.300552087431619802e-07    2.819179596957065213e-10
2.899998940703101766e+02    9.991497487526570520e-01    -1.167985232411937815e-02    -2.589110624302471309e-04    7.269089155991163532e-27    2.731302272538007407e-05    1.720216128791976607e-05    4.784130179485527504e-07    5.112279355524165506e-12
2.899998471336877515e+02    1.001601868379460525e+00    1.070015051937835441e-03    -9.160394046131893912e-05    2.672276135510739107e-23    3.072597299778980954e-05    1.770627245868665745e-05    -3.254891215067368512e-07    4.924940160842894607e-13
2.899998472211942158e+02    9.992954679146869301e-01    -1.622631779636930782e-03    -3.067402675457630852e-05    5.606497149974748699e-33    2.712675192298720666e-05    1.702278343939467463e-05    4.652606575427190227e-07    5.798054364659398701e-08
2.899999823202331868e+02    9.989918537792151776e-01    -1.733849080010372115e-04    -1.358118897425212921e-05    5.495202836634821256e-18    2.564972016927679431e-05    1.700170604889406203e-05    -1.107848130708024309e-07    8.963469640063920293e-10
2.899998571505784639e+02    1.000083769975236958e+00    -1.373516287243893032e-04    2.604567691937364842e-04    1.061682918406947264e-19    2.702948184072635735e-05    1.700829628333585156e-05    3.732603233466282248e-07    2.932079188388158827e-02
2.900006136906859524e+02    9.996016220430000709e-01    -1.154053791484488996e-03    2.204919398186282620e-04    3.720023459520706679e-05    2.970963980278543107e-05    1.745340114588353315e-05    -8.387467326247412406e-07    4.014602786239367810e-02
2.899996344834540878e+02    1.000615047744191966e+00    6.076255646680681251e-03    -9.691357449912242660e-05    1.077060664138592709e-21    2.565352671444773254e-05    1.675537835260817638e-05    3.654694111874243406e-07    1.549234845463962306e-09
2.899997258863825778e+02    9.956695998746132314e-01    2.357381551751057576e-03    1.613779244937309828e-04    8.748165813896706573e-28    2.718295439084891121e-05    1.762230882044520396e-05    4.487374313929998139e-07    7.783719536410322034e-12
2.900002031548556261e+02    1.003487522112858965e+00    -5.679288023354680387e-03    -1.660331962956509316e-04    4.027149878874257705e-35    2.934555467238280700e-05    1.755229573905954426e-05    -4.852674824135637588e-07    9.945876859803814279e-03
2.900005129331240141e+02    9.969325984356046666e-01    1.430648105912314802e-03    -1.879326527762457662e-04    8.808012804039693297e-06    2.677308374655501544e-05    1.753039600928342330e-05    7.750677950230270802e-07    1.074858731462417227e-01
2.899999192964110080e+02    9.999119403260416927e-01    9.324962231171266599e-04    -3.008685974057907572e-05    2.788755740164514932e-04    2.784124217806895678e-05    1.780181449500974186e-05    -6.969309960447861732e-07    8.425324902107620144e-14
2.899999848120286856e+02    9.989005957313255024e-01    3.289369184245391833e-03    -4.511599295057458454e-05    4.158640382329003812e-05    3.100517303052892278e-05    1.837798670582519009e-05    9.402954312117502614e-07    4.012775897708582840e-02
2.900000246440623641e+02    9.973266482375449105e-01    5.848783875510273414e-03    -8.201939331983007649e-05    5.237002187741939956e-05    2.698244656113960545e-05    1.738627723191857671e-05    -3.999638070891544218e-08    2.772437764710717050e-03
2.900002822740809165e+02    9.980361377674146217e-01    -6.640943754289535192e-03    -5.834709661663677180e-05    1.399122744658547121e-20    2.976740936321582229e-05    1.896870468887894092e-05    -6.793042002853653902e-07    7.178792004410571546e-03
2.899997757938111249e+02    9.993891654959100590e-01    7.160037381294176093e-03    -3.358111412773597795e-05    5.035359807493098176e-27    2.749350497384813282e-05    1.747642207390273468e-05    1.077094475785080321e-06    2.645400684858315165e-10
2.900009376582932532e+02    1.001679903206474043e+00    1.731449460206864466e-02    1.447892874634473727e-04    4.572458881060294223e-04    2.838832321727101878e-05    1.765246852339755855e-05    1.103543443945859500e-06    1.606131380461400526e-01
2.900002193345682144e+02    9.984424812173027242e-01    -6.583214521472669292e-03    1.947599302868559007e-04    3.715411184658140447e-29    3.136377721065713113e-05    1.854993497002453988e-05    2.508798867590795248e-07    1.777160655668274062e-10
2.899999724633848359e+02    1.000808672922147258e+00    7.807343108616892832e-03    -2.504518015638777773e-04    1.537096944106496256e-28    2.638350886707364611e-05    1.648534250239670594e-05    -1.788813760457420684e-07    1.327026938262085813e-09
2.900001013162132040e+02    9.983805151035181069e-01    -4.916135123153860670e-03    4.443046140610174412e-04    2.004055573559787150e-03    2.662495012147029794e-05    1.677658401916838017e-05    -3.541888017530401517e-07    1.435443841248802327e-10
2.900000748516087015e+02    1.001889853851495094e+00    -6.189269504863832011e-03    -7.308164649445740698e-04    1.211198474337933867e-03    2.764982829730396413e-05    1.843623696261879210e-05    -1.649750350508311630e-06    1.710491191331469289e-12
2.900003776927428021e+02    1.003579985969804911e+00    -1.032547172274821644e-02    -6.046851730936577763e-04    7.197653872051106799e-21    2.695094878374681391e-05    1.746204296354849359e-05    4.074346764184465690e-07    6.466777230603069915e-02
2.900008084447329679e+02    1.001012397816117616e+00    -8.002498016598620298e-03    2.160957459839767635e-04    7.028792105257689136e-04    2.823920088202477508e-05    1.791397569037523013e-05    -6.074521169045340463e-07    8.370767816664501093e-02
2.900006122934794917e+02    1.002661172860692451e+00    -8.435840248449202189e-03    -1.074812983914900206e-04    9.384631820895860324e-27    2.765586706111003936e-05    1.706673132370346152e-05    -5.926585124725643299e-08    1.218363258164777557e-01
2.900000966781973375e+02    9.990633927820238291e-01    4.183543052798233521e-04    -6.000819890264187358e-05    1.989516336635610092e-24    2.786487002888969792e-05    1.781684701691593962e-05    -5.744571751485868833e-07    7.395297279149885157e-09
2.900000257780051243e+02    1.002854362537603627e+00    -1.459071544962200519e-03    7.364035462114380348e-05    2.075273589257612577e-04    2.589854112917452510e-05    1.679256345012930819e-05    -1.749153208453137857e-07    1.269982638545526522e-13
2.900003286939693794e+02    1.001375020780177927e+00    3.169168589785273989e-03    -1.286894020047448688e-04    2.499021860679645642e-04    2.435139379883182877e-05    1.557635668607607231e-05    -3.788540630588713334e-07    2.035212456697911218e-02
2.899998817533718807e+02    9.971994361839729981e-01    -9.557157976948957648e-03    -5.008932390684672558e-04    1.568902942322058440e-04    2.792884132140661268e-05    1.798238230432076392e-05    9.424137786000609828e-08    2.926459169708334803e-03
2.900002899068240367e+02    9.990843360525367700e-01    -1.645440917828558045e-02    -8.883646191769025606e-05    1.292982260409456228e-19    3.033551260087123129e-05    1.871928519573971668e-05    -3.502787569429005443e-08    5.555755065653825153e-02
2.899997567719852327e+02    9.976088730733665422e-01    -2.568403027059579756e-03    4.034687009602565071e-04    1.377230061406035109e-03    2.556000159584848649e-05    1.659152077274081232e-05    4.018530297210042298e-07    2.628147849467656755e-09
2.899999341866802638e+02    1.001833372075731088e+00    4.292216625679219112e-03    1.117209309431992185e-04    3.745969589708896411e-29    2.907976616196442175e-05    1.783992165876890990e-05    5.611881829423973501e-07    4.751172431431204969e-11
2.899998133816454811e+02    9.990688315407315612e-01    -7.325371257444529896e-03    -3.505884718233908347e-04    1.877179744748568151e-20    2.763176962317281918e-05    1.686948149510632923e-05    -1.688154333449721860e-09    3.831361348524850669e-09
2.900000193356722207e+02    9.972466060735561966e-01    6.741898554225043971e-03    4.832123426133906824e-04    4.654612564342646861e-04    2.904344019530655631e-05    1.766744321551980907e-05    8.832178408361244234e-07    9.597371483831859071e-14
2.900006352306369308e+02    9.996398246911258889e-01    1.384063046270862449e-02    -2.859499618504739388e-05    5.059967419831803389e-26    2.780304290226971351e-05    1.752004264070872481e-05    -4.359132289748674776e-07    1.457691288444872280e-01
2.900000339078873139e+02    9.983082879967091205e-01    -7.183652067468864269e-03    -1.215485066321709309e-04    3.310441711583949715e-22    2.689856621360163183e-05    1.738436785276264963e-05    -3.238657718126509927e-07    1.427390719480269467e-12
2.899998412859735595e+02    9.933409152182549606e-01    -6.390275255410907650e-03    5.270390770752397249e-04    9.679836878992036567e-27    2.702045120837999755e-05    1.717882012900717715e-05    8.256016472754547175e-07    2.421564277134225013e-12
2.900000547092851662e+02    9.997109577534196712e-01    1.976445711385828568e-03    -5.179767327871539161e-05    4.878937245669356243e-04    2.868203063994467368e-05    1.823847001752259723e-05    -7.901663629160454058e-07    6.263276160624713850e-12
2.900000114475093369e+02    9.970487580983766751e-01    -8.400383485182378251e-05    8.167224020330630138e-05    5.899469071525341272e-04    2.681159042436707620e-05    1.735208002224813154e-05    -3.352637192873241008e-07    3.304805083740849759e-10
2.899996558813218144e+02    1.002087280402522040e+00    -3.069657120987394523e-03    6.784772830842977862e-04    1.059536808717766637e-04    2.746573213721570318e-05    1.802563941646259909e-05    4.051239974097235587e-07    3.519956325488584302e-03
2.900002332460444450e+02    1.002055470433917073e+00    -4.587672864761787456e-03    -1.958540435986070097e-04    1.685186496879832393e-03    2.812472599183877289e-05    1.805680608805386846e-05    -3.180710475094087130e-07    1.312627629341102494e-13
2.900002317396271110e+02    9.986182783986293776e-01    1.366483790533954529e-04    -1.375752383817194441e-04    1.041060362679056573e-28    2.678102083171481171e-05    1.742838149631277081e-05    -9.554843922328128560e-07    2.175271880640919986e-09
2.900000123619203691e+02    1.002333864929031870e+00    3.980932721207952260e-03    -1.680490925391483039e-04    2.653368889332299615e-18    2.669778173346981203e-05    1.736712983215742015e-05    4.122899089242451803e-08    8.418957234577404011e-12
2.900005146223607539e+02    9.981340377470913072e-01    -4.758090580016744245e-03    -2.269066992621206181e-04    4.693134734862184160e-20    2.832464067658900595e-05    1.782394654905361710e-05    -6.394755358884461439e-07    4.088180670933847655e-02
2.900003260706076276e+02    1.000421776018612263e+00    -2.868083020547542404e-03    4.826655806609135178e-04    2.488021176599532398e-04    2.719900216395552291e-05    1.801475325429879333e-05    5.713612681155093233e-08    2.120308607948693733e-02
2.900001447665234195e+02    1.000631152296497683e+00    -6.684006737293054883e-03    2.322993132530308549e-05    2.706308806410161156e-20    2.851553740803469293e-05    1.853656373741630628e-05    8.533269969590668591e-08    1.413031378211274461e-02
2.900000154209755578e+02    1.003259191368990999e+00    -1.208034455063130381e-03    3.165450754453696909e-05    2.246021202564870340e-18    2.974665843949158219e-05    1.827608798633602693e-05    6.640747027896034252e-07    3.278465836891071572e-02
2.900011109206235460e+02    9.973497476455192023e-01    -1.119589845805885574e-02    -2.702147727722237734e-04    4.028377689485656198e-19    2.559284138041824683e-05    1.762224805133152822e-05    -5.693746583172136054e-07    1.336827975009556302e-01
2.900001050889912335e+02    1.001171382680138722e+00    -1.685520412970067461e-03    1.558652201595012111e-04    8.279252187161573724e-18    2.827231668459682311e-05    1.761006266758918887e-05    1.007706965014027783e-06    8.986042427954944818e-09
2.900002525555136117e+02    9.983484901530921274e-01    4.845352737734485299e-03    -4.151132860004459768e-04    1.602174259615206332e-03    2.657917067111351724e-05    1.646368212504142656e-05    5.869486348853970476e-07    4.946966100129773086e-02
2.900000561221709745e+02    9.968762346598607493e-01    3.811903549390667240e-03    -2.055058184450177369e-04    1.435212024812594850e-03    2.611057311346723239e-05    1.678711254814951821e-05    1.897597743004440163e-07    1.376836037780059495e-02
2.899998099232935829e+02    1.002591676676582999e+00    5.379606479343088977e-03    -6.165763105953028409e-05    1.237935159527212090e-03    2.686482654333840670e-05    1.731239949254898228e-05    4.605542910843043217e-07    2.138727000356687759e-03
2.900006501294308805e+02    9.998746817851391633e-01    -1.425036123534245735e-03    -2.373660444409772692e-04    8.314759847146467123e-16    2.728899922724766376e-05    1.794089429413081523e-05    -6.239443426926131119e-07    9.179950637170457284e-02
2.900003850510085499e+02    9.963929064932290913e-01    6.166881473357278213e-04    -5.708561321933469917e-05    6.113167117132213346e-21    2.845623342209651504e-05    1.760360456522312017e-05    -7.463097704884597900e-07    7.435855665640065355e-13
2.899999879702682506e+02    1.004738434809734571e+00    5.712424981691364935e-04    3.870360016859585007e-04    4.714708599559667718e-04    2.827202853930462013e-05    1.802444969529795921e-05    -2.266158451393614203e-07    4.227715597982476957e-04
2.899998607041156333e+02    1.000118015966378948e+00    4.470868949349572283e-03    -8.839804152286392293e-06    2.286092075156459553e-25    2.649892223687415099e-05    1.763196393614269240e-05    -5.004154236693341572e-09    2.657127987191124436e-12
2.899997616490240375e+02    1.001582022592220955e+00    7.268696481573179609e-03    -3.767855705424560313e-04    8.813339248468578290e-04    2.830002831339675594e-05    1.741651705583870721e-05    1.401187251155156805e-08    1.339459788663781475e-11
2.900004612417296244e+02    9.980022912342757513e-01    1.055233122381392819e-03    -1.747216983860185816e-04    2.634851253659125183e-04    2.587573354096618124e-05    1.693327303630784582e-05    -1.445733008080354491e-06    1.207455542285815892e-02
2.899996840447431623e+02    9.986337583354475411e-01    4.506348185478848724e-03    4.091042156343349103e-04    2.102871806606377215e-24    2.679426424820589186e-05    1.662282623098737611e-05    5.469444588081910050e-07    1.728299353101380652e-10
2.900008020115819249e+02    1.000087336476462196e+00    -1.184133481447844673e-02    -5.181545906934196871e-04    6.680581552166843657e-21    2.869610105664665377e-05    1.777056535173414796e-05    -7.248179204950590204e-07    8.061438297972957356e-02
2.899999686987588348e+02    9.989731151409583232e-01    -1.284643197936945896e-02    4.979925137240004580e-04    2.753325471414838672e-27    2.509639978560753050e-05    1.621089822239214469e-05    -1.440192133079044098e-07    1.548577404853356968e-10
2.900001168318555642e+02    9.990072927977736716e-01    -7.432056411443779690e-04    -2.654872130295287650e-04    8.277024978852507526e-04    2.836886918178682361e-05    1.697518716758270811e-05    2.275621876956095818e-07    8.333900432461630947e-04
2.900000678045030895e+02    9.992044342438513027e-01    -1.735323666962327151e-03    2.327560263474042445e-04    4.720197300914551845e-20    2.617100016936727423e-05    1.702054414310193159e-05    4.912030623704542480e-07    4.165792791172410331e-02
2.900001902236043634e+02    9.980142072344627691e-01    2.141561146650409423e-03    6.008301455263587642e-04    2.358342843274408018e-04    2.862871842077554117e-05    1.785771898284470167e-05    -3.672312298392588241e-07    8.123636333017519862e-03
2.899999302268409451e+02    1.001043006354589648e+00    -1.481970942020284683e-03    3.642321282848417119e-04    1.058268627862406822e-23    2.751654409165719831e-05    1.789018292544613907e-05    -2.082601464561713013e-07    2.140059892412122232e-10
2.900006528115398510e+02    1.000906046904968871e+00    5.397951418432843720e-03    3.296726282933433341e-04    7.000716810050862929e-23    2.638679366053504934e-05    1.732948645131639215e-05    -4.767244517504097773e-07    6.357826006845379574e-02
2.900008985502626047e+02    9.994394436734616027e-01    -3.966386357440082437e-03    -3.356320674869356238e-04    7.886764982207711532e-04    2.974965459232319261e-05    1.879757457991497815e-05    -1.005320063146709675e-06    1.260194182677535912e-01
2.899997877979071177e+02    9.982968411164002687e-01    -1.635761211332756315e-02    -2.209443169968412562e-04    9.505175100864139779e-04    2.699943316574463697e-05    1.772909527126436037e-05    4.153108706215091650e-07    1.408637403949605245e-11
2.899999123755472965e+02    9.995393015227511668e-01    6.906208330120658725e-03    -1.152226609478129488e-04    4.742766788018170938e-04    2.873270621484324256e-05    1.860269506031762642e-05    8.413655390276729238e-07    1.542427309638573594e-10
2.899999867524337560e+02    9.989891700508728434e-01    7.911427390289013303e-04    -1.031324061652332430e-04    9.986663501243073807e-33    2.874476704017987457e-05    1.772575157879851244e-05    4.462845288690694729e-07    3.212762336896173715e-02
2.899999201972299261e+02    9.981429220718212036e-01    -3.138096808752614732e-03    2.780085613104227283e-04    1.173967175656811081e-03    2.671710525734860857e-05    1.733696563498801125e-05    2.536527991036039155e-08    2.823225372945795129e-15
2.899997082380396591e+02    1.001211304999935381e+00    -6.153128682273137189e-03    -4.565056827889331478e-04    5.370176225113590493e-36    2.617484392340772934e-05    1.687884295110842755e-05    6.992660883381265904e-07    5.934438010926360456e-10
2.899999354176004545e+02    1.000636495746872301e+00    3.276129036401665556e-03    2.571827400544814059e-04    1.714857981233200782e-03    2.627842182193609942e-05    1.676001158049915876e-05    9.662961355906454171e-07    1.580403440754888852e-02
2.900003245359121706e+02    1.004220161307380232e+00    1.138511329162603634e-02    3.355640974925991728e-04    1.008587099380706164e-03    2.793633995844480578e-05    1.788032383349975801e-05    -2.605478435539977147e-07    5.314124835071105252e-02
2.900000382261629284e+02    1.000420333167404419e+00    -1.483842854606922746e-03    -9.417527388883478777e-05    2.613057947595990400e-04    2.934093712323780856e-05    1.887300468702393221e-05    -8.835985333606266826e-07    2.073740404261660199e-12
2.900002355431427077e+02    9.992367496255047943e-01    -1.492912688799805272e-03    1.115190426502111494e-04    5.936665549496485838e-28    2.888673936292561746e-05    1.758455406625844943e-05    -7.111752633282287760e-07    6.892545714351325410e-03
2.900001077955782876e+02    1.004016989023811091e+00    4.899960915558345363e-03    1.863783514687573472e-04    1.555249775678563379e-19    2.931229093675476635e-05    1.782685359649691375e-05    2.341467653079247792e-07    4.672514996821323929e-02
2.900001584959249499e+02    9.969581178274614652e-01    6.341325363071549691e-04    -2.289751289941763116e-04    8.291460620874591532e-25    2.707987913641204451e-05    1.773188284730011451e-05    -3.694021160894781372e-07    8.021656765619541890e-10
2.900001084649575773e+02    1.001040708951604463e+00    -1.059773039435180086e-02    -4.068575664444156761e-04    8.410887790247932767e-04    2.841295517476095315e-05    1.785079483526489711e-05    -4.995558144480045835e-07    3.911321374273327330e-11
2.899998534975451889e+02    1.002317701698789421e+00    3.321351903499542707e-03    1.478207409604879573e-04    4.918078724737761981e-04    2.619835330769065869e-05    1.701112691552789208e-05    1.269103424546614377e-07    8.441548664272987879e-12
2.900002159511029163e+02    9.992024288294396595e-01    -6.066519104612222782e-03    1.229588610422320830e-05    5.666856709273238295e-04    2.740951334888235553e-05    1.791531900635849985e-05    -9.363433137517546904e-07    4.813652517468522407e-02
2.900004527935927285e+02    1.000555633966525360e+00    1.196042648677827190e-03    4.706396946854818461e-04    7.569648255760687189e-25    2.766279839769045942e-05    1.778426303310174324e-05    2.569087996861596588e-07    1.208099678600584731e-01
