# f_r [MHz] A m phi D delta_r delta_ere delta_eim a
2.900004165115774981e+02    1.001288639273752779e+00    -2.579277141185552010e-03    1.824187679371809415e-04    1.116620749675371364e-16    4.051825069842745873e-05    3.137959668327212643e-05    5.403617571006242553e-07    5.064802468419150189e-02
2.900002460248686589e+02    1.002654895008394886e+00    -6.840534749837381100e-03    -2.079473263175054263e-04    4.247757562664772796e-18    4.231652321549820921e-05    3.152940069203974491e-05    -2.969967819913980619e-07    3.033060678751036269e-13
2.900001845089967105e+02    9.978011574693268493e-01    -1.498493794246377395e-02    8.198179545470472276e-04    7.094202457071447305e-17    4.215219284416912631e-05    3.122633147792181418e-05    4.528644166598747953e-07    1.410253832115216700e-10
2.899999947127328710e+02    9.984704547230071059e-01    5.922327662631818139e-03    9.609927089996586017e-05    2.958961311444082950e-04    4.173872476422438359e-05    3.159432616566377566e-05    8.803192176801757178e-07    2.731809168993162493e-02
2.900000283432896708e+02    9.978807195522496620e-01    6.124413190311228140e-03    1.502555567966407124e-04    1.296039376284440483e-12    4.164648054849141493e-05    3.207820616621742606e-05    3.946159964240016151e-07    1.004958523828020561e-08
2.900005053024212884e+02    1.001852827129449119e+00    3.784971963434390681e-03    3.531244092380372455e-04    2.680020695079218580e-15    4.269965613645750258e-05    3.211816463159870443e-05    -4.910595424516889325e-07    2.794027130835158301e-02
2.899998127194111248e+02    9.978210174833456181e-01    1.258482872835962017e-02    1.368958634464242463e-04    1.440260557497906616e-21    4.177831091960174976e-05    3.080739532414531145e-05    3.110328243892303005e-07    1.624050962652333672e-10
2.900010283322125133e+02    1.003289629284406015e+00    4.034038116976543893e-04    4.371603696127554636e-04    8.675909413459218997e-04    4.313754521081748273e-05    3.234176570497785823e-05    -9.604181200506636111e-07    6.666688239760214241e-02
2.900002780117706038e+02    1.002066120937678217e+00    1.140169762822127201e-03    2.139301130983272325e-04    3.739118918812940354e-14    4.343566751816517311e-05    3.217556256486630976e-05    -6.540909740800963772e-07    2.043126178710461330e-02
2.899999038076575744e+02    1.002400941291124337e+00    1.002838823213426066e-03    -3.620856465035720857e-04    7.022494571756490840e-14    4.291157227518378032e-05    3.244351515914530335e-05    1.067673888180896134e-08    2.518703904262086391e-03
2.900002109537214778e+02    9.989226152233280365e-01    -3.777489343149750128e-04    -3.634597925929733539e-04    1.917294983904694459e-13    3.985906209500813017e-05    3.191128440976243746e-05    -1.917151561098979171e-06    5.001212239036216707e-03
2.899997828399083346e+02    1.003762480408040947e+00    1.062616137965639168e-02    3.098181912576699736e-04    1.482216722621670801e-16    4.118925427294092042e-05    3.169717617809536504e-05    4.627415510128946352e-07    5.304798050610826728e-08
2.899999370084911448e+02    9.997098488346408685e-01    -9.034351959973364182e-03    -6.040843200699026481e-06    2.065082803537845080e-04    4.103432792609066064e-05    3.208902991514445547e-05    9.162543496930763667e-09    8.997420084928122808e-04
2.900002524649937641e+02    1.000606023827172786e+00    -9.242031951975404266e-03    6.562341540480397110e-05    1.285600559454168328e-15    3.921776782021669616e-05    3.094982493687123220e-05    -8.256622474045214897e-07    2.833375040242369939e-10
2.900000630361394087e+02    1.002663697284958966e+00    4.102633642327643826e-03    -8.756621536246842689e-05    1.344076313409322621e-03    4.040497319700024934e-05    3.139338750993146042e-05    -9.573892259887038860e-08    1.087463183028737515e-15
2.899999790482709727e+02    1.003596511588870088e+00    -2.074018954024087549e-03    -3.809007572176155844e-04    1.825754885757407487e-20    4.217066561233674335e-05    3.150081275603787943e-05    2.172825510745757321e-07    4.876058809066623134e-13
2.899996793694828057e+02    9.999086033004945806e-01    -4.292328855125386068e-03    -4.087549826299965734e-04    4.162835654065293907e-23    4.090053861098141564e-05    3.218224752743898678e-05    1.030571709938161306e-06    4.346665202570558015e-12
2.900004205433628499e+02    9.994525146955816064e-01    7.104582427041956395e-03    7.034771740542174233e-04    1.143345702190424551e-03    4.166074726813490087e-05    3.183268747379528764e-05    2.814198486640350450e-07    4.941070197329165692e-02
2.900003514600193171e+02    9.975427679538019232e-01    -2.569628209938038324e-03    3.039162015321804789e-04    4.652030971836433285e-14    4.227142410997024910e-05    3.236132464603644392e-05    1.482279922051028538e-07    5.111264477549642277e-02
2.899996442336675386e+02    9.990590874899196727e-01    3.797240694480264432e-03    -4.329561320803307557e-05    2.135139995959838130e-04    3.929305576936187100e-05    3.042489627250601652e-05    8.985869795509849280e-07    4.098354528521349860e-12
2.899998705232396219e+02    1.000637547772381675e+00    -9.875881864530281114e-04    7.237434661971182352e-05    7.631146918903945449e-04    4.281475453988349599e-05    3.262819924443122936e-05    1.489688980969213373e-07    1.552611837009429830e-13
2.900008893023627365e+02    1.000536594822343472e+00    -1.406432613248331884e-03    -8.734230250528939119e-05    1.718100949868128370e-15    4.154028113063489030e-05    3.284212599898865586e-05    9.525101948229809302e-07    1.168993849500703647e-01
2.900000988032483065e+02    1.001610353272678999e+00    1.849618444956602952e-03    -7.498569819792803588e-04    6.944127468304662771e-14    4.382520523796129807e-05    3.371802263955514561e-05    -2.792719225791865404e-07    6.771631973689121696e-03
2.900000070094666853e+02    9.987524406851814307e-01    -4.977920210315632359e-03    8.992545818189256589e-04    7.681811418383990408e-04    4.044590621326693959e-05    3.214496430807555898e-05    7.911508059914139968e-08    1.768738886337641762e-14
2.900004563052439721e+02    1.000807243338763586e+00    6.688059240330801588e-04    9.214626184090369046e-05    1.260979252896546304e-13    4.078343445269900792e-05    3.092748529723564907e-05    -1.036081916127614155e-06    2.541473350003265255e-02
2.900001239595218294e+02    1.000036505386259211e+00    1.490761929914469208e-02    -2.712939083832350932e-04    1.557997402925714696e-03    4.170735852314929150e-05    3.171287543300635719e-05    1.046856917468346862e-07    1.628428511785477706e-02
2.900005974444297863e+02    1.001481375060470524e+00    8.987970975083447219e-04    -3.011621186309073445e-04    4.871341911266472932e-04    4.125210107293547993e-05    3.156942874938322108e-05    9.234933051054340995e-07    8.824855867613531912e-02
2.900011779524008375e+02    9.987532948919538578e-01    -5.282215111985345086e-04    -4.351699941780501671e-04    2.484412800319241513e-03    4.285734194271744742e-05    3.208042996178951781e-05    -9.093711104154452548e-07    9.300485649188451609e-02
2.900003014992022372e+02    1.001215090827353826e+00    -6.644904436101817941e-03    -4.049729413618708849e-05    8.190334853420204456e-11    4.052555697592901714e-05    3.185800570507843059e-05    -5.777788801922606400e-07    2.640060141629206603e-02
2.900007700875501655e+02    1.001989079187220577e+00    1.251823885306813751e-03    -2.137390098989260133e-05    4.017788259324185283e-04    4.226289201840514805e-05    3.182006925304007379e-05    1.399437612859174698e-06    1.290495082317434650e-01
2.900005549986628921e+02    1.000543711669443780e+00    -2.141378400042315885e-03    -3.054088586151770725e-04    9.063861920222058806e-04    4.278441434711259897e-05    3.315788743785938507e-05    -7.969313003036360932e-08    3.686350747352031693e-02
2.900000137289475788e+02    9.977241830697303193e-01    1.017414281640547334e-02    -3.895751663165349489e-04    1.023938092989721020e-03    4.105413984381061423e-05    3.133550027337835068e-05    8.088711727490754192e-07    1.273628700938217451e-02
2.900006846879331306e+02    1.000519095848543261e+00    -7.214484058870392243e-03    2.419614279511507634e-04    9.781323272866722027e-04    4.270533138217842386e-05    3.270265429665347799e-05    -6.131703445916823794e-07    6.189982948606854302e-02
2.900006785142351191e+02    9.975252634516446060e-01    -5.367717091588107038e-03    -1.018520440331431798e-04    2.083026560240382272e-03    3.977139083160923899e-05    3.166139056702894141e-05    -5.231330345069454015e-07    5.732217882531208397e-02
2.900002600499355481e+02    1.000764993853437090e+00    7.312818341600265011e-03    -4.475791374291614535e-04    9.436477511646141931e-05    4.379779827640028518e-05    3.304433563945125419e-05    -6.424112867626431072e-07    5.001013923947165644e-12
2.900005688891779414e+02    1.002934504897319945e+00    4.881453575446476068e-03    -2.873772187894945069e-04    1.785875688722164071e-03    4.302452337143978085e-05    3.217513136794395090e-05    -7.068035618534253491e-07    4.795002250089231560e-02
2.899998742480662486e+02    9.995095446661974581e-01    -1.785561220703491903e-03    -1.568189744922677251e-04    6.076234980174290654e-20    4.249509202871989608e-05    3.264577472434776066e-05    7.208020906777452669e-07    3.200740081944839136e-10
2.900005263387419063e+02    1.001449843931940586e+00    4.873080962680484060e-03    -9.809247169158845294e-05    3.900724980988970231e-04    4.235615775327677632e-05    3.235249607065358775e-05    -6.739425636848715515e-08    3.952790133381563209e-02
2.900003058584769065e+02    9.976629823870220015e-01    2.526925632093564300e-03    -4.146774730507646442e-04    5.480887722536259164e-04    4.501922672361808046e-05    3.244691346912832866e-05    1.499416485474151862e-06    5.277796688030731570e-02
2.900000489480038368e+02    9.996828449546593109e-01    -4.348115188932646057e-03    1.181668746931372090e-04    1.963603327466191069e-14    4.294448408621424375e-05    3.281839977518921322e-05    4.097791596213656624e-07    8.818637182456112559e-10
2.900000892058050113e+02    9.958499812599843626e-01    -7.014933602735318359e-03    -1.771432230660889779e-04    1.850682653845703903e-03    4.170481217809447126e-05    3.250991391381387942e-05    1.605393088949802220e-06    1.734490792655435342e-20
2.899995097000353894e+02    1.000574948385051899e+00    7.882914516673672142e-03    4.180190307340857919e-04    2.059324373296411541e-03    4.193070505579865647e-05    3.170951394250993944e-05    2.402251210428092678e-06    7.009954764307897777e-11
2.899994875308053111e+02    1.001174962690128512e+00    4.332427622996092020e-03    3.589263374219416096e-05    6.955379004344750843e-15    4.056765393783807691e-05    3.169592923516072907e-05    1.958184116170870822e-06    9.434345984916131329e-10
2.900000154726187134e+02    9.984408996855652640e-01    -8.307067273819860459e-03    5.552840079998185453e-04    4.035707608881637280e-05    4.075586445506373674e-05    3.183853889957154897e-05    2.489053542070234862e-07    1.025685200676472567e-11
2.899998077253112569e+02    9.958284530208959540e-01    1.181635901722069212e-02    -1.820964422761136810e-04    1.326429780461396890e-13    4.329449317475631177e-05    3.224108696944103311e-05    9.789181524527001998e-07    1.174224544396095272e-08
2.900002811908176454e+02    9.974303238700175100e-01    9.614370565785344911e-04    -6.474977118081277645e-04    1.889346203703191928e-04    3.960008615882786850e-05    3.094198280671691011e-05    5.480991018476374235e-07    3.291371103512907154e-02
2.900002228644108868e+02    9.977693072863134116e-01    6.211495782975772796e-03    -5.766459849748860290e-04    1.198489918940161660e-03    4.265701603930485507e-05    3.200144883932521127e-05    -6.050240005790131461e-07    5.835241638108723566e-16
2.900001262922797878e+02    9.992808732944151728e-01    8.599535150055716282e-03    -5.273856869580759339e-04    8.003024641393573664e-29    4.302436732329852770e-05    3.289160851053002415e-05    1.873869756928001831e-07    2.096088904376094400e-12
2.900001983230660585e+02    1.001018043586265005e+00    5.223399831231131767e-03    -3.366648765225870705e-04    9.701632878952903046e-05    4.164176026887161073e-05    3.267072807766732614e-05    -8.712908840566806052e-08    5.657293412715970644e-03
2.899999279046778042e+02    1.000146316750339270e+00    -1.867570083976872585e-03    -5.941458441390056415e-05    2.751650580023818203e-05    4.042302970021341467e-05    3.160612956983923483e-05    6.686975355494747239e-07    9.444117903809422741e-14
2.899998708288874241e+02    1.000402026287342316e+00    2.630528415791238278e-03    -8.352632975417515068e-05    2.896226076197503299e-13    4.093983332826270003e-05    3.135921367441516622e-05    9.530907697915784448e-07    1.361153021003650218e-08
2.900002245064944759e+02    1.002336350518810759e+00    7.968304229047266235e-03    -4.055559270796282238e-04    2.014438121826912613e-04    4.255659318963695423e-05    3.149831686116210739e-05    3.911960821340055728e-07    1.339669823199338659e-02
2.900000279109928556e+02    1.000263348361757121e+00    3.482784561995436786e-03    5.920262865682613621e-04    2.146596165387403606e-03    4.113009895707495035e-05    3.125752516536661350e-05    4.345168522555182534e-07    7.073866818980557379e-11
2.900000174917200866e+02    1.003542724336883074e+00    2.344903292009911221e-03    5.948646767068849065e-05    1.251832152537375123e-17    4.254759457600274235e-05    3.277451846842033826e-05    3.143684287910463893e-07    7.885028837534389058e-09
2.900002804966262033e+02    1.000194918454367699e+00    -4.058505075224281243e-03    6.129366998530165098e-05    5.691663386042938736e-04    4.217790700905045282e-05    3.199677248258848538e-05    -1.302440838690272908e-06    1.154861863675005727e-02
2.900005325546081281e+02    1.004221950989451440e+00    5.554850815114358888e-03    -8.815383074449930365e-04    2.758169277965225336e-16    4.150420370737887426e-05    3.142953457295104351e-05    -4.433322704529523664e-07    4.826023078717289055e-02
2.900002327173586991e+02    1.000599450343157892e+00    -9.361393396645557516e-03    -2.213431570561725495e-04    1.075236349143668163e-04    4.192220215322410836e-05    3.152019097689729723e-05    -1.803654422792554787e-06    1.044286665730811849e-18
2.900001707807260800e+02    1.003419607573803551e+00    -1.222229194013657941e-02    -4.358873193545934792e-05    5.574900284582668883e-04    4.292362723789178906e-05    3.286059860327113208e-05    -1.180309283864273514e-06    9.716483682799040007e-18
2.899995642643646079e+02    1.001525562923715640e+00    2.736101157582388008e-03    1.057314028329303104e-04    2.681502929178396785e-18    4.142130391403829918e-05    3.169110261825698946e-05    8.607925168415986372e-07    1.523199464440751737e-09
2.900002871308611816e+02    9.961004740772828603e-01    -1.357339569861270310e-03    5.682098400842923534e-04    1.510836205650037357e-03    4.011026573036697142e-05    3.118586487211882804e-05    1.115409287183876097e-06    4.656943988774322335e-02
2.899999364501129548e+02    1.000624832015369670e+00    1.787831033646008648e-03    -1.348343817854935396e-05    1.124376257229955541e-13    4.255292070271367647e-05    3.214923730812155837e-05    -5.317362703605062132e-07    3.443724349760066250e-09
2.900001157834647074e+02    1.001427551249446157e+00    -1.544737006419390039e-02    7.688702835946135614e-04    2.255934121780555929e-03    3.949396790105008285e-05    3.057346269767341587e-05    7.926556410404842264e-07    2.951313145567250468e-02
2.900008423204793644e+02    9.977722353500885211e-01    -3.705731228279110761e-03    -1.755981558118335231e-04    1.400933758016443490e-04    4.128677119221399493e-05    3.252241500866077625e-05    -7.535187255426223498e-07    8.252435216818596042e-02
2.900000426916260494e+02    9.985313875939243466e-01    1.363198497841382542e-02    -7.366411335928420940e-04    4.318658801405430406e-09    4.413965964075301606e-05    3.098261086130308528e-05    4.441722912498781989e-07    1.465892382417181318e-02
2.900001211061197068e+02    9.970418682233100904e-01    -4.323697475705272526e-03    1.915242364271364317e-04    3.733627054640117730e-04    4.243089559845224370e-05    3.137787621692329217e-05    -8.334728536248619601e-07    6.507075248494268208e-13
2.899998836631904737e+02    1.002853691179008688e+00    4.742658803836406907e-04    2.022924521028253040e-04    3.953202040954189636e-16    4.307386355744419345e-05    3.191098314443098960e-05    8.594687414717219574e-07    5.620974532586159500e-10
2.900005314712057043e+02    9.992916812331203991e-01    1.919470595052601104e-03    -2.842015937002194512e-04    1.712220018353558882e-03    4.311946672974226191e-05    3.242829506175705920e-05    -2.115336136012346459e-06    1.029075272370415239e-09
2.900000904040076648e+02    9.986266624872568443e-01    1.106523232377841157e-02    -1.417210812845655387e-04    1.460031091040484085e-05    4.546710466328783969e-05    3.394796807388168313e-05    -3.260264334478554290e-07    2.522169374614540447e-10
2.900006166661925135e+02    1.000049624633790879e+00    3.490868063508510352e-03    2.472345346882290069e-04    8.875795474966700644e-04    4.321785086212259687e-05    3.150653843227502936e-05    -7.052303808321491205e-07    5.941759321212679301e-02
2.899998150837680555e+02    1.000091945028093621e+00    -1.716816484304167865e-03    4.258221295527536330e-04    1.466758700720275938e-03    3.871224248675006490e-05    3.105200478671918472e-05    3.073743477919977804e-09    1.789189415359036068e-03
2.900001136226807148e+02    9.997614609479125169e-01    1.489740677488424550e-03    -5.049886166685656555e-04    3.001047478395163407e-14    4.231359780770148669e-05    3.247801268139014115e-05    -5.079531762723971391e-07    3.384077633569832093e-09
2.900001252469872952e+02    1.000221022183684694e+00    6.352313147972492823e-03    -8.215504955296659044e-04    1.175530431566538733e-03    4.283917458591989999e-05    3.278084331639600531e-05    -6.467490664217704123e-07    2.291273037932749076e-15
2.900004245505129461e+02    1.003548267135941252e+00    -3.328776725468500248e-03    -5.622936520215226618e-04    3.499651377122578207e-07    4.159633762161419137e-05    3.186386759974522368e-05    1.025026481441972561e-07    5.645100020423091114e-02
2.900005412594161953e+02    9.997981323072165916e-01    -8.768406797502355243e-04    -7.632998534190291282e-05    8.113718903573248647e-15    4.359949190529002034e-05    3.314923038781351287e-05    -3.650036751577552439e-08    5.975191038134394783e-02
2.899997928422691302e+02    9.959687029307294770e-01    1.390419245342194680e-02    -4.098558323796850744e-04    1.950483250432073111e-10    4.334091716227939355e-05    3.310984000919442959e-05    1.022273553311588302e-06    4.775278915839080951e-13
2.900003588387958189e+02    9.994965757823780494e-01    4.038254052667263581e-03    -4.376321586984200469e-04    8.391227684654742504e-16    4.344792388019947516e-05    3.185624092434791692e-05    -5.666941988495333180e-07    1.495812094892937551e-10
2.900001952800620870e+02    9.998747059366807077e-01    -8.659642464949648608e-03    6.074326747104388672e-05    3.418009964420067826e-14    4.223636934319418532e-05    3.161030751372669246e-05    -2.446316698267619203e-07    1.031480251530294059e-02
2.900006806915499169e+02    1.003983578655059494e+00    -5.441997485148609043e-05    -8.117484010293419850e-06    1.252527588916836924e-08    4.253204309412550932e-05    3.290846659970745014e-05    -4.921484511367023452e-07    5.360409876350278463e-02
2.900002730943260190e+02    1.003630486566766677e+00    4.686067450422936936e-04    -2.676403560771674047e-04    2.331203754361436714e-04    4.231841192639635113e-05    3.194060242032987731e-05    -1.180503737208133643e-06    7.266263086394515259e-08
2.900000280064215303e+02    1.002265061252337830e+00    -6.506227193897293898e-03    -2.312539903502557179e-04    2.724647068096041030e-04    4.360751109095307201e-05    3.125518609062847338e-05    -4.185494301588842129e-07    4.585932256293843156e-11
2.900002046876959412e+02    1.000760785025665012e+00    1.209361991290574742e-02    2.557010188996279533e-04    6.671169862082308073e-23    4.124094506674123932e-05    3.205388054093115770e-05    -1.718389861116579046e-07    1.995631965221901156e-10
2.900001169438604052e+02    9.950234762882894657e-01    1.518984349186945767e-03    -1.679593249354048589e-04    1.516732759378914813e-22    4.202628746939601208e-05    3.200512665548322998e-05    3.656314530313927374e-07    5.233941579628937354e-12
2.900009453103722876e+02    9.977201725475677296e-01    -2.838998616141882869e-03    -2.344560046471617714e-04    2.127708498317794437e-03    3.937439194947128470e-05    3.091342996883427981e-05    -4.795149105388522985e-07    1.050113301153124123e-01
2.900000791058829464e+02    9.973889345454901578e-01    -9.490150607998345611e-04    3.560109719399770300e-05    2.110891532914300272e-17    4.368094848039410090e-05    3.250861669689755626e-05    -9.191259918032521317e-08    1.476155343103466185e-09
2.899999314035504199e+02    9.986424433588927396e-01    -5.962011715077107470e-03    1.819333981519321674e-04    4.532027319962565487e-15    4.391893160653366490e-05    3.345511765349079510e-05    1.186825391373558553e-07    9.379296323078836355e-10
2.900003873777986882e+02    1.002079563388629690e+00    7.267155723364485467e-03    7.126933875355145312e-05    1.848409861434734874e-16    4.419804697290600581e-05    3.330229948542150919e-05    -1.882351145346271663e-07    2.941512033257360353e-02
2.899997594873769913e+02    1.001486416290206405e+00    -8.180731975980928621e-05    -2.486906028185307486e-04    1.994552474223182988e-03    4.078214087928761612e-05    3.092555834671080494e-05    5.237419471046056824e-07    3.483772374786853535e-13
2.900005767126337446e+02    1.004041348445877002e+00    8.118048869567465881e-03    -3.830133663996495940e-05    3.435951943418380699e-14    4.255886958621654616e-05    3.166887902725674117e-05    -8.127608583152592793e-07    2.116335288428118286e-02
2.900000335362038868e+02    9.990404515337847347e-01    -2.622271934958809395e-03    3.689633556740182165e-04    2.160845040042090083e-03    4.222695372296398486e-05    3.210636533955605292e-05    -8.648438989910399425e-07    3.752986997075480596e-03
2.899998843343351496e+02    9.990964906301942339e-01    -5.550748430932077662e-03    -1.681962580944092211e-04    1.058007096916198939e-03    4.108535514243183754e-05    3.175250553794262034e-05    1.446920660172848561e-07    2.286987908687867707e-02
2.900003462890609285e+02    1.000238766181366090e+00    -8.121045969518528307e-03    2.118567906955445336e-04    1.212802842825571508e-03    4.231501769604789165e-05    3.323525296031465127e-05    -1.668728990636164654e-06    2.050201970064704239e-12
2.900000384949399290e+02    9.991664704918155060e-01    -7.591419081709671439e-03    -2.126635887026543130e-04    1.827762964657525309e-15    4.325477751008170436e-05    3.360233549622095462e-05    -9.637004037330166610e-07    9.862646381579263932e-03
2.900000095394037203e+02    9.991875964620302586e-01    -1.938875510876373384e-04    -8.879798308015804755e-05    5.156632794336282240e-16    4.156004344058304180e-05    3.143602249328339475e-05    -7.113600752193445742e-07    5.307681723938616586e-10
2.899997256506936196e+02    9.984672824674807323e-01    -8.662343731466470159e-03    -4.114501662104280699e-04    4.247909493755804130e-14    4.141439348222848981e-05    3.188213967516932283e-05    6.927820025274648829e-07    7.044505085890066223e-09
2.899999404950881399e+02    9.977622245460116002e-01    -1.236996639341910332e-03    7.487022995109899454e-05    7.790217126402362692e-20    3.948301952574942002e-05    3.098711300243355520e-05    -4.105079007311848270e-07    3.956071509132822180e-10
2.900006799730090847e+02    1.001926430156297787e+00    6.169369950152297187e-03    8.074105590199633455e-06    6.989386427058728380e-05    4.200964298449768707e-05    3.229464378327102263e-05    -1.677072259776805085e-06    2.848732871105850301e-02
2.900009445455559671e+02    9.989697822630324575e-01    2.900296664056233303e-03    -4.621670594825263078e-04    4.970881900869054395e-04    4.128654392189945471e-05    3.172150691223925880e-05    -1.397172192030189598e-06    7.992896968771426303e-02
2.900000025059106292e+02    1.001353187821025559e+00    -5.816416715704255877e-03    -4.571133382380988984e-06    6.945986649366205618e-09    4.295986244007089013e-05    3.251075725101744434e-05    1.823785783990583648e-06    3.042140879825179300e-09
2.900000278103655091e+02    1.001938329704087360e+00    9.114166806383480757e-03    -3.874342870955899002e-04    8.469322341295365065e-04    4.222703030775839926e-05    3.263222094942317466e-05    2.037466499482566951e-07    1.658448210413947937e-02
2.900005198172642054e+02    1.000903619520284504e+00    -2.553458130138956238e-03    -1.672492447879055056e-04    8.505322688995774986e-04    4.345573581723556188e-05    3.224968687839116298e-05    6.433292002714528711e-07    7.644797855707678724e-02
2.900005984411235431e+02    9.994864385255183281e-01    6.817493114831606887e-03    5.033036251436638101e-06    3.626199906023540510e-12    4.072110209629759448e-05    3.082379320229986923e-05    -1.327382424819522982e-06    2.694779364747039441e-02
