# f_r [MHz] A m phi D delta_r delta_ere delta_eim a
2.900001100083563301e+02    9.978960318135760010e-01    1.168531962864445203e-02    2.432714907634582827e-04    1.731566003582379662e-18    3.384105822145012541e-05    2.417286419332033713e-05    5.100932144781692057e-07    2.239005010947303295e-02
2.899996958958461164e+02    1.001360456366663820e+00    9.541797545107994633e-03    -3.239067191122284761e-05    5.409384259587975380e-34    3.273598217855745610e-05    2.338570104127357920e-05    1.219417943447697887e-06    4.098068785784123752e-10
2.900003128682264446e+02    1.001484791103146144e+00    3.950692992203937506e-03    1.033082184275314544e-04    6.878618531171347764e-04    3.398661771874493255e-05    2.333161935534625305e-05    -1.625456948342771832e-06    1.555016339929986714e-11
2.900001870413447023e+02    9.968187645588881818e-01    7.464168441941744676e-03    -1.035492902497654462e-04    5.098929716876683324e-04    3.416389394606168415e-05    2.319971626957461659e-05    1.718222289265570539e-07    2.938215716040420590e-14
2.899999830226547033e+02    1.000427241504128872e+00    6.933295838145924102e-03    7.764009140523196398e-06    5.103632956364157446e-04    3.524168838465362510e-05    2.478334360892217171e-05    1.475816139081379444e-06    3.810364419324672279e-14
2.899996204178362404e+02    9.980447071763886013e-01    4.373158786648433821e-04    -2.749008907308471677e-04    9.964875282502482273e-26    3.244167317990790495e-05    2.258371811909025523e-05    2.017902511115840742e-06    1.229106547676135997e-10
2.900001925198198478e+02    9.985133435558239956e-01    -8.245394618257621822e-03    7.000848424212720777e-04    2.686889902333318602e-19    3.546477856862103001e-05    2.468617226345718173e-05    -6.360580913306605426e-07    1.198169759720856710e-12
2.900000958499072112e+02    1.002158469130804086e+00    -2.388543224291649839e-03    -2.528191790275919519e-04    7.185847866618936966e-04    3.713248704359718738e-05    2.535510549744791236e-05    2.464705846752897747e-07    2.848357552727345463e-02
2.900004372030900868e+02    1.001125572412864928e+00    2.886203611090187512e-03    1.502579514458092860e-04    5.259470470396222222e-04    3.350818777685251004e-05    2.333614251144126161e-05    -8.641467184702544529e-07    3.908229273587177782e-02
2.900001729527953103e+02    9.978906813721690749e-01    2.363151751499382221e-03    1.938997074330996032e-04    2.955299206057052162e-04    3.303265682833179403e-05    2.356035853179343461e-05    -4.111132625123685432e-07    5.571516588575453621e-02
2.900002949942550572e+02    1.000771242286167428e+00    -5.240130824400847029e-03    -2.464182893545491487e-05    4.103985757466726073e-17    3.416383226622862914e-05    2.452607815558933944e-05    -1.033725321322246062e-06    4.302995459683580016e-12
2.900002552315565367e+02    9.998527591873791476e-01    -7.957401757088007968e-03    3.594424978446947956e-04    1.308306446039031578e-15    3.374435621537388977e-05    2.459527719736256143e-05    -4.937641713069932067e-07    7.499218740104834650e-09
2.900002063058641966e+02    9.975859782510305696e-01    -1.047951825502619824e-02    -1.014426402007816922e-03    3.637057008904776836e-04    3.343208083181836520e-05    2.326826658810290263e-05    -1.757136878324475056e-06    2.197217589028534071e-12
2.900000879463292449e+02    1.000854677747569754e+00    1.590139217821361778e-02    -1.348219380231239128e-05    2.669821459958250046e-03    3.477901457774197467e-05    2.419037343989510671e-05    6.683373903472849076e-07    3.254802238153482047e-02
2.899996953422788124e+02    9.998123399859597527e-01    -2.168820621693884863e-03    -1.955121276520777995e-04    1.225729912793752030e-31    3.437747172606973206e-05    2.403156550849068306e-05    8.029539136320401895e-07    1.533929263715933858e-11
2.900003280524461502e+02    9.967089258961693288e-01    -1.120287447069803592e-02    2.998818032744898364e-04    1.893869403185918961e-03    3.373507372408282958e-05    2.343461283226859417e-05    2.632174125552190121e-07    6.054903339128049622e-02
2.899997496541385544e+02    9.985724104832154335e-01    1.406921140224885302e-03    1.088120293120116541e-04    7.590835356013677510e-04    3.571914137779571587e-05    2.442623422152495329e-05    4.627782027341778323e-07    5.594622824858324984e-15
2.899995855299454774e+02    9.981042538109466955e-01    6.238615400179412483e-03    2.195466915256818661e-04    8.777271176984626102e-12    3.430454796707365544e-05    2.399011984557211142e-05    1.392241526157133567e-06    3.873965996574474250e-12
2.900000876977793496e+02    9.990317608807007810e-01    6.060119456087853344e-03    3.605988945387899984e-04    1.217033890969417128e-03    3.514096599133843910e-05    2.461240261096012198e-05    3.464876747848341077e-07    1.775404228655608901e-02
2.900006348894095254e+02    9.999465239179481379e-01    -1.471444593114961796e-03    1.857076353974031386e-04    4.251436666604690756e-04    3.226669320369037819e-05    2.311064919455406183e-05    1.110121707673607863e-06    1.395349162298047951e-01
2.899995824344396738e+02    9.990200489286857888e-01    -6.136125650524751340e-03    7.412089009317297545e-04    5.396425876688302591e-13    3.363968335574903616e-05    2.353179584505917776e-05    5.057220649658317278e-07    6.843439526467936584e-11
2.900001458410736745e+02    1.001182086228613821e+00    -3.455995039644399643e-03    3.603326579210796009e-05    1.067040555041669746e-03    3.384256881384285499e-05    2.389293064124701265e-05    -3.563284456927851100e-08    1.247909353297741819e-15
2.900001183895069516e+02    9.993045547146842678e-01    -8.443942345017564936e-04    -4.825958723393704948e-04    1.463125755641854443e-03    3.331716845698273104e-05    2.331723561516697502e-05    2.404196950807102063e-07    2.217422791940807461e-11
2.900004356147024396e+02    1.003628891998878503e+00    1.774247022994767829e-03    3.755383488804411602e-04    9.043324530857357268e-20    3.700121437967910916e-05    2.594322233956966004e-05    7.715520358533604360e-08    4.101939289200687289e-02
2.900000184920002084e+02    1.000877310197237691e+00    3.913495669723662286e-03    4.766784658278278822e-04    1.491191652070631649e-03    3.269717948071202627e-05    2.404844687934675699e-05    1.252796779473286181e-06    5.009499180732054208e-09
2.900002782359002254e+02    9.986188643930917763e-01    1.950610464590566556e-02    -1.515598233552416013e-04    1.260433317931561945e-14    3.385182828289094221e-05    2.419721503572523446e-05    5.580208436143806351e-07    5.907263902212157164e-02
2.899997447178994321e+02    9.963182201419346073e-01    -2.870257463682512715e-03    2.642014271271637569e-04    1.003130525173873716e-16    3.486890217676895880e-05    2.443877914127418557e-05    1.108885817067273678e-06    7.027328405869573823e-10
2.900002682385460275e+02    1.003447791945038858e+00    -2.542661897635987295e-02    -2.640561384843335730e-04    6.091512881647685729e-04    3.357995706725361919e-05    2.326131857985345273e-05    -2.298743482345911772e-07    9.362893126519767489e-03
2.900008704172041689e+02    1.001456114187428303e+00    -6.947458806835430170e-03    2.109414639998204437e-04    1.754545484749439003e-08    3.234691111343511005e-05    2.350071651021972216e-05    -2.920245577719835555e-07    1.478740927541173367e-01
2.900006464426717230e+02    1.001177564727692149e+00    3.888938618494240402e-03    -1.830032512099932329e-04    9.042302845339931627e-04    3.348944891342508666e-05    2.325532821181584931e-05    -1.333868486504881829e-08    8.414645745992385684e-02
2.899999362004514296e+02    9.981735467612817825e-01    -5.547654416865646122e-03    -1.351622360130220915e-04    8.050203442669192006e-25    3.355660613000570634e-05    2.363012202251062172e-05    1.167751829001271107e-06    2.724501017230460467e-02
2.900002409863337789e+02    1.000424510352481144e+00    2.482938132164975650e-03    3.645212220993665963e-04    8.611344558790418177e-04    3.239217413074808725e-05    2.309038681238317404e-05    1.330552138769393258e-07    2.294964058961196027e-02
2.899998797179938492e+02    1.000912693015199029e+00    -9.473009910118632484e-03    2.979679666057305715e-04    7.456840923895085172e-04    3.585131173810319924e-05    2.438398673298520643e-05    3.972058089008548187e-08    4.787910027485233963e-03
2.900006490403880548e+02    9.970385043916155654e-01    -8.615954116737149402e-05    7.301350845176556796e-05    1.766834268028857536e-12    3.334336369714563109e-05    2.392278186798814469e-05    2.457547011821186415e-07    1.064338276158534879e-01
2.900008301729831146e+02    1.001474918684103654e+00    -1.056120731439287933e-02    2.208491606827073868e-04    6.528092701679882588e-05    3.617918706082914789e-05    2.457665093872993679e-05    -2.071433430267360989e-06    4.010059548973519267e-02
2.900003585794659671e+02    1.002274374111829847e+00    -4.425065210220393772e-03    -5.344689657402944489e-05    2.451642207036738733e-20    3.484836635507236624e-05    2.537213390029297036e-05    -2.397739464510880276e-09    6.005417040170998172e-02
2.900000579625253181e+02    1.002404318728064903e+00    -3.561256010663129724e-03    7.404673794314933831e-05    9.609450846134801180e-04    3.698876436216102088e-05    2.537021111220939191e-05    -4.353861552604989064e-07    3.098855870802171009e-10
2.900002740344691006e+02    9.985561890181561262e-01    -1.592964151806743490e-03    -6.593083417937893403e-05    2.516163730990762359e-03    3.338470460567055995e-05    2.338611069607523374e-05    -6.544430043089686815e-07    1.468752916187327472e-02
2.900002886789524723e+02    1.002428845573638538e+00    -3.086584962489121245e-03    1.624159530533084823e-04    2.075439735497398223e-04    3.553376322714848730e-05    2.511462484060011900e-05    -5.376455220252195677e-07    3.117174002373237357e-10
2.899998980059424412e+02    9.987259946082195361e-01    -2.220780364653876862e-03    4.328682872301118636e-04    8.156893403771736878e-04    3.056403183688007720e-05    2.270232595487875032e-05    2.986496209152833570e-07    1.139536179180616372e-02
2.900003655013773027e+02    9.992348885435918815e-01    8.289753294521987059e-03    2.443244218468634582e-04    2.284396792660636300e-04    3.588863823861349555e-05    2.475719125277005706e-05    9.261048143762497128e-07    8.799311121304491390e-02
2.900002304067563728e+02    1.004390072123956701e+00    -6.770357516435580349e-03    5.428953726547128999e-05    1.208596763563508578e-03    3.642837335417931663e-05    2.488792576505934943e-05    -2.719867743996329897e-07    1.255915857740289195e-02
2.900005581236856074e+02    9.995908112601838980e-01    8.681949120187017893e-03    3.614572533417926181e-04    1.246164158233813560e-18    3.186289126915686700e-05    2.404115544681850557e-05    -1.882363928668617352e-07    5.453355496268744856e-02
2.900002313135896657e+02    9.959909809792101276e-01    9.081344354682689343e-03    -1.402397361952601460e-04    3.441033271680866103e-11    3.215492853189157044e-05    2.301406110329206337e-05    2.261930552302255736e-07    2.186868773151653261e-02
2.899999881975649600e+02    9.996019670806820523e-01    4.680693568623005112e-03    1.145518440163064246e-04    3.703483112206171216e-15    3.389850134505763133e-05    2.403241939765894550e-05    1.842560728797162450e-07    1.621357883073758839e-09
2.900000981644279818e+02    1.001564707533397103e+00    2.106879828005080602e-03    3.607125204914007508e-04    3.982701491084495540e-22    3.501762349696946780e-05    2.408587256735914386e-05    6.198511071181930457e-07    6.085088891089211749e-03
2.900010340162289708e+02    9.988698031962720547e-01    2.818684688531409091e-03    -3.974272306569670522e-04    1.556303466103145646e-03    3.544338749038500645e-05    2.477249865742893673e-05    -8.567143872988929184e-07    1.033070178882180556e-01
2.900002019254194465e+02    1.001858474752403527e+00    -2.037058775883500688e-03    -2.401831274476467701e-04    1.579829720790660492e-11    3.548469915527056488e-05    2.425492707721584637e-05    2.577061321760173050e-07    5.029637556436177513e-03
2.900006925086483420e+02    1.002706881568232955e+00    -1.230244755417611753e-02    -1.333462762522196745e-04    4.075085948259769350e-16    3.680453030669051669e-05    2.497958112219872791e-05    -6.405626022603009825e-07    7.822813856638073660e-02
2.900000890302606535e+02    9.969698678565401817e-01    6.258233491612750707e-03    1.050954707182467900e-05    5.095653992463817274e-05    3.307893221811496860e-05    2.397501669609214067e-05    -1.381603506463083602e-07    7.715093945940514465e-15
2.899999429928863606e+02    9.986351221053184624e-01    -3.565059242008599121e-03    2.845555300717307330e-04    1.951331642851415815e-27    3.567776916880410613e-05    2.498196162164773823e-05    5.774391133019952768e-07    1.308038685650009483e-10
2.899999340311783271e+02    1.000010229171372833e+00    -1.189397531683426303e-02    1.766281364253735110e-04    5.725682343138109938e-17    3.540283368856966725e-05    2.535401806566409886e-05    1.115311439896472174e-06    4.494752015309050388e-12
2.900001283526943325e+02    1.000789889250153442e+00    -4.205817689273276191e-03    -4.742958588350672570e-04    1.903157282696982428e-11    3.394522065579807097e-05    2.522462134592490799e-05    7.623395360135265273e-07    4.841177157559876237e-02
2.900002824579581215e+02    9.993463807619041850e-01    -8.909248261945614325e-03    3.903839880916017634e-05    7.472953801903500478e-04    3.161347427970875163e-05    2.273687486414901790e-05    -2.689151185658162890e-07    7.053386116892756963e-02
2.900001678559357856e+02    9.979645724069272639e-01    -3.926904971726425178e-03    6.620355410211468548e-05    1.758743696645216452e-03    3.506155326882443344e-05    2.388250727691466701e-05    -4.164758709161581230e-07    3.861329788085127689e-03
2.900005568874105393e+02    9.998852420735006019e-01    -7.451108204614251447e-03    -1.078139668424205429e-04    1.629878402272833286e-03    3.541373968597796997e-05    2.509329742649379875e-05    -4.353762840949658846e-07    6.705459013078626795e-02
2.899996526850731584e+02    9.978247051661712774e-01    1.237671325960951240e-03    -5.242684382252487752e-05    1.824160377487556205e-03    3.276236409431888537e-05    2.267175350602047791e-05    1.333112848468068725e-06    5.627544452058846299e-12
2.900007373482787898e+02    9.995405271171478034e-01    7.260454122999219703e-03    -2.623178977749043611e-04    5.808153403177929553e-13    3.583693721201914695e-05    2.413398699854739010e-05    -3.931355587498348234e-07    6.219043419933736189e-02
2.900001918461903756e+02    9.991868984734395553e-01    4.470929394911895075e-03    6.203237900507328328e-04    4.083862781081934869e-04    3.533244111803683933e-05    2.389602336018293162e-05    8.937623109858892743e-07    7.444430469981379306e-02
2.900000748559710928e+02    9.997679799719928484e-01    -5.143083292790902100e-04    -2.832091222278534134e-04    6.913570399330662680e-04    3.369052785396546394e-05    2.422244437624073311e-05    -9.689656815993150683e-07    2.699333280058593271e-02
2.900001419233425395e+02    1.001159165030373943e+00    9.157983497835435818e-03    4.908412552663481512e-05    3.099246840099857464e-04    3.548132398724412520e-05    2.499247164809771421e-05    -8.218254344070575132e-07    2.830212664848019005e-02
2.900000860110419012e+02    9.993902147793707336e-01    5.844845563412295539e-03    4.183166418481771578e-04    1.273855440915178917e-12    3.205008353655491794e-05    2.300387853010346924e-05    -1.069901359135730543e-06    2.264909704914306588e-09
2.900004176913440688e+02    1.000128407699475197e+00    -2.087545486709908166e-03    -5.583895266847630189e-05    1.359829662117745946e-03    3.414050478808106055e-05    2.413139794180999044e-05    -9.774385210537942465e-07    3.740771865074639380e-02
2.899998419335728954e+02    9.992384685057635885e-01    7.184893164043124059e-03    -1.628771708405899854e-04    1.647307310906510704e-14    3.221778688909586832e-05    2.384847112286075455e-05    6.119674820801797331e-07    1.022144295703635969e-09
2.899999509620120079e+02    9.980722185366951438e-01    3.903029454337850462e-03    4.883459750269122506e-05    1.557961114939007111e-04    3.336266872206108014e-05    2.391327513679546033e-05    5.983464421657654778e-07    1.689992232742954000e-14
2.899998791361607573e+02    1.002235980522832470e+00    -1.125262386385672726e-02    3.525049638256025656e-04    2.195917372819321580e-14    3.320753437225408349e-05    2.365334430437949698e-05    7.818784805295216437e-07    1.351232639981339498e-10
2.900001093494748261e+02    9.992923080483480103e-01    -8.524325933775629000e-03    -1.950354853433170551e-05    1.100320297215863231e-04    3.206052399426226801e-05    2.365235322757077883e-05    -1.356998603399377467e-07    1.503923053432592097e-02
2.900006364640551055e+02    9.983114509842209161e-01    -3.959510014451687529e-03    2.838273815041460961e-04    8.189321336859134601e-15    3.671899983026788423e-05    2.492905258115777909e-05    -2.133170358138477563e-07    5.978282239530081921e-02
2.900000759382078286e+02    9.988453606945409957e-01    7.261430597482395298e-03    8.391291307089429998e-04    1.265173641342548809e-03    3.758799122821506578e-05    2.506314416698260917e-05    7.544979239668333923e-07    1.879759395157346372e-02
2.900002827145850119e+02    9.975887868556962967e-01    -3.754531535442713033e-04    6.757075398753937395e-04    1.828348641145201097e-04    3.292666767839984873e-05    2.326345927675352749e-05    2.198618438570169510e-07    5.275008148468479652e-02
2.900002983836979524e+02    9.978549419296316447e-01    -3.692938199200736845e-03    -3.004177476073809300e-04    2.435702783909147372e-20    3.079174829009818969e-05    2.300510380518603926e-05    -1.683807203166131278e-07    4.409823350231869415e-02
2.899997670831687060e+02    1.001060456183722192e+00    -3.388927267451958495e-03    -3.512573564434641558e-04    3.414261255391279241e-12    3.226996571307238809e-05    2.346212024420469267e-05    4.219491982741318295e-07    1.135104579502457966e-09
2.900000068250477057e+02    9.990510187376963058e-01    -1.108595774166041366e-03    4.860863484112878247e-04    2.224904909955487460e-08    3.305063830169542496e-05    2.349558584017232745e-05    3.627335924015516120e-07    3.288568954287931362e-02
2.900001624880229656e+02    1.001385417629240271e+00    1.206264268267788486e-02    -2.133011461775182740e-04    3.276797905133618468e-05    3.465531266941672428e-05    2.445135406568626517e-05    -9.227550024141901253e-08    1.350436915272104806e-02
2.900002164729278320e+02    1.000646654822900494e+00    -2.080118385075985146e-03    -9.463083216076059506e-06    2.592856333528006148e-03    3.295357020253725352e-05    2.343454448233900974e-05    8.794987037145917897e-07    4.209107206546876950e-02
2.900000404570947694e+02    9.997748701770889923e-01    6.200559252974652963e-03    -2.948108069690808094e-04    2.468294097039662478e-12    3.404457259893017943e-05    2.353291624660677151e-05    -5.937477595375781982e-07    1.186360752193287113e-08
2.900000044438786517e+02    1.000755783041489710e+00    -3.433425695671807852e-03    1.512857940014420951e-04    2.494915169224955025e-12    3.612716658900200759e-05    2.452091194192828897e-05    2.006414558651618736e-07    9.320006572148867351e-11
2.899998234494523786e+02    9.999718209763367449e-01    8.120405289655293485e-03    5.003263407238030605e-04    4.492798319633526131e-04    3.572115367901330740e-05    2.471431825677830978e-05    8.494260634929696440e-07    6.305588363340597516e-11
2.900003845128975968e+02    9.972701429664441175e-01    1.225916140930728747e-03    -1.120002200900764247e-04    2.137849747297938274e-18    3.655727004383099488e-05    2.528839656667834256e-05    -4.811502971388506791e-07    5.520212458046284271e-02
2.899996826781064101e+02    1.000189063256662347e+00    6.511434975761226998e-03    2.830232911719824979e-04    4.100161244627046801e-18    3.263509187844281683e-05    2.257521596080973444e-05    7.099895502321732949e-07    6.339454397857960196e-12
2.899999056223355751e+02    9.993753713352082624e-01    2.440296087551121519e-03    -4.423605979281708292e-04    1.367859077030746714e-03    3.243936954963544601e-05    2.297403595754697202e-05    1.165038604336878265e-06    1.337658572026772154e-11
2.900006712595669001e+02    9.977251921572526383e-01    -3.193094970740517104e-03    7.743398760337664435e-05    3.107903439296058143e-09    3.291056898915287388e-05    2.333288248243435640e-05    5.776185980777056411e-07    9.634634693641659642e-02
2.900002954833174158e+02    9.992346428754216303e-01    -1.066133311853060053e-02    4.127511568396198430e-04    3.786561645993915723e-05    3.269383291061074169e-05    2.367410374420827278e-05    -9.299947483164408116e-07    6.448107750927077234e-10
2.900002891475842262e+02    1.000530691842097086e+00    -8.451093392941042351e-03    5.079263032487385678e-05    3.431596180584874142e-14    3.132670504881900119e-05    2.442637977049114329e-05    1.486646777925713887e-06    1.263103268588919026e-01
2.900002072429769555e+02    1.001282444224678603e+00    -2.769909506178642056e-03    2.522661171641281852e-04    4.968572816491779011e-04    3.333337090166058178e-05    2.334620990336524422e-05    -3.724602370523643187e-07    1.697776486671145402e-09
2.900000217615868792e+02    9.979763476411747103e-01    -1.448291837774535280e-03    3.596487988960867725e-04    1.673737056112676149e-04    3.406739738003070701e-05    2.404750861791036726e-05    2.951446488733631323e-07    4.076393456431330609e-02
2.900000030365243333e+02    9.994702814238280997e-01    -1.701652568395141049e-02    -1.913193970784478836e-04    8.774513131143418668e-06    3.584605617902192641e-05    2.384365164080084424e-05    -3.676145506383094000e-07    3.523288545065700328e-03
2.900000167730107137e+02    9.990941551606219440e-01    -9.768020549289628193e-03    3.799944414996125116e-04    1.443255002347551900e-14    3.336033515875718521e-05    2.385890634552863496e-05    2.989586531572847099e-07    4.102470195839791332e-09
2.899999556506522822e+02    1.001022666684432183e+00    9.429114386911699236e-04    2.325335160523262694e-04    4.864446908495234039e-27    3.277540696753379341e-05    2.308717380926778435e-05    4.299122508094301095e-07    1.817723188287745798e-10
2.900000746721694895e+02    1.001486538196811216e+00    -5.053685249514358428e-03    -3.889897779485055403e-04    3.095494101804883170e-15    3.513524853176620003e-05    2.463483590847577104e-05    -2.684669104886436546e-07    4.110624408287339517e-09
2.900000260062644202e+02    1.001587572269022841e+00    -5.012527791003759149e-03    -3.732392846935608083e-05    4.436676363590708677e-15    3.478405487953669691e-05    2.375640180532453112e-05    -9.229284434557783007e-08    4.195770694232444812e-12
2.899996948612376286e+02    9.999820221089378292e-01    3.146946749001115653e-04    1.232557360391614077e-04    2.304615639677665747e-03    3.465552275109898565e-05    2.391594896440077720e-05    6.905464235626785282e-07    3.161339153266113505e-02
2.900006691208450889e+02    1.003067913253616661e+00    -2.116685157746740244e-03    1.560964017678707536e-04    1.655978698708052970e-13    3.414270790421419679e-05    2.441169427569809329e-05    2.833270755829061712e-07    7.250547490777785320e-02
2.899997690856322947e+02    1.000087560586284674e+00    -1.206904808661464143e-02    4.196984376036373330e-04    4.864452638775060640e-20    3.229357467111743221e-05    2.264145948978830888e-05    1.161726068400576642e-06    1.136953404147222381e-02
2.899997130459577761e+02    1.002179247105013493e+00    9.007750009119807472e-03    -1.137679133558731757e-04    1.133428562296147569e-04    3.559445897767020639e-05    2.443741179356715792e-05    1.220711391679907993e-06    5.095100135256522972e-11
2.899999639081865439e+02    9.988722487542384121e-01    -4.312357132492543148e-03    -3.389136905320053140e-04    1.797978643363753711e-16    3.327529955043597885e-05    2.427559911713017817e-05    -2.391767955154834157e-07    4.291343165123860501e-13
2.900001884699723860e+02    1.001851755143625011e+00    -1.421715932184002169e-02    -2.885844776130966826e-04    2.816666169947458929e-05    3.337038716323440196e-05    2.387920276381247397e-05    -1.982911350971486161e-07    1.531334546017529146e-15
2.900007801462384691e+02    1.000453314307428343e+00    4.268443554702375416e-03    -3.400871750608203711e-04    4.380981178300701967e-10    3.219815719641015754e-05    2.351968332597316702e-05    1.212588013559058976e-06    1.472342909405691680e-01
2.899999350075491407e+02    9.992114853487289450e-01    -6.688944567629239238e-03    1.855803526830885394e-04    2.711201210823740732e-04    3.269937635082979311e-05    2.293056520645973527e-05    -9.291127862100799545e-08    1.352327667198069969e-03
2.900001179979167887e+02    1.001494062618818903e+00    6.566790401383088525e-03    -1.332825438639727127e-04    4.240526076783960045e-04    3.524316063516959589e-05    2.437295177288637107e-05    2.884007907593083079e-07    3.422356334201038467e-03
2.900004412027481635e+02    9.991205577589442610e-01    1.192721448339092473e-02    -2.587353984666925389e-04    2.428691336080857951e-18    3.313233519670361223e-05    2.505040611298840449e-05    1.477251324189827980e-06    1.030183185939592821e-01
