# f_r [MHz] A m phi D delta_r delta_ere delta_eim a
2.899999457553126945e+02    9.973460730466493507e-01    -7.028389119420694157e-03    3.851018755805462701e-05    5.005981448854540715e-16    3.492084448311421984e-05    2.588962863110358837e-05    -4.837663583297874809e-07    7.180897812010689387e-10
2.900003016491348831e+02    1.001383146475938402e+00    -6.604180428174835291e-03    9.502298088789976624e-05    1.440646474998062438e-03    3.650967236899014103e-05    2.684809345696809391e-05    -6.586770464576238408e-07    4.602424382226915495e-02
2.900000706350804762e+02    1.000487449002964269e+00    -9.121975529690408771e-03    1.099230405466588965e-04    9.851186694348508452e-12    3.530273901905745865e-05    2.670564433856047266e-05    -6.094893664606616378e-07    1.161696616475293731e-08
2.899998393296322092e+02    1.000247785521892308e+00    -6.732425033234971413e-03    -3.526992048280910581e-04    1.837080842001790823e-03    3.535382605632657088e-05    2.548788728296504558e-05    -9.991514265629011794e-08    1.534793719307377124e-09
2.900001425893963756e+02    9.993858346420457783e-01    -9.587577111707238850e-03    -2.050030234190264723e-04    2.742865902500261000e-20    3.825431430234370333e-05    2.737238464743691290e-05    1.183546765203707034e-08    1.958565069036023037e-02
2.899999712983318432e+02    9.998238705386136571e-01    -2.208636897682273879e-04    -3.644776359693402195e-04    1.039026808935256713e-21    3.983330661912190058e-05    2.749899601048711275e-05    5.490298353191482210e-07    2.476398546983082677e-11
2.900000706596116515e+02    9.992707744727287178e-01    1.316803871885845710e-03    4.372370991233132104e-05    1.163472364570444610e-03    3.790338528167704507e-05    2.752302999154162654e-05    3.598441731771029640e-07    2.298765408380795336e-02
2.900000898390428006e+02    1.002990786043411742e+00    4.525389426837887405e-03    -3.916026799554276922e-04    1.324383593645000318e-11    3.624803508437019221e-05    2.540503691457348084e-05    -1.833855771108557539e-07    1.243472490638373511e-10
2.899999527231434513e+02    9.995362089846373532e-01    -8.577821035569879737e-03    -1.190488984000294485e-04    9.565079428225973330e-04    3.500503854492688138e-05    2.513840704498078229e-05    7.090424115499643967e-08    2.071459583899563407e-08
2.900000088576998678e+02    1.000125894876982668e+00    -1.262855282496405662e-02    5.499190025286670048e-04    1.431569212470118987e-17    3.825978185589992925e-05    2.597258626263836519e-05    3.596101601634576390e-07    1.388822602899208251e-09
2.900000950420075583e+02    9.995805369466950197e-01    2.036025295079653267e-04    9.734212822769426816e-05    2.084871707913971703e-18    3.784256113999005930e-05    2.732644419752535263e-05    9.513295256971355980e-08    3.673813900881842936e-11
2.900003946118463318e+02    9.976423717836330196e-01    -2.431125171354058239e-03    -5.002911647091221395e-04    9.149720480961010125e-26    3.690163189778400779e-05    2.655596985090739087e-05    -2.354663289335733747e-07    3.548051927955734458e-02
2.899998643408672478e+02    9.972687288496814295e-01    -1.692741970557997680e-03    4.824555303714438809e-04    3.568479302373728616e-13    3.421614654021178781e-05    2.653769441057576037e-05    2.078395703050780108e-06    4.110896591735244132e-02
2.900003399425212365e+02    9.968145697396338933e-01    -9.570069729889949320e-03    2.003591220513007039e-04    7.662273239481315248e-04    3.445305117709535466e-05    2.629264980820623124e-05    -1.666434156628169228e-10    4.149267949335433414e-02
2.900000256249287531e+02    1.001037474306936792e+00    -8.420381117167950041e-03    2.933765277094757041e-04    4.447239660340160888e-14    3.563285458905863091e-05    2.488604184025046721e-05    -8.156921604913102585e-07    7.814574932131893720e-03
2.899998419781082362e+02    9.988665848153086557e-01    -7.460300916220265026e-03    -1.027622199480019533e-04    1.580100102764081127e-14    3.754230017082658396e-05    2.752261921344904843e-05    1.348649152172235247e-07    1.672682190948227838e-10
2.900001957028848665e+02    9.975044396786308942e-01    -2.700686792922850094e-03    1.219874957660890797e-04    5.252647863250680875e-10    3.440906143035808300e-05    2.588985294230712128e-05    -1.432659473029140699e-07    6.882068570770031568e-10
2.899998348193884112e+02    1.002233265504053783e+00    -3.193277284516313295e-03    1.805388672725462035e-04    2.239545831393567122e-04    4.011263960202869383e-05    2.820753776355992224e-05    -2.813652195689265193e-07    6.410243732746415258e-12
2.900000685032047159e+02    1.003994442631267248e+00    4.282312626030612582e-04    -4.635916841268982120e-05    2.114909174579470937e-04    3.778561681877902825e-05    2.654881062649255054e-05    4.378784800010188146e-07    1.791403494124688844e-11
2.900001963855788745e+02    1.000954666694696016e+00    -3.512497160134638030e-03    -7.702161999592287400e-06    5.490053606273327535e-20    3.528816707057155468e-05    2.655675914445991139e-05    2.964747797591035474e-07    1.389607863278836090e-07
2.899997578734775061e+02    9.981760502380901956e-01    -4.276664144925194574e-03    1.571193016225174875e-04    2.258972418625922272e-03    3.664849570710706123e-05    2.600284885358952346e-05    1.077146720087457734e-06    8.394931112027867459e-10
2.899996350101299640e+02    9.993394983619684480e-01    4.004989240907801118e-03    2.080363023202481932e-04    2.128941446360668285e-12    3.492871246856630988e-05    2.593337763763244207e-05    1.181531661802858918e-06    2.820672981886121909e-09
2.900002084914228249e+02    1.002087392398492982e+00    -3.804514678533855564e-03    -2.055050743260669534e-04    9.738989111976151692e-05    3.792645334917069941e-05    2.656399839783125624e-05    3.336474261670728085e-07    2.976015809230437041e-13
2.899999633936738519e+02    9.987746452882685366e-01    2.840342197831219762e-03    -3.304685079913959045e-05    4.007276915766665991e-12    3.637741018033251731e-05    2.626956772892848687e-05    6.684204835457077568e-07    3.556120929841339456e-02
2.900003202204395620e+02    9.985537681102084617e-01    -1.068929075901959083e-02    1.835936695515504220e-04    4.660786522666927846e-04    3.615043973382144955e-05    2.641632161486755283e-05    4.650350212454140105e-07    6.154587462788068536e-02
2.899998909984798843e+02    9.983094572236340669e-01    1.179970978208681742e-02    4.496937286932745363e-04    1.735310831772148878e-03    3.679051727611090027e-05    2.555768108005679280e-05    5.147428614895178807e-07    1.952722933560454080e-02
2.900000999503519097e+02    1.000835458258182431e+00    5.986958292898953912e-03    -4.306614054221358473e-04    4.074498528562218373e-04    3.465927370034175008e-05    2.658758077291034221e-05    8.400998264115496875e-09    1.249313992576855679e-12
2.900006810598268316e+02    1.001612746920857333e+00    -5.448184920744859709e-03    -4.732039984067610769e-04    3.066152329119352805e-04    3.761619528553497636e-05    2.595042120715792858e-05    -6.279715018858582075e-07    5.653563924151790848e-02
2.900003867310302326e+02    1.000072272300959186e+00    8.600327568208084375e-03    -4.215686145022146700e-04    1.042275004207009474e-11    3.618497896914997844e-05    2.706410093392505028e-05    2.105424371923864649e-07    5.155971767603845235e-02
2.899998657499708088e+02    9.984267643399941106e-01    3.011714554769978625e-03    -6.229864195490610892e-05    7.393025129393221327e-12    3.795618833831118118e-05    2.667423553837532229e-05    5.197600326356535993e-07    2.018668414708114277e-08
2.899999897754331073e+02    9.976213415695200926e-01    9.337224986263881199e-03    -3.338554678647001964e-04    9.538170058944949944e-04    3.658775287710254670e-05    2.573087203127195970e-05    7.298213527739678197e-07    1.283931692563208826e-02
2.900001616162684854e+02    1.001349007831984439e+00    -4.914151667609808864e-03    3.471031405575059829e-04    3.085239540429590872e-23    3.717939969782436233e-05    2.704242341667046541e-05    -7.011400986236043188e-07    5.519389580592807751e-03
2.899999017570336832e+02    1.000862650753277183e+00    -5.784590927810306926e-03    -4.444194338627570156e-04    4.795451923358841481e-04    3.421252288018348408e-05    2.566983312527015867e-05    2.822246027170410903e-07    3.474587461873818393e-10
2.900002513299961606e+02    9.999012934872469893e-01    7.237383811528746991e-04    -1.279821419931591457e-05    3.155270453176906432e-04    3.490173771436902699e-05    2.596852746242320174e-05    -5.210453420225042207e-09    3.447064065142291939e-02
2.899998177092895162e+02    9.996049953049956915e-01    4.908447385598656981e-03    -3.157199179928300305e-04    6.735595418936153986e-06    3.737212788906593545e-05    2.689114627943465811e-05    1.413400104410955660e-06    2.993966615361716226e-14
2.900003225337732147e+02    9.998321956762431517e-01    -1.003714784519266559e-02    -3.774782333846779368e-05    1.326543901350263214e-03    3.564688676045158486e-05    2.569130231236799167e-05    5.256444852331666811e-07    1.171306544368993103e-09
2.899999768601051642e+02    1.002951440437251485e+00    7.982852328566271329e-04    -5.002556510197200259e-04    9.659992336314383262e-15    3.533079918248375616e-05    2.636323980427678944e-05    -3.077240431586639952e-07    1.304231242017920231e-10
2.900001020257556661e+02    9.998898238479428935e-01    1.902292770579188655e-03    -3.696533078047587384e-04    5.358945170465613120e-14    3.841315394999970706e-05    2.652544514499318047e-05    -1.078099520017039608e-06    1.430606390747212236e-11
2.900002128880316263e+02    9.998226283674207515e-01    -4.671444204918120090e-03    -3.568991155340774080e-04    5.413437649509182659e-04    3.591584363036200427e-05    2.536830335123003874e-05    -1.227636544168308739e-06    2.817013307259493178e-12
2.900004324902163830e+02    1.001543042656102278e+00    4.930450492672568824e-03    9.598797701965975694e-05    2.943939550836259544e-04    3.810593188601506568e-05    2.679702566151402539e-05    1.544043867486516137e-07    2.608626624976126754e-02
2.899999689632088007e+02    1.000002962363943704e+00    7.456403724765119784e-03    -1.636528862900947319e-05    1.928209298603227387e-03    3.743402802839726506e-05    2.626615858511046600e-05    3.413718006596362352e-07    7.534086514573037668e-16
2.899999206702720471e+02    9.998457101778467360e-01    -1.130279940303353936e-02    -2.370706959144813539e-05    7.798310325145219263e-04    3.525649053068935317e-05    2.508276826499541520e-05    9.828379926223545993e-07    1.151984554426955029e-12
2.900001372024669308e+02    1.000204350724693159e+00    3.915299928222153885e-04    -2.939571418967997754e-04    3.548802531720767582e-12    3.707628033693475259e-05    2.639156125138104880e-05    -1.616080039522854048e-07    1.944017146261403774e-09
2.900000471067625085e+02    9.967268716021185915e-01    2.975938018695796017e-04    4.871214012359807743e-04    1.589344658771610743e-03    3.572357263750061955e-05    2.645986604298468001e-05    -1.991699994252197104e-08    3.804200617922138458e-17
2.900001860548628088e+02    9.997470997184260133e-01    3.926156654484692227e-03    2.414757967672602164e-04    5.902668372203223558e-04    3.746275710027631282e-05    2.636703191843583073e-05    6.840591367985242586e-07    6.968924614739988033e-02
2.900004875607778558e+02    1.002473002191930362e+00    -4.252143398173531368e-03    -1.340866166213368121e-04    1.307933710605445636e-03    3.360982376408355374e-05    2.684663559623165220e-05    -2.161685494226518304e-06    1.005731139142664220e-14
2.900001040710409939e+02    1.000438451416423957e+00    -9.485062748492183648e-04    -5.547967260130711733e-05    4.403811340946847349e-04    3.806984033100491957e-05    2.656929424499764617e-05    8.381692977271923549e-08    8.816347142266768230e-03
2.900000856700381746e+02    9.994646139976843813e-01    3.376960697520661921e-03    -5.200110996120805391e-04    3.733509187684307642e-13    3.511666376691714318e-05    2.578478534179176669e-05    1.128989001306028268e-06    6.278331467612451033e-02
2.899999876382091770e+02    1.000157690654002618e+00    1.858384376746876829e-02    -5.451617419497456268e-04    3.739126405392156563e-05    3.636997127460440173e-05    2.751386795087622266e-05    6.600990325486940968e-07    1.399214585223116898e-11
2.899998332076976908e+02    1.001407270806919714e+00    3.140964645810395825e-04    3.565473103212071668e-05    4.241574465038801700e-15    3.995565260078786193e-05    2.884000037438181862e-05    1.133494755189083546e-06    7.336174284501547314e-03
2.899998951709723656e+02    9.982177411381853993e-01    -1.710860185239199442e-03    6.265966136974531961e-04    1.535005255249380183e-10    3.911681895382085122e-05    2.666201697356156031e-05    5.300057816512155671e-07    6.809633495570798612e-09
2.900004339871821344e+02    1.003036511240899431e+00    3.166849473560178277e-03    -2.825426127215511151e-04    1.151432920584325760e-03    3.532667771844684625e-05    2.540878952900073540e-05    1.154368594116409341e-06    8.909120040165569021e-02
2.899998083818230157e+02    1.000477596141150061e+00    1.649396281174488825e-04    1.235061830893762673e-04    4.343999699868111137e-04    3.586830035629359786e-05    2.608241355185315452e-05    6.665532102837543372e-07    1.078370921415751292e-10
2.900001581998760685e+02    1.000262549709469706e+00    -5.823253492649553553e-03    -1.295005443614271137e-04    1.830321661961305203e-03    3.580414276151538266e-05    2.573140546567008062e-05    -6.708544968216308583e-07    1.141729055040421912e-16
2.899998554706547225e+02    9.981625386293297986e-01    3.912675476235954325e-03    4.702063784492949638e-05    2.577992502372696264e-03    3.657212958480707905e-05    2.593228955054582748e-05    -1.577782177761133408e-09    7.959310867701780245e-12
2.900000995684503664e+02    9.996190718978504863e-01    4.438630313288122707e-03    -2.347815869438575853e-05    1.281775719975568264e-19    3.869527450359187598e-05    2.705519375084055076e-05    1.571532538506765875e-07    4.070028023009669531e-03
2.900010879981658718e+02    1.000166545420707820e+00    6.258640855691103471e-04    -7.334922013089630467e-05    2.466110711716715167e-03    3.489306209477673477e-05    2.539102829059242797e-05    -1.254880054496032137e-06    8.531491388082179661e-02
2.900001134907782330e+02    9.992242805367482772e-01    -3.957901196112582551e-03    6.742216145553095767e-05    1.088288504017333701e-03    3.589547448701544134e-05    2.604255474068891397e-05    3.064752781269253980e-07    6.644596484366332642e-03
2.899999384666010656e+02    1.001391793330823843e+00    -8.235022870422580629e-04    2.518399388895925495e-04    1.068350297409654991e-11    3.697116869427142442e-05    2.606389615478277771e-05    1.202690882437566105e-06    9.535915636431356623e-09
2.900002969033884028e+02    1.002178544498051327e+00    4.889626998250333305e-03    1.988845181194538638e-04    4.117716166809017014e-14    4.045479289255719628e-05    2.799115502511030952e-05    8.128928098930124836e-07    2.663775335989938819e-02
2.899999442617771592e+02    1.002542642563569508e+00    -1.629943424620606488e-03    4.754055999791923924e-04    5.470603203299604029e-04    3.849035484585819469e-05    2.736401423437709551e-05    1.855995628305884051e-07    5.528477842881802350e-11
2.899997807944929491e+02    9.974301971080834495e-01    -2.521978868812745078e-03    6.060193772922258491e-04    3.150852818983754314e-14    3.831520943543388158e-05    2.792265972838934118e-05    1.093388086355166809e-06    2.220988172711608761e-08
2.900006069345219544e+02    1.001976881335501446e+00    4.776627619314976342e-03    -8.410111095421936365e-05    1.797589054033235148e-26    3.487863634281353957e-05    2.583123751099163166e-05    -6.593877523009655516e-07    2.867229392714574707e-02
2.900000428054122494e+02    1.002027872538689079e+00    6.750774624139975998e-03    3.241819259104458542e-04    7.339758578448454980e-04    3.875230337469488351e-05    2.717005512757168252e-05    7.886673050445435025e-07    1.915617207876762693e-02
2.900003564830424239e+02    9.981827540804549814e-01    -1.171994332082475394e-02    -3.894420412556428256e-04    1.010192656366909860e-03    3.536955153415803844e-05    2.489243484939887839e-05    -1.022250613058336892e-06    2.519937662487108148e-15
2.900001974750813361e+02    1.001819174750522512e+00    8.860738000610048851e-04    5.568443671524630784e-04    2.522070859504249845e-03    3.513831906629706614e-05    2.629317417921799550e-05    -4.199803947966335133e-07    2.770553409308337128e-02
2.900000286992881229e+02    1.000590895949205361e+00    4.014233639405477647e-04    2.208744812058270840e-04    3.654613414071598095e-20    3.514486227451351090e-05    2.598885825809742011e-05    3.884777861891811138e-07    1.950767208812643913e-09
2.900000551508734929e+02    9.990165864762170500e-01    3.286538839625253961e-04    2.641740768749249323e-04    9.343953932628508603e-04    3.740632856139483446e-05    2.636287992679766434e-05    -5.731527692204709828e-07    5.504834834904909647e-04
2.900000744606334706e+02    1.001083960366972114e+00    1.284118801783942949e-03    2.725521938454610201e-04    5.739050221293840338e-04    3.813029801673073471e-05    2.711770824795465309e-05    8.538150533020324206e-07    4.599830736813279725e-02
2.900001303715105223e+02    9.996932637240925068e-01    -7.200610147090426077e-04    -2.977177489456601781e-04    1.104225008552829580e-03    3.471788492787876380e-05    2.511881951563102146e-05    -3.359311500429016435e-07    2.464547017228083124e-15
2.900002474707661690e+02    1.001468611371528761e+00    -2.763652460745565087e-03    4.221420816150670517e-04    7.530381114020965734e-18    3.587078798186093447e-05    2.586245218882848962e-05    -4.719473676629727592e-07    5.132125003822791417e-11
2.900002542490017277e+02    9.994409304425899698e-01    -1.100389249243908900e-02    2.616655147030275499e-04    8.513839604028122168e-16    3.845197052153976979e-05    2.679933737413663875e-05    -6.326431196173122294e-07    9.388735704355247228e-11
2.899998134003155883e+02    9.995485749762398342e-01    -6.863927858854299881e-03    3.447976024757107446e-04    9.590179297919960511e-04    3.723593473648721946e-05    2.612942468798379187e-05    1.883554656996179677e-07    4.503135833822696126e-04
2.899998569978615137e+02    1.000048942484176306e+00    -5.790882045663362648e-03    1.850748462974775963e-04    1.372558401521532670e-03    3.322863038771551247e-05    2.512301136545729816e-05    5.126871793253750585e-07    8.139139985339896577e-03
2.900001774780398023e+02    9.988900587492747229e-01    5.933846340200841889e-03    3.980832021678798525e-04    5.239622514836516316e-13    3.510996912571512178e-05    2.623638559547559419e-05    9.946715157954049016e-07    5.214584445625314313e-02
2.899999158043485181e+02    9.979535155509804412e-01    8.610937567311938243e-04    2.209861096387819685e-04    5.961882266720656574e-04    3.506290438284532298e-05    2.641480866319955556e-05    1.351961660914251448e-08    1.907394986787737216e-10
2.900001015173903625e+02    9.980444039672727863e-01    6.699246539645118369e-03    3.517508846436104937e-04    1.651671518163131932e-03    3.658217136890214480e-05    2.631011722609769880e-05    2.726522253740293884e-07    2.231329883743346171e-10
2.900000230927147413e+02    1.001133900918538711e+00    -7.082970819754235044e-03    -1.819151860631282791e-04    1.401837275347309151e-03    3.584280825137571298e-05    2.719395173719496301e-05    -6.439152562761535540e-07    1.626029612023362301e-05
2.899999408009462627e+02    9.992129949463760541e-01    2.415955755080053129e-04    4.618010352316842884e-04    1.665393900534241833e-03    3.819675513878170346e-05    2.690157298164097037e-05    -4.496773817006190832e-07    3.364251530955046017e-10
2.900001203455224754e+02    9.986909805486046121e-01    -1.064054354240982726e-03    -1.311700409499378371e-04    2.061337406775018075e-04    3.541733676359172045e-05    2.564903391329058659e-05    -6.997346660273423474e-07    4.649524632808149589e-12
2.900006441297045967e+02    9.999414297740047974e-01    1.499717718951373282e-03    -9.520844783458636386e-05    7.104315793515236973e-16    3.469676375183446202e-05    2.613644104757756095e-05    -8.327038574421434698e-07    6.868759014630870796e-02
2.900000488468837716e+02    1.002203251364666592e+00    -6.399696494220669454e-03    3.595391473311013945e-04    1.273952852624726800e-14    3.797158326965399005e-05    2.702745347240978669e-05    9.873312858771349531e-07    2.573290999975342760e-02
2.900001011600155607e+02    9.994540549716659505e-01    -9.036251836357919037e-03    -7.483044531251824631e-06    1.314365702690821936e-04    3.722096086711147581e-05    2.668108724580347133e-05    7.507622975015854374e-08    5.761932999492809689e-03
2.900001026235742074e+02    1.001471442515604604e+00    4.281645355056408367e-04    4.184340083302963312e-04    1.126598009313067844e-04    3.455811995194821231e-05    2.488695951929433646e-05    -5.454125661229879686e-07    2.273850256642111879e-12
2.900000184506787946e+02    1.000812223087477193e+00    7.722114284384016961e-04    -4.072714782937526508e-05    2.399819492354539519e-12    3.374129070699205594e-05    2.585417078092572065e-05    1.269231592594121769e-07    1.164468195720673804e-08
2.900000993716715243e+02    1.000098987799108441e+00    1.948808843782179985e-03    1.279187891656489030e-04    6.445889707388105993e-04    3.506921034986866000e-05    2.605095197788732448e-05    -3.944810658030408300e-08    1.111749178345952660e-02
2.899996911275795242e+02    1.000277243673872274e+00    -4.306873788504385675e-06    1.953335889257208885e-04    2.477924472721510571e-12    3.771165042543817117e-05    2.699250493180654277e-05    2.191584026527525536e-06    3.902229114615277106e-02
2.900008659466928975e+02    1.000122848136470122e+00    -3.309478896480229707e-03    1.258612195918421938e-04    9.194089623537807883e-04    3.680825773636889938e-05    2.719738164949124658e-05    -1.493214398956838362e-06    6.857813909795096308e-02
2.900011959558815988e+02    1.002317451664600734e+00    -1.523261769914248560e-02    -1.079319142948276642e-06    2.647349870434636266e-15    3.714600084122767458e-05    2.695640535107006951e-05    6.861299995591625665e-08    1.253801764131750873e-01
2.899999930179274656e+02    9.997852171129043564e-01    -2.507027807833476975e-03    1.892972382695794957e-04    2.739324632225742908e-04    3.587651440570724620e-05    2.583824374703659160e-05    7.483206253231034283e-07    1.459466257525275277e-04
2.899997602244899326e+02    9.998070374809342464e-01    9.289468891424007904e-03    -1.254383824337834674e-04    1.501034692499540607e-13    3.760768058274701362e-05    2.731837150423583346e-05    1.272831372721124038e-06    5.234008133151655272e-13
2.900008935548135014e+02    1.000622517907926445e+00    -1.795064710049928004e-03    2.977650693175832686e-04    7.056354047198125839e-17    3.824068890681619570e-05    2.760831373885316894e-05    5.331822065181063061e-07    8.903436659148647458e-02
2.899996708913834027e+02    1.000680378060340159e+00    -5.345020577077356193e-03    1.980976513247836553e-04    1.697348986221593629e-13    3.629929533325581561e-05    2.724180221148515959e-05    5.681047419149723523e-07    1.279671829888742213e-11
2.899998154085311626e+02    9.987512867793036930e-01    -4.224148473552877085e-03    -3.851435736509124254e-04    1.062024786268215168e-16    3.595877543302587227e-05    2.602518560761906956e-05    5.038278119063350270e-07    3.399420452808227279e-10
2.899999287199884179e+02    1.000663505802059650e+00    -6.315011194058300394e-03    -3.103806388176293487e-04    6.606551638696708806e-04    3.889768722976008207e-05    2.703019385710811787e-05    5.915216290332736366e-08    1.381632567912522216e-02
2.899998612952327903e+02    9.993373042672425433e-01    4.670632764110936065e-03    -2.122531096866202760e-04    6.995720233531161833e-04    3.720656203764257096e-05    2.653151581168187070e-05    5.793298392507388371e-07    2.003851083220813123e-09
2.899996761813403623e+02    1.001311228374207385e+00    3.094761415922406451e-03    -7.325044719292062500e-04    2.259854314688869948e-17    3.577654398321179931e-05    2.700186162883061905e-05    -1.108410097227919670e-07    2.534096017451750905e-08
2.899997964980999541e+02    1.000656355329128333e+00    -5.925594057469236141e-03    1.193545795117383973e-04    1.044236540139114461e-03    3.625762571288743645e-05    2.671608398878770575e-05    2.178496309851640790e-07    1.407911011047748015e-09
2.900008538986460280e+02    9.994613704548896971e-01    -4.485478017549036217e-03    5.276670031177506338e-04    9.649730205670729118e-05    3.870602530555537904e-05    2.669511730176944429e-05    -1.724465052791430032e-07    9.490480296854303388e-02
2.900008306682131547e+02    9.980970629521045412e-01    -1.952893301239884069e-02    -5.288947480463966578e-04    1.119199864827297695e-04    3.573717270282304422e-05    2.622595258317935644e-05    -6.017349184225525782e-07    4.681434257649624148e-02
2.900003359028493151e+02    1.000071592250506569e+00    1.438945870181846786e-03    -2.596398480371561084e-04    3.598474522313326964e-16    3.773847788121307976e-05    2.496307774631406062e-05    -1.871613317636211665e-07    3.612128133076976388e-02
