# f_r [MHz] A m phi D delta_r delta_ere delta_eim a
2.900002177000852726e+02    9.989041379175940261e-01    -6.368511895305496717e-03    -2.789248268361887038e-05    8.078523919135973221e-05    2.003306874804879780e-05    1.123317309018978354e-05    -3.942178042024774362e-08    8.019158142622388741e-02
2.900002171311973598e+02    1.000293228580595661e+00    1.647865300128845481e-03    -4.507455516098127397e-04    6.979856831112752168e-20    2.039563831808059973e-05    1.183218933287545919e-05    -4.613157915467105693e-07    2.259624927281107722e-10
2.900000586874845112e+02    9.972617651027280150e-01    1.217167571287019762e-03    -3.251273630227918734e-05    9.101091754680674679e-04    2.014294000267452276e-05    1.076480146289147110e-05    6.820035028298112755e-07    8.720072298259312626e-02
2.900003619624588964e+02    9.996699838148432882e-01    6.147465801010022594e-03    3.516068365603732958e-04    3.471496971358533119e-19    2.226266087691740811e-05    1.102988676292116537e-05    9.535853207783810276e-08    9.095823942542963225e-02
2.899999432595287772e+02    1.001878689688895818e+00    2.330784256299966734e-03    2.312000302445735918e-04    7.244704051665173689e-04    1.749926781342455359e-05    1.028022398237136489e-05    -3.673039926743214888e-07    3.638152865030504918e-02
2.900001028644846883e+02    1.000479520945498635e+00    3.400424892981376759e-03    -2.953792966700788218e-04    2.089805047503243003e-36    2.065883276042234474e-05    1.143257215461094456e-05    -8.349924682585373721e-07    6.371963652752779365e-07
2.900000779841167855e+02    1.001084783133504130e+00    -2.510148483746901717e-03    2.698008524362601954e-04    3.075999874761180360e-21    1.937627951391460331e-05    1.063529927225997258e-05    4.680506074905198144e-08    3.141027924786442965e-02
2.899999837668321447e+02    1.001177622285156721e+00    3.647502846419395893e-03    -6.649979226757212706e-04    3.117147529819124896e-04    2.121787366596138773e-05    1.122340027206105849e-05    -2.848382776128805340e-08    1.375231376293686945e-11
2.899998787506380609e+02    9.998193316435456390e-01    -9.433475708173561652e-03    1.963840179530945186e-04    6.695212786868490586e-04    1.990901221571815121e-05    1.101197783204490527e-05    -2.416611614681511238e-07    7.495000567787785817e-10
2.899999848618414262e+02    9.963674097539864105e-01    -3.200662607263529236e-04    9.484847168697509330e-05    4.551193919939508310e-25    2.301155657622795358e-05    1.247743404867567481e-05    6.719578169269261091e-07    1.364479004306707917e-10
2.900002079758497189e+02    1.001364548853044045e+00    -1.288384971267692199e-02    3.716771657821289635e-04    1.081632218358265696e-23    2.076311458354234202e-05    1.102739393208511250e-05    -3.271042197123201017e-07    1.365809251147501373e-09
2.899999089193199779e+02    9.990664522067519426e-01    -5.533244138046273727e-03    -3.766011524884749108e-06    5.842221285825024112e-04    2.139467253806529314e-05    1.099664607002241114e-05    6.020642450647195897e-07    1.326935774199414762e-13
2.900001438998378376e+02    9.990342711103673556e-01    -1.154241713708852209e-02    7.543388512610039206e-05    1.004657069460652421e-16    2.068807640029758651e-05    1.109268868027819286e-05    -7.351655626183041732e-08    1.056956585335729724e-08
2.899997991651189295e+02    9.999309048103068864e-01    1.976531224881107954e-02    -2.940340668308601723e-05    2.261598535240575534e-18    1.961112447764806058e-05    1.059794491114354558e-05    -2.630493143541182861e-07    7.320595520831165586e-12
2.900002826083308491e+02    1.000534716067948970e+00    -3.104016762973793326e-03    1.837749019225282457e-04    1.586532917052732651e-23    2.130090058308732460e-05    1.080026519705670930e-05    9.146215992408731915e-07    1.183688629970860995e-01
2.900003178772204251e+02    9.980213520682534867e-01    2.466023831015664181e-03    -1.796424671557865873e-04    6.735553151892474753e-04    2.005737066718010379e-05    1.071624095302161776e-05    -2.924931690063648719e-07    1.295813655042511725e-01
2.900005877815967210e+02    9.994869317660408647e-01    1.645441433019843814e-03    5.353065558662409903e-04    2.175975867951828687e-21    2.165716932478525464e-05    1.118531001731430735e-05    2.365827224634280762e-07    7.400043143705621607e-02
2.899999273335172916e+02    9.981225244672036201e-01    -4.996656182591497838e-03    1.412332802432861825e-05    2.374435184733878656e-25    1.980995701798497682e-05    1.090688755593660878e-05    6.739852677400104920e-07    1.694783060925276579e-09
2.900004270953627952e+02    1.000896623287559128e+00    -1.050479932760052179e-02    1.383383054775820888e-04    1.122090658995262307e-21    2.073242494215182723e-05    1.017451556217230945e-05    -5.414972261910257496e-07    1.412385003691455589e-09
2.900010069542940983e+02    1.000000700698912004e+00    -4.045816401018697373e-05    -6.683448405477017233e-04    3.257947001109593507e-04    2.157434951207118495e-05    1.074688113680815725e-05    -1.422059586013842686e-06    9.455685214310095843e-02
2.900016799760550157e+02    1.003078821254483888e+00    -1.812804811544723024e-03    1.508043062972891422e-04    2.657627713423223398e-23    2.186294560298380544e-05    1.155417491857969338e-05    -7.933343814086990427e-08    3.006095540528126997e-01
2.900009652374210418e+02    1.000638752411528332e+00    -1.712100610184007525e-03    -4.868251600345740006e-04    1.155187718775919139e-04    2.085008113380324698e-05    1.062669698047898686e-05    -9.872036661917165204e-08    1.853497832566838033e-01
2.900004528967924102e+02    1.000364468932283479e+00    -5.475457092122732600e-03    -2.671017510615799565e-04    1.286366216959542504e-03    2.189617406003720849e-05    1.113406226615026446e-05    -5.975687883811220188e-07    3.734025004619372090e-02
2.900002884245543555e+02    9.992932378185183095e-01    -4.657047948762559064e-03    1.253819067612497985e-07    2.382198339854106722e-19    1.775582609429909189e-05    1.046851849666709349e-05    -8.244476699816551912e-07    4.560388442090359401e-02
2.900003702656736095e+02    1.003326239779418705e+00    -3.349416297957771328e-03    2.325385073379282756e-04    2.430359260353320554e-31    2.106163526258099714e-05    1.243882348540318237e-05    -7.106995643822905707e-07    8.361648537894296441e-09
2.900000474283270933e+02    1.000855543308792672e+00    9.586321268438299445e-03    -1.248298713635198794e-04    4.582392636326384399e-04    2.160425476004524870e-05    1.122899225304530624e-05    8.406335156898605009e-08    3.225354452106050235e-13
2.900009994305598298e+02    9.972694133634273372e-01    -3.448434756018776016e-03    -2.232766898401637129e-05    6.135400235989808451e-15    2.382902060869372194e-05    1.139868683376068451e-05    -1.286228687283230240e-07    1.770303001554115463e-01
2.899999867593456884e+02    9.982140479460696048e-01    -2.499822732595442169e-04    -3.217619989533601339e-04    9.678561415757955862e-06    2.327246525598885275e-05    1.111364813330986307e-05    -1.237929043250062057e-08    2.008135978150484882e-11
2.899999933401379053e+02    1.000540415503973435e+00    9.591483772735659788e-03    -5.990170450690910113e-04    9.567527533183673794e-04    1.997900016956259900e-05    1.059162794383527675e-05    -4.561143969868001972e-07    9.354818781352646959e-07
2.899999528060476450e+02    9.985504713758334150e-01    -8.778864670955328561e-03    1.164912556550469437e-04    3.107352728971819105e-24    1.940170037062639903e-05    1.054809138673207083e-05    3.846967271861333024e-07    3.484435305541906376e-11
2.900002945394917901e+02    9.995337807048316758e-01    8.122751738553767725e-03    -3.909956595095416434e-04    1.295316614590257098e-19    2.276185122214609201e-05    1.182977965300759831e-05    8.007246726402488516e-07    1.041625754275382759e-01
2.899998257812208067e+02    9.998212837213625859e-01    7.808875356437552061e-03    5.292373694937286925e-04    2.037884457768986533e-24    2.199170323028887798e-05    1.127478729160372674e-05    9.030521857756193230e-08    2.043375942077521601e-02
2.899999295497097478e+02    1.001826630790676909e+00    -2.954759424592283152e-03    -3.076146200619439010e-04    1.769670277571123312e-24    1.726879776287369657e-05    9.999645214450805176e-06    3.806232910457149007e-07    2.164404145434744881e-12
2.900002420845248139e+02    9.999900074791047144e-01    -5.217925136259008410e-03    -4.403226135124825059e-04    4.052259781271998395e-25    1.979592399028691426e-05    1.101911402167500990e-05    -1.560533232884998800e-07    1.894285792704801755e-11
2.899998765300056789e+02    1.002612952723769713e+00    -3.165060817881102176e-03    2.311833760957942229e-04    1.181916994301854045e-03    2.081606499492356525e-05    1.084359934339441378e-05    3.139212611280779622e-08    7.679783245022895125e-10
2.900002011041544279e+02    9.987215675746841104e-01    -4.767868029174706680e-03    -1.401463540896131225e-05    1.016137225874848802e-17    2.227272293906639182e-05    1.206001292809724196e-05    -1.395668474510672167e-06    1.278376033107613523e-09
2.899998353697753828e+02    1.001081608068930651e+00    -9.605795748614354840e-03    -6.135622210794274207e-05    1.119670706463207072e-03    1.867886329171457302e-05    1.050953808099072445e-05    4.375049766354795780e-07    6.935630357436479928e-11
2.900004143640966845e+02    1.001702565501721542e+00    2.141675984730180213e-03    -9.095638559258193012e-06    1.055537577776922064e-03    2.126180479605672020e-05    1.089875546916177300e-05    -1.944403708319133611e-07    1.116142050098016952e-01
2.900006094466524473e+02    9.993276587973786151e-01    -3.331227619955732340e-04    -5.402577274984784930e-04    2.967549246350917845e-04    2.114061568734843243e-05    1.132895434688871508e-05    -8.598065336355680926e-07    9.707284956032210822e-12
2.899999951664585751e+02    1.002263621907702795e+00    4.837907759489504071e-03    5.222385243489885008e-05    9.143387847108738081e-05    2.194551207150586549e-05    1.209370759771489778e-05    5.873486940507444758e-07    1.777153914454787036e-11
2.900003294747747304e+02    9.973411738417604644e-01    1.063513690172681637e-02    6.868454868119072741e-05    2.067303421299019459e-20    2.309543517377790107e-05    1.115216427663792437e-05    1.506585619672408406e-07    7.308084523906198450e-09
2.900002154655126105e+02    1.000287447593284584e+00    1.980434185082113364e-04    -2.645191871246922667e-04    1.415281179862353415e-15    2.397395542060485013e-05    1.223850007958902479e-05    -5.136877137325413615e-07    2.572520785833812620e-02
2.900002007556043964e+02    1.002671606211751776e+00    1.397808265617322791e-02    -2.490689533003839664e-04    1.111533050975725284e-31    1.902604321752615992e-05    1.066177848527342554e-05    -5.983963462576913957e-07    5.805932854073972161e-10
2.899999727157310758e+02    1.000821015333732467e+00    -1.457465762270051916e-02    -2.263342381251496358e-04    1.844681347489591754e-21    2.174428343690040530e-05    1.111498239744832510e-05    4.706295971245463417e-07    6.364548574498236241e-11
2.900001791679640064e+02    1.001706628622706097e+00    6.451883817320994141e-03    1.035534369500702722e-04    8.404743480936692490e-04    1.795488536467564820e-05    1.012089516399109068e-05    -3.877062112178828562e-07    1.014760056992164267e-10
2.900002177780401098e+02    1.000647714441130542e+00    -3.287663874014777783e-03    -2.008826171971085715e-04    1.040586442046258133e-03    2.290021321494859686e-05    1.164049577492266695e-05    -2.646381107862140153e-07    8.341341554478346470e-11
2.900003730593930413e+02    9.990644442338433295e-01    1.869335970920829810e-03    -1.034760559498851295e-04    1.424632312240046287e-20    2.210633684521400217e-05    1.054223393799217905e-05    -9.078352113616734868e-07    3.152854804876733478e-03
2.900000078473385656e+02    1.003180894215036867e+00    -1.496479349762817662e-03    -5.844108766553134023e-05    2.951305209736782500e-14    2.299588101074286723e-05    1.083061621791030119e-05    4.815495362810747331e-07    6.836890822046449681e-09
2.899997621273732307e+02    9.983588324335213038e-01    1.325933222734557507e-02    -3.161836257681857414e-04    9.930040242929457737e-18    2.173179279108437701e-05    1.139392242062507547e-05    7.539216706268998179e-07    2.872504113164874980e-09
2.900008892990979916e+02    1.002259710736328691e+00    -1.251164529627438703e-02    -8.696005461703219634e-04    2.658981947380565387e-18    1.958952788436712033e-05    1.069479274193819095e-05    -8.081253176766401768e-07    1.356455739436601415e-01
2.900006264181380402e+02    9.990101496176495566e-01    5.042548242732004631e-03    -3.768133004960716416e-04    1.106929245689623146e-03    2.581413995992846384e-05    1.188576150242075270e-05    -5.146951583739790568e-07    1.791087088819828810e-02
2.900001712560166425e+02    1.000367662039011840e+00    1.124010033508123082e-03    -4.484856556037230429e-04    8.738095372857170559e-21    2.257285665832675441e-05    1.220829589569133188e-05    -1.860174241713964487e-07    5.277387481861246787e-03
2.900009817295793368e+02    1.005369780290971349e+00    -6.563609296759096226e-03    1.140275087381220344e-04    1.645360947881758787e-17    2.234818634464248231e-05    1.105051344277480874e-05    -1.135146978302683088e-06    6.599290074165686804e-02
2.899999316882083917e+02    9.991612469996133949e-01    -3.005545356937258487e-03    2.953132350718026908e-04    1.899582428579459860e-17    2.203557456073553506e-05    1.168910129169229628e-05    -4.170796492581448022e-07    5.863349894161913084e-10
2.899997082816213378e+02    1.002147643437746094e+00    3.347492905418237869e-03    -3.213019070794041212e-04    2.796895169964730855e-03    2.130272583120022798e-05    1.110586765471713835e-05    4.333402325728738816e-07    3.039667739060614377e-13
2.900001777573405093e+02    1.000415998988389621e+00    1.174127723514439836e-03    1.390920417145829894e-04    1.337253269968689817e-03    1.872502314588135120e-05    1.031723628113250039e-05    1.253601662343755453e-06    9.300025673437196938e-02
2.899998962742554909e+02    9.973303803118366284e-01    4.607911741105247716e-04    1.146912492517798503e-04    1.836885114406264534e-03    2.246258617097562896e-05    1.098820034011216586e-05    -6.049791399442138397e-08    1.589816662879325188e-02
2.900003419934005819e+02    1.001094121999396291e+00    -2.313716970714371681e-03    -5.935820889575287853e-05    7.088894565102737651e-05    2.011233384608909926e-05    1.027239758911931109e-05    -7.693655933507351821e-07    3.829761606867589602e-10
2.899996512655779384e+02    1.000058737626172034e+00    5.299778316136485694e-03    3.801037308434496317e-04    1.951305447830553477e-04    2.126121294904567721e-05    1.069296215388019617e-05    5.109733024134223713e-07    1.796565244445814162e-15
2.900006718245940647e+02    9.972063910031193634e-01    1.669562800794539142e-02    -5.434497591815017287e-04    2.286670225363457123e-05    2.206474615349173299e-05    1.143371950904096235e-05    1.051957370240210702e-06    1.294478487842866954e-01
2.900001021342541208e+02    9.988969394788885792e-01    8.184610336899886610e-03    -2.083879248425978047e-04    1.250979452440987847e-18    2.495338233166079686e-05    1.225680675172569181e-05    7.066751157697789767e-07    8.241699142635040831e-02
2.900004228925716916e+02    1.000844415015099464e+00    1.606772543949560759e-03    -5.571638744580291859e-05    2.442417916279221466e-26    2.303300526829704726e-05    1.207551743415337583e-05    4.720595451696586318e-07    5.578410614562684389e-02
2.900001133899838237e+02    1.001071696628695440e+00    -7.802104801730689758e-06    3.907758931099127378e-04    5.941636682396472591e-24    2.128439882140834754e-05    1.066828059302362905e-05    1.846158487099262864e-07    3.666240099178232070e-02
2.900004802976437190e+02    1.002203386525035267e+00    -5.622618786207092718e-04    -2.038886891058189264e-04    2.357234824260093979e-04    2.084187651839048476e-05    1.083682778680831840e-05    1.326745464262015509e-07    9.508877972706338000e-02
2.899998264337439196e+02    9.981865898106196955e-01    -5.189133178648888504e-03    9.237399091742149989e-04    3.029078828858280589e-27    1.977876268234235314e-05    1.079099727714197275e-05    2.865003496133222369e-07    2.411117157091200933e-02
2.900003280884596393e+02    9.969398824133570702e-01    4.378277537105734751e-03    3.885159573393635749e-04    4.750454909031331962e-04    2.030386208447039446e-05    1.061343267470250503e-05    -8.783713888041624945e-07    1.377441076904779488e-09
2.899994067015088604e+02    9.987477306492030804e-01    -5.585954279222133008e-03    1.076467088930118564e-04    1.008280205382089365e-14    2.167816546701931956e-05    1.156910995933105450e-05    1.193508379858374819e-06    2.681182159679284029e-09
2.899998261408283042e+02    1.000489324325542384e+00    -6.528550680121953699e-03    2.011369244979927071e-04    8.024416642994126139e-27    2.084253605836956986e-05    1.160902122453318358e-05    -1.669798007819130736e-07    1.104927932189062675e-10
2.899996627464171297e+02    9.998561866016598687e-01    2.140304122917185969e-03    5.326562035586663056e-05    9.384391347677278851e-29    2.441268677869753349e-05    1.172035615408430903e-05    3.537701913670270279e-07    3.472485558565532685e-11
2.900014404899830538e+02    1.004248813353537439e+00    4.560140947645250319e-03    -2.728744362936870948e-04    6.334495489871136775e-25    2.381879756931752352e-05    1.182688543487271297e-05    7.539476213774771070e-07    2.403423497787782748e-01
2.899999471614279400e+02    9.987281750376395539e-01    -8.813487873015099505e-03    1.536892793460464151e-04    1.368670763169174773e-03    1.981763093326193147e-05    1.035361693450076512e-05    5.749432743735429624e-07    5.789135222301731998e-02
2.899998821484705331e+02    9.983469286726195380e-01    1.014065885937100522e-02    -6.055064423305077381e-04    9.850435760955862825e-04    2.217221771830872761e-05    1.102236259073722757e-05    2.793702027739220241e-07    3.933554202167571398e-11
2.900001798389619125e+02    9.965661266750672764e-01    -1.687800654865513747e-03    -1.222379385630877654e-04    3.646039029348399261e-04    1.951312352256029110e-05    1.004929022314321832e-05    -3.882599408972048044e-08    5.313123545791467728e-02
2.900001993213019773e+02    9.975285145820246280e-01    7.429631575379717738e-03    1.082992442319167419e-04    1.310370096687785320e-03    2.283954636697550612e-05    1.132015162111925822e-05    1.370237846580912865e-06    1.515447912075202075e-01
2.899999686015660814e+02    9.999206210179503174e-01    -8.907966597562554795e-03    -2.198139905589964721e-04    1.493267794616310654e-24    2.019345455015039616e-05    1.151954300485856374e-05    3.025377710018927700e-07    2.096817444373965202e-09
2.900004993311491148e+02    9.986660153188359201e-01    9.844813098634041908e-04    -1.229670447287815546e-04    4.518125249167394925e-24    2.065718330222750116e-05    1.050132045583160755e-05    -5.662692363842668552e-08    1.384409109325314968e-01
2.899999266587099100e+02    1.000853711774291943e+00    -3.220203489321797098e-03    -5.182514907263586731e-05    7.088426971900724932e-04    2.230918935559931163e-05    1.123250034733739113e-05    1.365273857999418950e-07    5.821553762777048618e-09
2.900001209135112390e+02    9.999621723611752389e-01    -1.368068611658231071e-02    1.749596305955854907e-04    1.955897313120663356e-03    1.956574414682695274e-05    1.087653899209631353e-05    -6.933339118458298176e-07    4.109240680587847377e-10
2.899999735350623382e+02    1.000182777960514358e+00    2.121339617402878686e-03    1.743686355495897641e-05    9.204762620799605312e-04    2.057210047398810656e-05    1.083316948400803977e-05    -2.780987015960871893e-07    3.300774597434297897e-16
2.900000188723829524e+02    9.980838032012366856e-01    3.991637983718765437e-03    -6.437307459759945361e-04    6.578733333768092394e-04    2.122237036026349536e-05    1.084908374488014297e-05    -1.710782935026949124e-07    1.388541979601163261e-09
2.899994703766783459e+02    1.003143165920924229e+00    8.120775834412990307e-03    8.794558325260373819e-04    5.752090102767049712e-04    2.347396208161305962e-05    1.172173968821086791e-05    8.830949427279325268e-07    2.013032258279773032e-13
2.900006902185261310e+02    9.989163412813855114e-01    7.748035101006098789e-04    -1.156632208801118425e-04    3.145717259699222793e-26    2.044319767434828896e-05    1.172763109610777933e-05    -3.386324891039004344e-07    1.572598715230514310e-01
2.900000101284292668e+02    9.991069566204208163e-01    1.315310521949137994e-02    -3.186746180709164604e-04    1.389499590828066870e-21    2.141253077460502421e-05    1.146839576415476102e-05    -1.002866057367220596e-07    2.283685942922801613e-08
2.900000770281519067e+02    1.000660054427174428e+00    2.578552390310364338e-03    -2.418974468235976852e-04    1.305958525468302843e-03    2.179164618641240119e-05    1.111013515977651057e-05    -7.174870547919699378e-07    3.269042290381949438e-15
2.900003936236259392e+02    9.949888910326015745e-01    5.874297860377781719e-03    6.008443852915718768e-04    4.181018981498101539e-04    2.001433491092427194e-05    1.030172771709877298e-05    6.224319043209420216e-07    1.596417625582927102e-01
2.900000365852841924e+02    1.000087439863056371e+00    -3.389703522191945921e-03    -6.606764511565066725e-05    4.272684730165007404e-29    2.118405893790792507e-05    1.115855400783543528e-05    2.669318941963341013e-08    3.965112304579839451e-03
2.900004753055561650e+02    1.005252439337855908e+00    6.099597040433666836e-03    6.645980086970577991e-04    5.451169816800989758e-04    2.040362904640030385e-05    1.064244902606687380e-05    -4.664271903743902560e-07    1.502090702305112768e-01
2.900000558911069675e+02    1.001445006926881653e+00    -1.972392904347224280e-04    -4.481957141791903152e-04    1.742281760230131272e-03    1.903484197380995234e-05    1.076920851349684159e-05    1.408414707547406555e-07    6.672403891804833645e-13
2.900003650721329791e+02    9.996348394824238204e-01    -8.234345928156076855e-03    -4.871778863814181211e-04    7.144435942916952201e-21    2.289842957398727241e-05    1.117761311291772002e-05    -1.140915824009031456e-06    4.509683417746822895e-10
2.900004342420340322e+02    1.000927500609748444e+00    3.676108037627804498e-03    1.339453465199149003e-04    3.627780982098077907e-15    1.943991987261732533e-05    1.002929590408704218e-05    8.513826530381600053e-08    6.401707563723370298e-02
2.899997867607590365e+02    9.986181027798211041e-01    7.477419397479894390e-03    3.321596538671528075e-04    1.444531880673529094e-03    2.016230820694514856e-05    1.079052879626295050e-05    -3.555827170818843501e-08    3.188816963447840824e-02
2.899999927789256162e+02    1.001118967294317930e+00    -1.029517879358792139e-03    1.025394774530223244e-04    2.167917701640198307e-03    2.014915129707478620e-05    1.121931884308224197e-05    1.354742252329804702e-07    4.506809440932474148e-09
2.900000157750724270e+02    9.954085531548848564e-01    -1.476460303429061489e-02    5.311345392002939526e-04    6.305328925427959108e-04    2.129942869693708744e-05    1.061280150915700065e-05    1.616510909213826191e-07    7.079685010567525190e-13
2.900002455888473492e+02    9.992430757127318541e-01    -1.146449915999788426e-02    -3.098427632083523712e-04    1.510979272561633116e-04    2.002552173144846171e-05    1.046132363172718961e-05    -7.343847307799028279e-07    1.847948389743702716e-10
2.900002209248598888e+02    9.993964087161888443e-01    -6.499019230158095684e-03    -4.754504555599542278e-06    3.910448089734435231e-04    2.669697953920500055e-05    1.224863003570184783e-05    -6.078526965114441772e-07    2.107984071633473393e-10
2.899996547287119597e+02    1.000996796522604759e+00    1.082494923294800458e-03    3.461610873443368361e-04    4.191896783877373028e-04    2.244058008318488504e-05    1.107060767191379769e-05    3.224868431159534841e-08    7.344542479809954699e-03
2.900002983685078561e+02    9.998110933866578565e-01    -3.347707449166285876e-03    -9.398037144917441581e-05    3.702836779217635978e-17    2.038170584207332748e-05    1.020003580328208921e-05    -7.166951269159250545e-10    9.356895687634347869e-02
2.900001615619293602e+02    9.974548243877494613e-01    -5.538451186790449218e-03    1.047780508410987383e-04    3.277473798760270423e-04    2.039429883938469721e-05    1.069673593970523755e-05    -2.671928641619845811e-07    5.568358392456108572e-10
2.900002283438130917e+02    9.995940971124248620e-01    -7.278478526111588007e-03    -3.456887204271990991e-04    2.881112284203057481e-04    2.000313915649758200e-05    1.123232761673168001e-05    7.421461492286743235e-09    5.268342945641391051e-02
2.900000183922828114e+02    9.997561248639701414e-01    -5.821229087874318746e-03    -4.439382091123373676e-04    3.894485027652484768e-23    1.969371875319777686e-05    1.044686919896151724e-05    1.508093029764279181e-07    5.430857918583238686e-02
2.900005806827979882e+02    1.001968381091585147e+00    -1.681126538351814751e-03    -5.424619001546701451e-04    1.674906100349426779e-03    2.248431926762057756e-05    1.158821529237245930e-05    -7.651687112009463887e-08    8.580122973083900706e-02
