# f_r [MHz] A m phi D delta_r delta_ere delta_eim a
2.900019497544397495e+02    9.995946582243115941e-01    -8.355308177075655013e-03    -2.271251068155413072e-04    8.260342210878444426e-04    2.604986551201137276e-05    1.461994366927241882e-05    -1.393563139987798915e-06    2.811677903819219670e-01
2.900009000239868442e+02    1.000274788443477947e+00    -1.390131123646730458e-04    -7.685548138783639420e-05    3.352384752065661653e-16    2.244491690568567555e-05    1.316459149270314765e-05    4.296031005297777141e-07    1.839357821129340986e-01
2.900003407605460097e+02    9.984813805109900020e-01    -5.278593942265295130e-03    -9.926762835617322894e-05    4.067610182178375616e-04    2.419623379953610070e-05    1.391937268250312390e-05    -6.212558948844555780e-07    2.304615647126614236e-02
2.899999835269806567e+02    1.001065132835714966e+00    -5.400614501697206110e-04    -2.833033830782015873e-04    1.046000534729633891e-03    2.202606644029248231e-05    1.311975198717965966e-05    2.529540050892717352e-07    6.099200521394616204e-10
2.900002760426160080e+02    9.972409720157578983e-01    4.843095339142926476e-04    -3.583019878320342676e-04    5.338980297736563241e-18    2.435342425597254211e-05    1.396742060507862709e-05    -2.910947629162430140e-07    2.016872282789880858e-02
2.900002342001174611e+02    9.978165323424027511e-01    3.003153805769841200e-03    -1.778997282134829486e-04    2.572072982780103834e-04    2.458449915620600663e-05    1.388197836650473921e-05    -6.733944211413045441e-07    1.864159872466177037e-02
2.900006857305891685e+02    9.996883365023521151e-01    -1.783630072870027677e-05    -5.245809201808317819e-04    1.439687344462838503e-03    2.198094387026824941e-05    1.358437642702116148e-05    2.654829886906503945e-07    1.147340903772623294e-01
2.900006275402491838e+02    1.001200680251632447e+00    -8.055303563410559295e-03    1.695637691600963213e-05    3.517803469056693577e-26    2.330881971186971264e-05    1.316872662255434667e-05    -1.815781731436507157e-06    4.652518512105040249e-02
2.900001107936784592e+02    9.988650723763958794e-01    7.817606486775144012e-03    8.695330108854926188e-04    7.277772387849277928e-04    2.348561617821595031e-05    1.365412727086105080e-05    2.526465049593476100e-07    3.136467549562611812e-02
2.900002605752205227e+02    1.001712743551661289e+00    -5.059128139451695393e-03    -5.325564603258725821e-04    1.099046444477460393e-24    2.287287170186714971e-05    1.425892153014387695e-05    4.939024908926893550e-09    1.235791043063851357e-09
2.899999867431649250e+02    1.001843136953450619e+00    -1.014721425141068594e-04    1.327726314616092340e-04    1.455156939901899012e-24    2.584492850269322779e-05    1.446178816954703414e-05    1.812316251095653073e-07    9.641352443265291454e-11
2.899996424580953658e+02    9.998081440436705769e-01    3.537946516195402975e-03    1.954638443627932753e-04    2.010286905025745241e-36    2.771667317352231364e-05    1.546450022353280192e-05    3.683903804647644178e-07    1.214043074703009306e-11
2.900006652408048353e+02    9.975529949836002830e-01    4.633541647281586538e-03    3.435400055686571694e-04    6.372350598408695769e-22    2.527894713151786525e-05    1.327520538356043185e-05    -1.517932755802597680e-07    1.452468241410121430e-01
2.900002519997448189e+02    1.001688011670311962e+00    -6.112295329016689122e-03    -4.731276969284899602e-04    7.611742988801750449e-04    2.368366716416644180e-05    1.340686424337962356e-05    -2.973243135346000734e-07    4.305566545756806429e-17
2.899998918521259839e+02    9.995238297956887674e-01    -5.773362189674810345e-03    2.779662033759573389e-05    1.878683483388466185e-19    2.710462151698583982e-05    1.495719515352911715e-05    -6.341172779891320534e-08    8.531641936757001264e-13
2.900007637788452257e+02    1.000287839410600510e+00    -3.313792809193904891e-03    3.399654110907268504e-04    1.639713657375900567e-03    2.283958346515578745e-05    1.364298580701484038e-05    -7.361637044202135862e-08    1.230555074843568547e-01
2.900006603320447311e+02    9.987811030419634362e-01    6.262257333521345330e-03    2.350573015515951595e-04    2.918645474298116058e-24    2.425487155099786409e-05    1.395699655304124970e-05    -4.973633663075809390e-07    1.476713320728159362e-01
2.900001831882717624e+02    1.002309333774716205e+00    3.013940953864783709e-03    6.022192888261978507e-04    8.625428189997140721e-04    2.408900409879473494e-05    1.396870847967919054e-05    1.902337088236020911e-07    4.427652498010668791e-02
2.900006446798626030e+02    1.001208327174996304e+00    1.695004050064570066e-03    -1.157974985154802553e-04    5.202222453243390365e-24    2.371628013898231512e-05    1.387533428037342697e-05    5.110481383426856900e-07    1.853061591969112354e-01
2.900001727685410629e+02    9.967680305963303455e-01    -6.579164716392986792e-03    1.809230370578898673e-04    5.460171350696706353e-23    2.228522166874653072e-05    1.410699719078850378e-05    -2.987007838409407978e-07    1.446297249628614862e-02
2.900003577127159815e+02    1.001860301956136512e+00    -6.298535310730929340e-04    1.141614425950224199e-04    3.640779782360760603e-36    2.518175540287970876e-05    1.437108045572998768e-05    -4.221059174503907359e-07    3.163684258171709835e-08
2.900005680368972207e+02    1.000905155120351164e+00    -5.163578641900200793e-03    3.650153991154327072e-04    1.829574656686953702e-27    2.620882729134282950e-05    1.490293830225290741e-05    -6.540493747817865974e-07    8.432609786162233168e-02
2.899994743069217407e+02    1.001440880787038523e+00    -7.444301584995253801e-04    4.762788864168514963e-04    1.359721086603970022e-03    2.405160787221658633e-05    1.433316117856717140e-05    1.434593078756102351e-06    9.476972271883603765e-11
2.899997304759946246e+02    1.001146491610925393e+00    -9.231447000700110318e-05    -1.986500797306452399e-05    4.910051971890211559e-23    2.448759061162555575e-05    1.437081639947160380e-05    6.205179151860571471e-07    9.649164464560217990e-09
2.899996705327996551e+02    1.002089900352295393e+00    2.567687676729092389e-03    9.343350855023638745e-04    2.152189410331626848e-03    2.442999596543026856e-05    1.386187681541090465e-05    1.739065461816072378e-06    3.848271975352806798e-11
2.900001433801394342e+02    1.001193420106640142e+00    -9.263687202901679449e-03    2.369464764118081471e-04    2.537721774893702790e-21    2.303821793853723783e-05    1.429875941857698631e-05    6.235378225245827749e-07    3.273703674212856076e-11
2.900000297645858609e+02    9.993544410565067260e-01    -2.746124627598123605e-03    -6.173207853788691222e-05    2.036140992460022575e-05    2.249253806948073623e-05    1.366699304681841525e-05    -7.139034358984163216e-07    1.725252614183916868e-03
2.900005490062371223e+02    9.987938819497346188e-01    4.233097486233152601e-03    -5.469637286161608148e-04    5.808693374821439267e-04    2.565004684698231422e-05    1.443225334166802600e-05    9.181200965917413422e-07    1.391586072479247815e-01
2.899999638180250940e+02    1.002117164395774029e+00    -7.603040587545094537e-04    7.037886901686621344e-04    2.267265786349381767e-23    2.323365674919186029e-05    1.392761669650933009e-05    -1.593056219467369627e-08    1.404649006843737316e-09
2.900002075804802075e+02    9.988522390173255605e-01    -4.796896223216762060e-03    4.080589157022991315e-04    1.067757473231541995e-04    2.404158290259254311e-05    1.380750283101093280e-05    -4.298597813728964733e-07    4.501527154346290915e-02
2.899999154519293256e+02    1.002442556912068294e+00    3.962998934457482442e-03    7.027244248648931071e-05    2.668111513998754684e-30    2.568551188786072820e-05    1.481711858128744946e-05    6.933003936023994995e-07    2.487034239541571242e-10
2.899995548287872680e+02    9.954663700810569837e-01    -3.742288415541724159e-03    2.657365765459531013e-04    8.935284760125220777e-27    2.396080723475990627e-05    1.413409555967533471e-05    6.248482198313334413e-07    1.360602399723655890e-09
2.900000958191026257e+02    1.000833062352411096e+00    4.403603205331359412e-03    -7.661854731676396289e-05    4.803286424582711256e-04    2.422926446584925260e-05    1.370486641529123502e-05    1.073323435617009237e-06    9.750233206080151371e-02
2.900001041961529040e+02    9.991397504377771410e-01    3.281645449370406472e-03    4.435349008672401661e-04    5.435497333762048185e-31    2.316987832026871696e-05    1.422868873430262182e-05    -7.808396050705981770e-07    4.615415680676459164e-12
2.899999643358977437e+02    1.001632790081997681e+00    -5.666605482553466709e-03    2.263285707622764500e-04    6.386687978271188282e-04    2.410628433787147763e-05    1.383055147345756871e-05    6.388653857947082717e-07    6.439658247303260024e-10
2.899997713658020189e+02    1.001835752597287854e+00    3.822874337570344484e-03    5.870771929911906047e-04    6.152330890373666956e-05    2.581395944902804723e-05    1.358166077149339163e-05    1.188626239086789470e-06    7.560001880448425003e-12
2.899998060584417772e+02    1.001005059733687697e+00    1.338818064321157641e-03    1.417660294264135468e-04    8.249839570925885041e-04    2.536177434365401002e-05    1.435309476753422117e-05    4.477710999477575078e-07    4.991275890114988287e-13
2.899999400244560093e+02    9.997947204133010857e-01    1.979378275611003591e-03    7.144389512742910751e-04    1.420572630933318115e-03    2.204839155099133321e-05    1.359277057418168930e-05    -1.148144162967337453e-07    1.067784756843826442e-08
2.900007423967893487e+02    1.000274807310566949e+00    9.679964827678603492e-04    -3.040123062037704987e-04    3.614290779389444471e-20    2.259849496749517523e-05    1.389929594005265426e-05    3.473192639868319128e-07    1.541734777569287174e-01
2.900001363997822637e+02    1.003555596636375169e+00    8.591106220559656739e-03    2.857396823358319569e-04    1.766257732492027051e-20    2.245179052274345272e-05    1.399016982992165236e-05    -2.971342850364524803e-07    2.349870626459449417e-09
2.899999698834565152e+02    1.002858209504862597e+00    -6.154624662537323647e-03    -1.799725181409396631e-04    7.162936341645343699e-04    2.474917655810641531e-05    1.410948315775338071e-05    1.610847128137029456e-07    8.558567410002230067e-10
2.900001437479275523e+02    1.000487869909857164e+00    -3.654677816356689661e-04    4.554232843595759116e-06    5.920904918062290125e-19    2.317597998468335561e-05    1.392954398531606356e-05    -8.728464759082018107e-07    1.164820063741977874e-08
2.900007350664740216e+02    9.990654899267042977e-01    -1.292284511798828285e-02    -2.818745543300855147e-04    6.500020358095174520e-24    2.486994487691262490e-05    1.502024739594372247e-05    -7.990093615589279953e-07    6.549738279736264102e-02
2.900001807366380149e+02    9.995901532181151738e-01    -5.060010733890737446e-03    6.448742181922388324e-04    9.891145182758214870e-04    2.505982642694656875e-05    1.529600734904100321e-05    -6.253606077497108082e-08    6.418731792390691693e-02
2.900001098673422462e+02    9.978994167626946687e-01    -7.157441352786148882e-03    6.015449077499486399e-04    2.191498171016261105e-03    2.396846806898639013e-05    1.356052953475562264e-05    2.930214473777058819e-07    5.540326085930968276e-14
2.900005688057564157e+02    9.988936590055623732e-01    -1.089625282976930398e-02    -3.501174480131671960e-04    3.583217825862528160e-21    2.264906226334541890e-05    1.360305229391152253e-05    -1.819504807648762890e-07    9.898384393882228571e-02
2.900004495980185197e+02    1.000884314933393249e+00    -9.374293346194086107e-03    1.267807911125764381e-04    6.947898458190518186e-20    2.102445928178322599e-05    1.292879202833009814e-05    -1.443562163226000303e-07    1.074707112121800756e-01
2.899999707298899807e+02    1.001868547050979164e+00    -5.985168146072365920e-03    1.468133477929060523e-04    8.124161075332465457e-24    2.412518726928197403e-05    1.352399922770929552e-05    -2.320109392416059996e-07    4.326267666511850012e-03
2.899999236918269503e+02    1.001121386869777030e+00    -4.741715071669145090e-03    1.407135973672223853e-04    4.481290887358155326e-21    2.739502696689640572e-05    1.561388001507341377e-05    1.596683159044921968e-07    4.318605343401818075e-10
2.900001057912452325e+02    1.003688211102460537e+00    -5.255611760603508438e-03    1.824050639230574797e-05    2.204443224892925404e-03    2.313673293433202098e-05    1.344149934193646270e-05    5.134779295675647936e-09    4.265168548980737689e-02
2.900000791125282831e+02    9.970674162531641960e-01    -7.497244115279158745e-03    -1.751953419770548069e-04    3.476415584810043236e-29    2.293019218690750400e-05    1.455967595587301720e-05    -2.722456819651332975e-08    1.337541678680871867e-11
2.900006629813278778e+02    9.986552814685892843e-01    2.641829162459368493e-03    -1.180280434533365937e-04    5.589014248374368614e-25    2.204410396301380374e-05    1.370919097500116377e-05    -2.502403070360189624e-07    1.379723701367420730e-01
2.899999112775098524e+02    1.000114828797179500e+00    -2.788288532480595518e-03    -2.573181180380105506e-04    3.122332606222895250e-20    2.319981150218968435e-05    1.397180858942999154e-05    -4.655630423554036077e-07    2.520874010796927620e-02
2.900002392311953372e+02    1.001920476901497770e+00    5.858391836312659001e-03    -1.513964781979475064e-04    9.334916771453023493e-30    2.210614305802622510e-05    1.365374371625738960e-05    -1.882742512916869057e-07    1.487794699529498569e-12
2.900008873813370087e+02    1.000786576589494326e+00    -7.749462600400248979e-03    -1.916518673580038727e-04    2.080882168086357944e-28    2.377320805596936883e-05    1.392498340461355257e-05    -1.596516027912898539e-06    1.182982651086956528e-02
2.900001653462787203e+02    1.000227738159062962e+00    -8.264696622480008814e-05    -6.428988689680386216e-05    8.032438902688801109e-21    2.283197411627819592e-05    1.361152480568172273e-05    1.522517009502090539e-07    3.469607875807524444e-09
2.900001881804599293e+02    9.970127173744326443e-01    6.790963319095749511e-03    -3.166760494406846752e-04    5.314881374667451189e-36    2.223260283665312771e-05    1.285685330800632153e-05    -3.240615185542797844e-07    3.249783848472741432e-08
2.900003763996543285e+02    1.000479384924940485e+00    2.979025846883294991e-03    4.237326305171411713e-04    5.999834365022296106e-33    2.275235592671941774e-05    1.333995944157563503e-05    7.597285541043286609e-07    1.188313613186680467e-01
2.900008187256256633e+02    1.000244810941793849e+00    5.294498203854782793e-03    1.083593437913907791e-06    6.155360533183291049e-04    2.374136687965527575e-05    1.428742809542444795e-05    9.551967964090163297e-07    1.838880431631318424e-01
2.899998705440438016e+02    1.002564594005300735e+00    -2.018234186645836146e-04    -7.252603126505428573e-04    9.032933351144103186e-25    2.366720867427977930e-05    1.388643721260777455e-05    2.346989867398252295e-09    3.262227945016152832e-11
2.899998669571544383e+02    9.959668897906350793e-01    6.166925241295337845e-04    -1.877551058353328823e-04    1.096562952187183158e-22    2.479071908318538964e-05    1.392639982898293937e-05    3.196262418743372464e-07    2.813013361545300836e-09
2.900005224685882581e+02    1.002386304049250887e+00    1.333632147059493449e-03    3.154471401792733579e-04    1.282355595473240813e-15    2.596953429184150109e-05    1.458158740824155128e-05    -3.994376557165239097e-07    5.734953944540758380e-02
2.900006091627428191e+02    1.001224200496176664e+00    6.135786458265958879e-03    1.694426902737277796e-04    9.057215147928351614e-04    2.151042322760757122e-05    1.296015793185987226e-05    -4.541473575568804561e-07    1.095050646371101971e-01
2.900005428095798834e+02    1.001626016548506470e+00    -1.996812728796055775e-03    -4.214849064486528643e-04    1.972099587327806567e-24    2.450814050617216729e-05    1.389412373022038780e-05    -1.283179583500035315e-06    3.603447492243207721e-11
2.900002291181428404e+02    9.997565794182721177e-01    4.153736009090596218e-04    -5.575191595176376240e-04    2.582726968424387275e-23    2.204719656533316743e-05    1.295275736976036257e-05    -5.153026476224814775e-07    1.742646283114493358e-09
2.899997466417152623e+02    1.002192405636588513e+00    -2.084293280241839366e-03    -1.469244345754111611e-06    6.066278114741284434e-04    2.515364792551299717e-05    1.480649148306019794e-05    5.201743211479562571e-07    9.168180347478350017e-13
2.900008629137789171e+02    1.000685559344187014e+00    1.926608852167007759e-03    -3.795732498548875047e-04    7.826701023970457479e-26    2.467240983182380229e-05    1.432656436057842659e-05    -2.397534780007616180e-07    1.189716770743690505e-01
2.899999822142232802e+02    1.001505003883681466e+00    -3.641177056006938018e-03    1.746378322243112764e-04    3.136456847458015758e-28    2.574699038921556471e-05    1.437040654380065641e-05    4.511597695959990438e-07    5.245216813317523098e-10
2.900000950923786149e+02    1.000554542068066599e+00    -9.036829693718954155e-04    -2.240047355432478156e-04    2.918227942624434254e-04    2.671317373707324740e-05    1.507382022978149970e-05    6.738945415502464623e-08    2.270520784837659969e-02
2.900003463288122703e+02    1.002497811810880712e+00    -5.837402914633938030e-04    -3.514346756503714496e-04    3.012444703536140776e-03    2.379108884231951430e-05    1.371272864546583133e-05    -4.230463698892863689e-07    6.525928416778212595e-16
2.900009921212684958e+02    1.000681806974687893e+00    1.196962470595598496e-03    -1.308093894204866484e-04    1.368891691091301925e-03    2.379558391853845204e-05    1.345800226949145298e-05    -6.548487157651214349e-07    1.241375131423211459e-01
2.899999901278839616e+02    1.001260340999547749e+00    5.717448287465272047e-03    -5.674957358416461879e-04    3.991020819710255365e-04    2.357983456957348905e-05    1.338599737442663719e-05    4.860827751709230730e-07    2.998043276249592881e-02
2.899997836386039012e+02    1.002773170537510472e+00    -2.800282811405766219e-03    2.111915642460153127e-04    4.918072940684102916e-36    2.402167226229128138e-05    1.386408577096134068e-05    5.423759698215481138e-07    2.600661258980028166e-03
2.900001255099080026e+02    9.979530278136135024e-01    -1.227618002276499717e-03    9.595365061762002211e-04    2.200345198275281374e-04    2.554781569839553854e-05    1.413527498732997609e-05    8.762031715546082020e-07    5.580578963854094382e-02
2.900009344865995899e+02    1.000547170942021724e+00    1.548055327246135359e-03    -4.854275981856577722e-04    1.310946066461640778e-04    2.522766711891356170e-05    1.450965041118275834e-05    1.136164477203684311e-07    1.544327649725202589e-01
2.900000569760917415e+02    9.995867195758054713e-01    8.898484242967611866e-04    -5.079234466359533419e-04    1.571464235538080857e-03    2.527675758064118090e-05    1.403919500608225629e-05    1.970761477328487117e-07    4.497650652237920887e-12
2.900000611930186665e+02    9.972134020626768347e-01    1.157295839555379669e-03    3.300883592930601218e-04    1.217802863358903175e-04    2.365605383922800975e-05    1.464753589892666033e-05    1.626454279710051381e-07    3.184346544274779619e-11
2.900012061919308621e+02    9.998585917358391306e-01    -4.542351242839125572e-03    -1.578655946544936224e-04    6.231912184956143325e-04    2.473015925661223329e-05    1.439183441595065473e-05    -4.330136660469540487e-07    1.687356926017705705e-01
2.899997602741668743e+02    9.985179487529280973e-01    5.324794649159361563e-03    -1.604708514175933430e-04    1.092753705384440694e-15    2.507074653191589066e-05    1.474435526690374854e-05    6.290880589462389549e-07    3.435969897142938477e-10
2.900004466645939374e+02    1.002460530853882092e+00    7.822534159332860185e-03    -3.584344098520884968e-04    1.017747327218892925e-21    2.215747967059392614e-05    1.351361689203568673e-05    -1.192899591793026279e-06    4.021205673713094613e-11
2.899997308569921302e+02    9.964029971882087944e-01    8.927612678828618017e-03    1.572118291821190538e-04    1.229913212303372588e-18    2.331597436416365927e-05    1.409963862595901695e-05    9.278290602514974183e-07    2.515281728870628897e-02
2.900012563963178422e+02    1.000328916319281891e+00    3.395000224761607344e-03    -2.762579051977384493e-05    1.247530807893339071e-24    2.575550795401494335e-05    1.497379258695938731e-05    -7.311733946737900714e-08    1.700709165055209193e-01
2.899997860727536931e+02    9.991632236828943414e-01    -6.687061268008858382e-03    -1.489868651585963882e-04    7.044065179763123186e-04    2.672094539828319274e-05    1.503587513411345341e-05    3.200578061358804471e-08    1.746383934278751212e-10
2.900004223798396765e+02    9.981690453055408474e-01    6.682486147704404765e-04    1.974149671063650199e-04    5.659914205321522034e-27    2.435755854544540319e-05    1.382861898231561768e-05    -3.538863783616407082e-07    2.417316788619221786e-09
2.900003713161428323e+02    1.001216829262773889e+00    -2.323018204854364853e-03    4.264153336665702063e-04    2.513469249433836435e-20    2.417075343500745861e-05    1.394401222704475576e-05    -5.894564080078904084e-07    1.032325032354243166e-09
2.899997825315944056e+02    1.000124120361195690e+00    1.742850475373739286e-02    4.069522027567031128e-04    7.358944425144028998e-04    2.464058907719088068e-05    1.443627315747408105e-05    8.172388182379861668e-07    1.977608909256411429e-14
2.900004149956125730e+02    9.990577071497034334e-01    -8.287715541005244262e-04    -3.961862158691996225e-05    1.888363128136690230e-32    2.517482630868377589e-05    1.505101160429835013e-05    -7.462752931392623624e-08    3.594406558914990321e-03
2.900000462614272578e+02    1.004432361833853093e+00    2.948278967262167854e-03    -1.320333420950667801e-04    2.143613198560744580e-13    2.407296278428512002e-05    1.365302004023980883e-05    6.033305718983348179e-07    1.687232189495594184e-02
2.900004992040217076e+02    1.003054981760916231e+00    3.343128840037453125e-03    -3.938182010534734467e-04    2.876058151363289003e-04    2.324690338683790822e-05    1.409745668285275922e-05    -6.119417208864927759e-07    4.818343229925550752e-02
2.900004554165287800e+02    1.001792594008377835e+00    -4.070983189203055265e-04    -1.059658726497146754e-04    1.380248011321449162e-15    2.160757529014850474e-05    1.322009041199388804e-05    6.385382172254476025e-07    1.164891924082067931e-01
2.899998814680625401e+02    1.000202620300915113e+00    2.754713450653770591e-03    2.732871846005819868e-04    2.789677563103194128e-04    2.308102924683540336e-05    1.369291780524978992e-05    9.662257865826597275e-08    1.405594298553136234e-12
2.900001927213169211e+02    1.000878901488498007e+00    -2.612174196027061863e-03    6.324847651841395725e-04    1.199486547078778154e-03    2.528051215588647565e-05    1.413897183697221719e-05    -1.685209748045265731e-07    1.210493705597659382e-12
2.900003010568807440e+02    9.980954360781363333e-01    7.268933896792738152e-03    1.142520488921179236e-04    1.423261767879528333e-20    2.294707159325433757e-05    1.301424094463957354e-05    -2.446377236887451452e-07    6.902190686651671347e-02
2.900006146664861717e+02    1.001607036795815864e+00    4.527034649694665347e-03    2.036342715328571618e-04    2.200386455274199393e-04    2.223864332756927574e-05    1.246350310474033688e-05    -5.895518895709909498e-07    5.673999552813502323e-02
2.900000421416965537e+02    9.992047702270993037e-01    -2.725653183705774307e-03    -2.327205610898355986e-04    2.459770803983426092e-28    2.393167455810268936e-05    1.393346440078516832e-05    -3.610991981323033435e-07    1.555997577210158425e-02
2.900005356996845194e+02    9.983914314647566179e-01    -2.808233855645899443e-04    -3.883534254178525567e-04    9.578113588664568035e-17    2.429236934735923303e-05    1.466225497600027395e-05    3.576086713157582992e-07    1.426047988913825559e-01
2.900001814331976675e+02    1.001358511730699119e+00    -4.668130883549207258e-03    6.611662486041494686e-06    3.316475536682361139e-04    2.351652906075223898e-05    1.421062460826203499e-05    -6.526246076515770369e-07    8.074410537832571276e-10
2.900008078457658485e+02    1.000402665990583584e+00    -3.144185554562607936e-03    -2.839747085164304099e-04    1.804017420818206010e-03    2.098383052971515653e-05    1.302962857145498897e-05    -3.526751991336290895e-07    1.028932036222567764e-01
2.900000898120300121e+02    9.983666420994361523e-01    -7.754989861538619418e-03    5.122836389953639878e-04    4.168976798742448948e-21    2.300276621609255833e-05    1.387895088067988638e-05    1.638365221918325541e-07    1.852589351708290826e-10
2.900004491243067264e+02    9.992992397194162546e-01    -9.249622939990601728e-03    -5.850521049590543280e-04    2.503029481138798222e-04    2.677206088909067549e-05    1.487913404603532342e-05    -9.675182611822898702e-07    5.455023925491340325e-02
2.899999977867028065e+02    9.964250899817108653e-01    1.168322147094749165e-02    1.327633643828810353e-04    1.020298972342089986e-15    2.504205335047794077e-05    1.325773468770786911e-05    8.133302617837228311e-07    5.171959187476993930e-02
