# f_r [MHz] A m phi D delta_r delta_ere delta_eim a
2.899999762999905215e+02    9.963028866929419802e-01    7.885901976377736973e-04    4.663989927507127204e-04    1.367897802780901079e-03    2.051735606282317068e-05    1.124900369650172987e-05    1.060527563254621262e-06    5.299184131874462578e-02
2.900004059723172531e+02    9.976383406482906002e-01    3.669722592929346942e-04    4.416089455437609415e-05    7.251843486456003738e-05    2.079344388696082759e-05    1.164504828239563884e-05    4.117880049326345427e-07    7.537979746808198822e-02
2.899997116283664695e+02    1.001462534820300343e+00    -7.639269258638123686e-03    8.496881931311477934e-05    5.425249362691138180e-05    2.303990011450138129e-05    1.234213275828954846e-05    8.428520579053379877e-07    1.674038675899229008e-09
2.900007585361903466e+02    1.000042747334852322e+00    1.760790418226968823e-03    -1.406235451239964377e-04    5.209664078533613509e-14    2.204118871514300438e-05    1.203510568375828989e-05    2.111341217563849623e-08    1.401148197170838383e-01
2.900002945306540596e+02    1.001085827351317237e+00    1.452989166943028211e-03    3.610399232808509805e-04    1.400090195669458329e-15    2.414220237397543032e-05    1.261973821334410383e-05    2.040634602241954797e-08    3.020580305405475702e-02
2.900010881504650229e+02    9.994895633169292859e-01    6.418703061198031230e-04    -2.525238243685023294e-04    2.813247706173478843e-18    2.195905443366670190e-05    1.140145116318751615e-05    6.193667489828935668e-07    2.973461402632059936e-01
2.900001032275127955e+02    1.000141724051182957e+00    -9.646311735631287951e-04    3.956505945849957085e-04    3.422741822383188382e-21    2.230129606360687375e-05    1.163990859967095480e-05    -1.908130547311924700e-07    1.087484949891077496e-08
2.900002544796070083e+02    9.965188634449316796e-01    6.211193715185547339e-03    2.578310782843647544e-04    2.238157452433417124e-04    2.094966248201137946e-05    1.177238028013162699e-05    -4.215908842414897111e-07    3.927824079981778803e-05
2.900000498928804973e+02    9.994002111586356429e-01    1.006645435460209841e-02    6.361021551430456975e-04    8.723087928327373118e-04    2.067304923209184291e-05    1.150448202212197183e-05    5.328423538792450786e-08    2.251309685578052317e-11
2.899999794282723542e+02    1.001337019575895493e+00    -1.254012813913572659e-02    1.314401015831920554e-04    6.704033509075551275e-05    2.123157466101230868e-05    1.191913969171912508e-05    3.803576731609476175e-07    1.172757750964692459e-11
2.899997322262492503e+02    1.001184702179399144e+00    4.461176912755329509e-03    -4.122504107729538106e-04    6.295228365695329205e-04    2.146518312480424941e-05    1.187602577905146308e-05    4.461277502029188419e-07    9.460104194595006798e-10
2.899999933892119088e+02    1.000445318432718667e+00    -4.859412520460627198e-04    -3.753752492208225849e-04    2.920087024351963184e-03    2.073000912042123519e-05    1.132562305786242325e-05    -3.015297270821784382e-07    7.937606165991989351e-16
2.900000500672309158e+02    1.000053783497409032e+00    1.647085128020404779e-03    2.233135325884834550e-04    1.196650805213922289e-03    2.384650857259157676e-05    1.238088610267381736e-05    4.404805034228906842e-07    6.604323867973332929e-02
2.899999659000208112e+02    1.001586812271734406e+00    3.322993726455280693e-03    3.435985794673671826e-04    1.721829870854264411e-28    2.265932009520101425e-05    1.208967696192095544e-05    1.355295819641957079e-08    6.066701227833039625e-03
2.900002628234150848e+02    1.001313505935154335e+00    6.913320750031140202e-03    -7.681248776788219201e-05    6.098415162366387955e-04    2.567013590984471865e-05    1.248650848564174771e-05    -3.276832990789437183e-07    2.355408665623260310e-10
2.900004764590289028e+02    1.000671136918530824e+00    7.307963151790723005e-03    -2.554012388049260187e-04    1.644482146591036463e-03    2.165529376578585529e-05    1.203970396165377007e-05    1.203136158283924648e-06    1.470710124615091652e-01
2.900001715655287171e+02    9.995473303678340526e-01    -1.102158287696822312e-03    4.029833689044418662e-04    1.715566476367319223e-25    2.154400506328477856e-05    1.232633267976282909e-05    1.682276343287126933e-07    9.043359725575575436e-02
2.899999486416743935e+02    1.001971416990437680e+00    4.317283780086127848e-04    -1.597784212495698543e-04    6.235984231108250630e-32    2.416239860173983797e-05    1.306381038124602034e-05    1.055432398170016333e-07    1.039242145015510053e-08
2.899997623523698849e+02    9.986528599175729104e-01    3.256581248808179067e-03    1.406194772414405970e-04    5.780308804895021571e-04    1.888122903274733804e-05    1.107425023564302422e-05    1.378669800893057540e-08    6.914560280675048823e-17
2.899999950607077039e+02    9.995766639967492706e-01    2.127485087259131918e-03    -1.575637884877769920e-04    7.107456813175342227e-04    1.984811137792538672e-05    1.165521558000846101e-05    3.732301311581879157e-07    6.364011280554214881e-12
2.899999699872172414e+02    1.002935856792923408e+00    -7.171637131747941353e-03    -1.517262158126287037e-04    5.389128901442703352e-25    2.326594979334751896e-05    1.189133359473922309e-05    1.882917779123260994e-07    1.694327814162338434e-06
2.900000196682021283e+02    1.004414679540105215e+00    7.854008372528639443e-04    1.924998973314738231e-05    8.445701721756984708e-24    1.953152990573261538e-05    1.071781015117232820e-05    -4.600807509612317245e-07    3.480740665362127763e-09
2.900000729302179820e+02    1.000249750142472305e+00    -2.781331106487300482e-03    -4.030789051251559428e-04    1.469282889169390191e-20    2.568889008817214870e-05    1.240455637643174279e-05    9.196316949094260434e-08    9.256866181817824157e-09
2.900002930785150852e+02    9.985244754801841927e-01    2.833708071613612062e-03    -1.760067555838397532e-04    7.314496235508998346e-04    2.291472514551185207e-05    1.204485092411781459e-05    1.070722036969292064e-06    1.133693411803996381e-01
2.900013062833655795e+02    1.000772200985276417e+00    -1.321199547727422343e-03    2.906145261671282251e-04    1.430114186035761356e-03    2.169185683805346739e-05    1.183976924908013468e-05    -5.613321398956416681e-07    2.294923765277118166e-01
2.899999536108371103e+02    1.000512226702289009e+00    1.703126930129133729e-02    2.259704239020826318e-04    7.314580708579949703e-04    2.160946014416709906e-05    1.110492233684940538e-05    2.282210093227082194e-07    7.407852473075562591e-03
2.899999729826792532e+02    9.986828976313155692e-01    -7.244104731779546155e-03    -1.821224316236872874e-04    2.779132687779317077e-21    2.121360256455257724e-05    1.152721744066329720e-05    -2.025902708346457352e-08    1.801986465485891443e-10
2.900003820901591780e+02    1.002550873498267991e+00    -4.065022881915143944e-03    -2.461731007458002412e-04    2.728681979669902221e-03    2.364354900430475586e-05    1.287476525461240008e-05    -6.472385717423947009e-07    4.361260072850759589e-02
2.899999366823823834e+02    1.003375322932048563e+00    5.482185167833112521e-03    2.023417147306226743e-04    1.286344384953618924e-03    2.068510531899944507e-05    1.177156871412959000e-05    -1.693918401233681925e-07    1.473829068253311625e-12
2.900008685636989867e+02    9.991280339328152404e-01    -1.221630988350465470e-02    -1.366455818686803444e-04    8.171320797715708414e-05    2.305109156656184495e-05    1.234116677314675286e-05    -5.849589917894429763e-07    1.583569432853076664e-01
2.900003230094152400e+02    9.997592108898916141e-01    1.027575960835962633e-03    -5.496060928287886107e-04    5.368672156563187659e-04    2.108632315355306132e-05    1.187140841415117059e-05    -3.657515288082466867e-08    7.206318222413848895e-02
2.900006853998011707e+02    9.984650370469605463e-01    1.103932439650188828e-03    -4.439384362165956182e-04    3.184485783532152106e-26    2.221917749122870016e-05    1.261288555411174893e-05    2.353075290858701262e-07    1.483847000676469796e-01
2.900000702932267131e+02    9.998439420105259545e-01    1.517225055870102032e-03    -6.009368088533917433e-05    7.670418352985789231e-21    2.136150226649012536e-05    1.193541778888948777e-05    -1.087545338026501011e-06    2.077543931425655893e-10
2.900002073735639669e+02    1.000295354960984540e+00    -5.139771745754757003e-03    -1.505837025804365693e-05    1.457272464941296780e-20    2.241030361097826434e-05    1.151460936096935796e-05    4.324755917604856216e-07    1.739816844652466304e-02
2.900000508704282538e+02    9.986331859146696521e-01    8.641544840385538204e-03    -6.370503326422797500e-05    2.753453228319495687e-04    2.555203095919981218e-05    1.409344099271160516e-05    1.368233497465719569e-07    2.056823579678267871e-02
2.900007548761362841e+02    1.001153406376281696e+00    1.077181324910053348e-02    -1.832691842942931067e-04    1.602726924580304372e-23    2.135753483902177037e-05    1.153753142899600841e-05    1.728981123497765911e-07    1.561134580644378544e-01
2.899996152688465259e+02    1.001434847720654053e+00    3.647468527049605846e-03    -4.982639320671491392e-04    1.208141388792908057e-03    2.004644765866526128e-05    1.095208023310802583e-05    1.360098200673350262e-06    3.765550377164360057e-11
2.899999354027585241e+02    9.988988798371599698e-01    6.152746087014608362e-04    -1.782642761200535519e-04    2.377905224933453410e-04    2.153991607608851292e-05    1.117826862055730816e-05    7.663463857010405644e-07    4.294107834444943483e-02
2.900008606783571281e+02    1.002273970669186332e+00    4.314700146034416636e-03    -5.960328879531312182e-05    1.347540516251295218e-21    2.452639257899260434e-05    1.310774329145328238e-05    1.452571583696115408e-07    8.183464105394364085e-02
2.900000419583539610e+02    1.001006863660125257e+00    1.421533388607579490e-03    1.522223049811109296e-04    2.799884526579690486e-22    2.162094134978944903e-05    1.195143523965413651e-05    -2.063428792893899923e-07    6.107276939382310504e-02
2.900009900960371851e+02    1.002912026341272744e+00    -4.784629271167184505e-03    1.750863617796927484e-05    3.771104556336853389e-25    2.162125283648937032e-05    1.238828090728202293e-05    -1.642189592609293529e-06    1.023340559201759148e-01
2.900004877206944229e+02    1.001622994678766254e+00    -1.382968499900181017e-02    4.643899383639572853e-04    2.262304624542068263e-25    2.100222982971848210e-05    1.204787170029566419e-05    -2.925054995149292698e-07    7.360905134516528003e-02
2.900009060161227694e+02    9.990622317539823438e-01    -5.198272191605225051e-03    -2.776257969530247175e-04    5.351741214858278224e-23    2.097117537108542727e-05    1.135970324407108234e-05    -6.142289512029022640e-07    1.194384711431742824e-01
2.900002634201776459e+02    1.000487043465214665e+00    -4.867722278413612368e-04    -2.706266419542342847e-04    5.538099343721407993e-04    2.201569636397623979e-05    1.197153035193763344e-05    -6.211134712363024185e-07    3.319272730968970964e-02
2.899999657901813634e+02    9.984967185983403271e-01    2.479082710200372543e-03    -7.135873842428779772e-05    7.448839241644689406e-05    2.165298262373647334e-05    1.177035945715716928e-05    2.496077586546524318e-07    7.322715539616782220e-11
2.900000087061624754e+02    9.982841645230393635e-01    -3.804496489262811348e-03    2.983755518197990313e-04    7.630436688434625639e-21    2.476798936637081709e-05    1.248684607150807955e-05    3.163453163051548420e-07    3.063813693923896422e-02
2.899998211802171681e+02    1.001531261699097008e+00    -9.499390538856247734e-03    -4.377199810808146663e-04    1.311111944105273564e-03    2.201824033615277525e-05    1.160277760388801692e-05    -2.795423651144428630e-07    1.625747953926130022e-13
2.899999933319334673e+02    9.986744156087090651e-01    3.142294154285004814e-03    -5.458921789615932361e-04    1.265356822893725633e-04    2.313015385227390838e-05    1.188462583323708590e-05    2.221991257519586805e-07    8.030391675092023981e-10
2.899999562193976317e+02    1.000939307283720492e+00    -9.417157824859035894e-03    -2.260871304158126898e-05    3.845982943579626394e-04    2.076475034551488125e-05    1.139084607830695619e-05    2.558130811600515524e-07    2.391161988482671392e-10
2.900000776835473175e+02    9.994574007656462644e-01    1.081015084109383795e-02    6.550598081213522160e-05    1.332381544958923752e-22    2.088133170858284815e-05    1.160897515205579047e-05    4.056321730542723203e-07    4.517696734507047757e-02
2.900005995588161909e+02    1.000263306161410570e+00    -4.626948261951174812e-03    -2.035274531192522479e-04    1.827227457199078516e-04    2.071821231519151415e-05    1.130861220328432941e-05    -8.780077373770292758e-08    7.059823471514659055e-02
2.900004257475550844e+02    1.001761363891582768e+00    -2.461574386449299438e-03    -1.230962043721354820e-04    1.192578406986025304e-03    2.259007838743382442e-05    1.122609897708403495e-05    -1.026181589285540565e-06    4.701665057524861448e-03
2.900003893420163195e+02    1.001506747247372209e+00    -6.819842677466814856e-03    -1.391282034183224969e-04    1.333360530858870331e-03    2.224864255801198415e-05    1.245175794247504154e-05    8.207631279204033908e-09    4.500249313745882662e-02
2.900001163382193567e+02    9.992192937238789652e-01    1.487759288912637043e-03    -1.815944964689013730e-04    2.186012566988953944e-20    2.257063673938979008e-05    1.225590439778512882e-05    1.251483949165167095e-06    1.018361245380291075e-01
2.900001570956234787e+02    1.000365353401962532e+00    -1.783917836180349886e-03    2.924404673411234133e-04    1.616397119977861733e-03    2.110716678399622722e-05    1.119230132738255801e-05    2.566561699230513168e-09    2.674460309088823148e-12
2.900001088890469987e+02    9.982846485502535616e-01    -1.016898411900831606e-02    -8.490168107122335014e-05    3.109323472807023884e-04    2.250916259064357269e-05    1.155640369147235635e-05    -5.545863564499110871e-07    5.084238214975272078e-13
2.900000445212750151e+02    9.990057873601341232e-01    2.031877778128044279e-02    1.156140093087286414e-04    2.129157506433556777e-04    2.337667025918616000e-05    1.183028633614776027e-05    9.757303762887432914e-08    2.475115353522579567e-02
2.899997284929269767e+02    1.000181057551691399e+00    8.739872743610191744e-03    -5.380101992330621301e-04    4.004333844906485496e-16    2.305678698687137928e-05    1.146253532525908120e-05    7.333121321824789527e-07    8.333107720478777267e-10
2.900005013569487460e+02    9.961674622632512577e-01    -3.279922100488154909e-03    1.755787627742542599e-04    3.281294933157512623e-22    2.134025838486652770e-05    1.208553016598568610e-05    -1.827941647352248115e-07    8.394081726596012982e-02
2.900001891484702128e+02    9.991580218085539533e-01    -1.693307236955834266e-02    -5.861940494980750777e-04    3.225980139462437626e-19    2.095491164764004468e-05    1.172106057150698449e-05    -7.192719153221511074e-07    4.923813658822049258e-09
2.900006982351549709e+02    1.001026865128562982e+00    2.712651257794114566e-03    -3.430295117834027238e-05    1.272203741598379424e-11    2.269014618976820168e-05    1.224935772605613473e-05    -3.946894142956258684e-07    1.430598580708579426e-01
2.900004041776693953e+02    9.980396805562642415e-01    4.358211719269100191e-04    -2.302077526053513984e-04    7.879309441279679169e-04    1.937417147225562247e-05    1.134141670888998641e-05    9.518304065281090657e-07    1.618195962174235891e-01
2.900005334396617513e+02    1.001366774919891567e+00    3.679029110757653159e-04    -1.913024351767927597e-04    5.600721524139073873e-14    2.205178340282508979e-05    1.143439379919800095e-05    2.766108501809868000e-07    1.734902682542143193e-01
2.900007857543061505e+02    9.977938928629463966e-01    -8.014232714791198926e-04    4.707433868683097151e-04    4.525012416003299214e-04    2.289779013216256654e-05    1.203427352835142786e-05    -6.435546694201914044e-07    1.299002807786584501e-01
2.900001037861574105e+02    9.967485591914185816e-01    1.536781641475306335e-03    3.526989440796990502e-04    6.266846192196058943e-04    2.225434260485459237e-05    1.227234707865112535e-05    2.217314443783151010e-07    4.318159304826192646e-02
2.900001490610794121e+02    1.002518864063571380e+00    -2.719081342653236876e-03    -2.025829280243940996e-04    4.366938697703489536e-24    2.091622599050491570e-05    1.093169719156216344e-05    -8.215020886614602523e-07    4.740209730293243746e-13
2.899999780207773483e+02    1.000422060202214913e+00    -3.454555033141473719e-03    9.913514775282271819e-05    8.473545252838570255e-04    2.055139170059826385e-05    1.063787929577624916e-05    -7.726289916226440694e-08    8.838041782892918488e-10
2.899999802107843152e+02    9.992097548451311928e-01    9.136793459658841196e-03    -6.936153227863593469e-04    3.792334179866862576e-04    2.223541817650846926e-05    1.310052990330293533e-05    4.527064426025808063e-08    1.994907656523159717e-10
2.899998690930718794e+02    9.997805893640031583e-01    -1.457333877919840884e-03    -1.210538763462704883e-04    4.447884474331801306e-04    1.854920202182073154e-05    1.129048405692618004e-05    5.383624781553508722e-07    1.269955721726869796e-09
2.900005077546682628e+02    9.976092464367070090e-01    1.044523806489045577e-03    -3.783450544107647769e-04    8.363097051730216790e-04    2.228086168758611888e-05    1.202504012834477708e-05    1.840754630715073396e-07    6.856557664640003380e-02
2.900005037688370066e+02    1.002267002387117634e+00    -9.957879737112469796e-04    -1.234933363222002242e-05    6.022991072571398106e-17    2.029633309991842667e-05    1.113410201661149463e-05    -1.198846571608004823e-06    2.815888503028125643e-08
2.900001196945695483e+02    1.001145564260798260e+00    -4.842188901808395954e-04    1.502224977779071497e-04    1.006883502100703112e-03    2.102915909687879333e-05    1.233429252303436571e-05    5.577333548007313329e-09    1.919351027771288784e-02
2.900001648361613320e+02    1.000211076084152051e+00    -6.599158859206320608e-04    -1.327505737951560302e-04    1.209758887576784436e-03    2.055557141646740193e-05    1.174889451684841221e-05    -4.689939386448358702e-07    9.460411081680980580e-15
2.899999818698512968e+02    1.000713302989398645e+00    1.132776569448181180e-04    -8.128898839701356586e-05    4.401282928726783913e-04    2.031405045326249443e-05    1.167273507601507955e-05    2.446943117742035428e-07    4.116990337861219611e-09
2.900008025710913557e+02    9.976107524364726808e-01    -1.297107706599462916e-02    -1.445315247525314557e-04    2.566014540111848400e-04    2.278976752650052113e-05    1.179631728501900652e-05    -1.103317151427897061e-06    1.672829623297035218e-01
2.900000334828402515e+02    1.000225691899601532e+00    -2.950346807878161896e-03    1.135436823429315133e-04    9.145218447535428743e-19    2.183685146165557564e-05    1.214339855906221036e-05    5.563680859853905912e-08    2.348318293870197395e-09
2.900002000811820153e+02    1.000083181066245830e+00    6.294099591467138335e-03    -4.061286520700316629e-05    5.015384996510121283e-04    2.342180257292440386e-05    1.200605554692120214e-05    -3.238229964606254232e-07    2.778832694040401130e-10
2.899996667316223125e+02    9.997603608557766863e-01    -4.695193640822882888e-03    1.179562043292358976e-04    1.430152371901490190e-18    2.381307769428337031e-05    1.236036693186365413e-05    7.864368074694277814e-07    1.557140012797050138e-08
2.900002216782291953e+02    9.995283858655018561e-01    5.775779654139323420e-03    -3.271502902252691205e-04    1.232295212000066378e-03    1.927274523671432355e-05    1.052089956990293199e-05    -2.335795431353414532e-07    1.077873683218860418e-11
2.900004299061813526e+02    9.992124126301963338e-01    3.157135000835668490e-03    1.545096956791455777e-04    1.089146058912360488e-04    2.063470888668583181e-05    1.114865269883952127e-05    -8.640589617737888560e-07    6.927733505790906491e-13
2.900002263892162091e+02    9.994318157639237032e-01    4.899335291758586362e-03    5.075640798376315765e-04    1.312085339067931662e-03    2.314294032279993739e-05    1.160609906287702546e-05    1.555738845862859148e-07    8.347339859965240139e-02
2.900003266150461627e+02    9.986315115860163738e-01    -6.451815241715394729e-03    -1.351079401319638747e-04    1.915089924085854000e-20    1.848444339083875877e-05    1.104759971172628270e-05    1.545953183103511557e-07    1.216425415713233704e-01
2.900003156890903711e+02    1.000521059084181763e+00    -3.473501842766380052e-03    2.278856500586865582e-04    2.331455633189633394e-04    2.243745528973765539e-05    1.155075205297412319e-05    4.118505064491767622e-07    1.190944969060077768e-01
2.899999829332008403e+02    9.963974207012649131e-01    6.960870573320995791e-03    1.159373054681659917e-04    2.838150300298137923e-04    2.035378708971049877e-05    1.086213348602714685e-05    3.150342817359351008e-07    6.549040314685155017e-12
2.899999964698733379e+02    1.002718146617063155e+00    -1.864826540530021420e-02    -7.050161876201195956e-05    1.469575345444429229e-03    2.075863657393595211e-05    1.234260184513122321e-05    6.461148614185249723e-07    2.122330963118384400e-02
2.900001721402442172e+02    1.002934913290057795e+00    7.081327844227220357e-03    -7.008468666611655535e-04    4.537020377569666436e-24    2.204340732976993214e-05    1.249154229955577557e-05    5.870288298584446220e-07    7.790220170649183071e-10
2.900010796790626841e+02    9.993290074679948010e-01    -1.708392973793246977e-03    -4.378867035809672656e-04    3.303580784434186415e-04    2.134035103878152121e-05    1.121118087056955403e-05    -5.734475806814097357e-07    1.735757282664939782e-01
2.899999180888102046e+02    9.987430848156858554e-01    -1.145496099203869699e-03    1.528807417828764021e-04    8.728352178303211789e-16    1.979245393653379127e-05    1.144453092888520261e-05    6.827082837705515056e-07    4.691900945295632564e-09
2.900001642035150553e+02    1.000116873446132981e+00    -6.552821222075610845e-03    -7.183847362259039159e-05    5.439886585449222318e-17    2.141900282050742091e-05    1.138110969919798114e-05    -8.413496950274666897e-07    7.627219764550460156e-09
2.899996622419751020e+02    1.000166361912087964e+00    6.768855368961394260e-03    3.654296624997270754e-04    7.095868713029926519e-04    2.158429369276449017e-05    1.198745679147059421e-05    9.243641761234547951e-07    3.271682204182801285e-02
2.900001124408272517e+02    9.986413589758696974e-01    2.925240479397699447e-03    5.276790050477841586e-05    1.010107390191337896e-03    2.373798393875493543e-05    1.242269752828042297e-05    3.180324155197758076e-08    2.443553944264682809e-02
2.900000216864365257e+02    1.000304348145870437e+00    4.419424743285160773e-03    -1.060282157443053234e-04    9.159202601402937184e-04    2.055820519115377697e-05    1.153373159713752888e-05    3.161910554232290017e-07    5.790448277736264936e-09
2.899997789866371249e+02    1.001499771546696005e+00    1.470341624085915551e-03    2.063401841617026856e-04    1.354793436597501069e-05    2.238880360636395100e-05    1.174883168133347021e-05    3.125669271520330128e-07    1.412037806252693134e-10
2.900002603408551067e+02    9.986010876063243780e-01    1.489190211076078622e-02    1.335907307746400739e-04    2.076876096096192288e-18    2.230583091086771967e-05    1.286263275444068277e-05    2.399320797811947995e-07    5.203803657394223681e-02
2.899997077951819051e+02    1.001101435842481679e+00    4.508598300873840545e-03    -2.387752376702872222e-04    2.093501998077636027e-05    2.042161874556091113e-05    1.075537948895320736e-05    7.861666375852720078e-07    8.807556533697473126e-11
2.900003989576314893e+02    1.000639824563264169e+00    1.016264729609440368e-03    2.735175808567164349e-04    8.238340149028832372e-24    2.477326916168534610e-05    1.184239785445895332e-05    1.466456725221013973e-07    4.163399444552156464e-02
2.900007939589405055e+02    1.001019914724174731e+00    -2.038970553499954233e-04    -3.060280151560034780e-04    1.688698889781057519e-11    2.300885819592396315e-05    1.183577522512420262e-05    5.794981199069721488e-08    1.039573438480071998e-01
2.900001649572133147e+02    9.996786607468888253e-01    2.698866107180350384e-03    -1.193576747780112339e-04    3.072463020115269621e-16    2.182885869499708124e-05    1.196013815957716835e-05    2.844965105741730680e-07    8.059828542916241773e-11
2.900004042457113087e+02    9.985191068877777854e-01    -7.044726818216703879e-03    2.828945670080157946e-04    1.336628634179260474e-15    2.165980498248094890e-05    1.128972696461578328e-05    8.554898631344084574e-08    7.481711606758140176e-02
2.900004935369996133e+02    9.999943736383744008e-01    -5.323644566545462226e-04    -2.665535617642525142e-04    9.588719758916867336e-19    1.919339195165423897e-05    1.097752789656824889e-05    -9.232870418659859621e-07    1.126728892848932984e-09
2.900002074066205751e+02    9.989874893647513465e-01    -7.413941437642295081e-03    -1.519780695062183408e-04    8.152677002983246997e-04    2.112895200144533213e-05    1.060442229960758452e-05    -2.566781901101414857e-07    2.949242330914943894e-02
