# f_r [MHz] A m phi D delta_r delta_ere delta_eim a
2.900001611639327734e+02    9.983520400613873358e-01    -2.916112723869343590e-03    -1.652382802447279560e-04    2.649092534352408593e-04    2.085632398626610057e-05    1.068053649838101205e-05    3.585614855223056247e-08    6.553437994511117359e-02
2.900005886703668239e+02    1.002855308439160487e+00    -1.717220350230060436e-02    -4.464015341481538464e-04    4.029022333827502345e-20    2.385698040332559754e-05    1.109355366440583511e-05    -1.383828887919771965e-06    7.303916481901127911e-02
2.900004236966884719e+02    9.976218235608275142e-01    -1.172605958565688155e-03    -5.944001121149700189e-05    1.556883622781014701e-04    1.905289314115689479e-05    9.710091256864619092e-06    -8.338843013016220643e-07    1.090671781344446673e-16
2.899998690841214284e+02    1.001924981903197232e+00    8.771140759497721845e-03    3.095275313787102726e-04    1.823873332017267627e-05    1.988411901399098891e-05    1.022642140371151177e-05    3.675461348955148740e-07    1.663590873952049287e-15
2.900003169000921162e+02    1.001798551228113787e+00    2.122087462563156980e-03    8.397460997473366311e-04    2.412096060226183057e-04    1.868141026897368720e-05    9.386255937630487241e-06    -5.639258478131009836e-07    9.952531260331105498e-12
2.899999756408805638e+02    9.981664296748893328e-01    -4.327553851372224064e-03    6.591295806595355881e-05    9.142950147107728727e-20    1.873622478585448587e-05    9.684145966199501077e-06    -1.206481876138273857e-07    1.372954605616294182e-08
2.899996630298139166e+02    1.000047985528266015e+00    -4.480153017570932296e-03    -1.911022549547326604e-04    1.108756329112134918e-03    1.955156609782842054e-05    1.018314837062686440e-05    2.092620524824027481e-07    4.840390847882312247e-02
2.900004028080743410e+02    9.981944301479714898e-01    4.860712015327328488e-03    -7.596420424600302450e-05    7.188668037636011685e-25    2.009673016433413835e-05    9.914447449241392492e-06    -8.808689102757888345e-07    3.706033954204235098e-12
2.900008574809550055e+02    9.974810550882060589e-01    2.352169258099018594e-03    3.253412248667551408e-04    1.194138393237240267e-03    1.939411410367730657e-05    1.012992484340872538e-05    1.182202230490192764e-07    1.692098096338321422e-01
2.899997546604641343e+02    1.001263387513728897e+00    -1.826111572427227634e-03    -6.400840873044880673e-05    3.328631502829177397e-21    2.153734211204397616e-05    1.049704592353580877e-05    3.906939860821425750e-07    4.865007399911528002e-10
2.899998684803055653e+02    1.001364781900907719e+00    3.992966647311878281e-03    -2.338445526984602471e-05    1.623285655942282397e-04    1.972348554168497700e-05    9.684265662825892622e-06    -1.933533411161970820e-07    1.615753714988206921e-15
2.900000813508117403e+02    9.990274193770729561e-01    -1.217154367128169164e-02    4.106816706245611259e-04    1.844029466679654745e-05    2.025278884744089608e-05    1.043991922910213096e-05    -7.906318432873237350e-07    3.631544095190721022e-02
2.900001931437763005e+02    1.001216783243595199e+00    -3.461631242093567585e-03    9.089489880081936561e-06    9.136654326439985633e-04    2.183944893741679826e-05    1.033137131187198961e-05    1.467965735954386825e-06    1.590021380622954339e-01
2.899998143673375353e+02    1.002986913861451557e+00    -7.917583268288180473e-03    3.407074146754478857e-04    4.002371788751207219e-18    2.277312209761147110e-05    1.117822933125302035e-05    8.015513586626448103e-07    1.094191762540564799e-09
2.899998371625525238e+02    1.000765191634791718e+00    1.285503655713512300e-02    -3.444595825305676504e-04    7.308675579634011299e-04    2.239594939509136339e-05    1.069611433448127869e-05    1.272938204691503946e-06    1.615307291767076581e-12
2.900007233407329181e+02    9.948130039699401017e-01    5.517713766566458358e-03    2.382169549341786043e-04    8.077165246712464343e-04    2.138807568186122204e-05    9.903322990267083333e-06    -1.007593076274367153e-07    7.108467411050978235e-02
2.899999824007957727e+02    9.985014561412628442e-01    1.171083773591225646e-03    3.523865137893110336e-05    5.376126772891373466e-04    2.031948907764798539e-05    1.079597846449904923e-05    -4.045220975624903425e-07    2.084336628577820871e-02
2.900003434757048808e+02    9.987724211990174350e-01    -1.050791270013753942e-02    -3.609308633534318657e-05    6.818781992167393330e-19    2.128126773175798586e-05    1.046457611747113266e-05    -7.469707041589439431e-08    1.092850997570631449e-01
2.900001817935134909e+02    1.000231408229502295e+00    8.409599235997817016e-03    1.233281628413620266e-04    7.456419728852701871e-04    1.996512675662021080e-05    1.059957070710156334e-05    -2.873996304487337832e-07    5.852045293384071757e-09
2.899993926861163231e+02    1.003881714382202306e+00    -2.473953991938694467e-03    -2.968708107250472850e-04    1.572544213454431803e-03    2.231165869768326142e-05    1.055190981650814074e-05    4.206532165312209654e-07    2.694065841734650558e-06
2.900000185590544675e+02    9.985602051129021106e-01    -4.969974399847683008e-03    1.760492648116786154e-04    9.431259754269332969e-04    2.010803628115436181e-05    1.078971400541751873e-05    1.330708386648485834e-07    2.577835463233717228e-04
2.899999132515528117e+02    1.002355199328493374e+00    9.159945609801196584e-03    -2.267896730136740604e-04    2.942814698918147621e-22    1.807993425143382502e-05    1.049867604323119212e-05    3.497754611400141211e-07    1.223030169639457403e-09
2.900004957811932513e+02    9.997418549726625470e-01    -4.249550397239547188e-03    -2.645467419326143015e-04    5.726199100122689964e-20    2.065258764007881759e-05    1.015774304962557867e-05    -1.921779104393536139e-07    4.468511038806909780e-02
2.899999166780347082e+02    9.977104702558988736e-01    1.927974352802586390e-05    -2.901752703423337979e-04    7.261571165636093551e-23    2.015341761845307220e-05    1.002539529750306553e-05    6.526710342056664545e-07    7.493119138996261579e-10
2.900005143240691154e+02    1.002249856927271532e+00    1.202956927278307124e-03    -3.331261607698429630e-04    5.026386426232664706e-04    1.933404605150221956e-05    9.753255495430797876e-06    -2.869230379408668167e-07    5.832383507935339634e-02
2.899996839949692458e+02    9.986745482843391031e-01    2.765406510150118964e-03    -1.932326595818246193e-04    5.545468357849414175e-04    2.212136988329388887e-05    1.023952904555898688e-05    8.760601017765299152e-07    9.444415192787480049e-05
2.900008384509910684e+02    1.000156047230946088e+00    -5.179070284390145142e-03    -8.979333971980127990e-05    2.032847863697710851e-04    2.239256066998242785e-05    1.120799642700321782e-05    -8.968959859074421839e-08    1.495481113747429702e-01
2.900001239120906575e+02    9.991473281179455990e-01    -1.648967106736918663e-03    6.901089261948227006e-04    2.112863443915376992e-28    2.082685301448810913e-05    1.069063445487526500e-05    -2.009543035958429458e-07    2.522407301348790270e-08
2.900010547661923965e+02    1.000446540744794888e+00    7.054717945571824678e-04    -5.991654527761345380e-04    2.836670894141867655e-23    2.223977541326582153e-05    1.085753859195446863e-05    -8.599318068673364178e-07    1.650419911106461024e-01
2.900002109011107905e+02    9.968428189019838959e-01    -5.194511956817666511e-03    -3.444658728256962837e-04    3.605586159721902730e-04    1.891971262982363055e-05    9.172689297747682653e-06    -4.624331617836557426e-07    8.942898221540658357e-13
2.899998978483890824e+02    9.995058498429985061e-01    -7.391877555457172268e-03    3.771614914482698724e-04    1.677200709823932151e-15    1.819841738947626755e-05    9.081073608137341468e-06    -5.546829257678931176e-09    2.631271283728041466e-10
2.900008186473106662e+02    1.001417539655538480e+00    4.956089758973725341e-03    2.158757997997771093e-04    5.421057078176948275e-19    2.387727033029806901e-05    1.140003217016673730e-05    -1.004216907579104229e-06    1.234681866659521066e-01
2.900001262897091578e+02    9.988711306697622971e-01    -2.859079784966400521e-03    -1.044629861528003332e-04    3.377537302818323919e-04    2.272633181869721612e-05    1.074495844872951695e-05    8.463286575027019120e-07    6.098759322660458199e-02
2.900008450860812559e+02    9.995799452009849206e-01    1.943413979664337238e-02    -2.275286519026654833e-04    7.738467397673042892e-04    1.971745577883318056e-05    1.056141075794864658e-05    -4.915296189436511621e-08    1.549327089381963563e-01
2.900010585100059188e+02    1.001700887767270620e+00    6.876302475018499297e-03    -1.864947524297886077e-04    6.288060971563323330e-04    2.099773248586969419e-05    9.831295604201418443e-06    3.171983861151950281e-07    1.809337529677794709e-01
2.900001556793800432e+02    9.994761070133261205e-01    -4.912553020344417182e-03    -8.258263871960374030e-05    6.482373345776612245e-04    1.946706914490828636e-05    1.042845469722448709e-05    3.334508850356558972e-07    5.855351995673106075e-02
2.900013853390979648e+02    9.992978365255873463e-01    3.874416349705563003e-03    4.354137275703673436e-04    2.814531766320420705e-21    2.282049934005544087e-05    1.033136145260938284e-05    3.808571748740494365e-07    2.608412844019375454e-01
2.900000430121414183e+02    1.002056436485328161e+00    -3.395527358198359175e-03    -8.604645843116429549e-05    1.207525620099894130e-22    2.018193711987782379e-05    1.055393240501692499e-05    1.438373129530248240e-06    9.081662930133549416e-02
2.900002177416208156e+02    1.000310943213971626e+00    -2.857254935365236264e-03    -3.294230016601220929e-04    4.480345947085418389e-04    2.282435866626890940e-05    1.207448210435712567e-05    -5.674940195582303691e-07    1.209339034771217576e-02
2.899999701037646105e+02    9.983421372532716997e-01    4.626798292090226680e-03    -5.873488293025396325e-04    3.253220389734680559e-29    2.128038086373181459e-05    1.020199850806149289e-05    -2.155633637237132377e-07    1.135905991312229080e-02
2.900000462019714860e+02    1.000109551987587331e+00    -2.669417151302251427e-03    -3.422570179886772927e-05    1.949581923967766916e-04    1.927586908719447427e-05    1.040676708325060080e-05    6.387605003066666879e-07    4.831732747134864087e-02
2.899992704691985068e+02    9.983420147587684923e-01    9.767574606268978818e-03    -8.566888751852559799e-05    1.983470345495144411e-03    2.028751786254566280e-05    1.058501702894669296e-05    2.046845849398190842e-06    7.405223636032322599e-13
2.900003837635290438e+02    9.996187267770718643e-01    -4.043111784483762079e-03    -2.770840013126149256e-04    6.701771045639395288e-04    1.992861970486084508e-05    9.622794012986172818e-06    -9.929462299731249583e-07    9.138218820047497148e-15
2.900002009550967728e+02    9.986527867393411029e-01    5.225141026405255573e-03    1.544133993691170550e-05    7.667377528934988216e-04    1.976569619931967849e-05    9.872235290705057531e-06    -2.461259741260596798e-07    5.411040377934038249e-10
2.900009745322586809e+02    9.966712269462688623e-01    1.972968107749221729e-03    1.006606448194157465e-04    1.262430041279863791e-03    2.100420487993803818e-05    1.112189766461556021e-05    -8.095395438999125969e-07    1.538030361278394653e-01
2.900000279620406332e+02    9.998998340295317533e-01    7.266328023671181184e-04    -2.838334547837891237e-04    9.023414911242493138e-04    2.021893492859323154e-05    1.049773368809337237e-05    8.129457001076442849e-07    1.356231306005733237e-12
2.899999974316561406e+02    1.001782220328121698e+00    -9.221776022339652152e-04    -3.257129336891780307e-04    2.675071520927257713e-03    1.884804862631581687e-05    1.003137405073033372e-05    6.171578700565271190e-07    9.492023623961905188e-02
2.900003243600438054e+02    1.001159281106858145e+00    -3.492207453766676788e-03    1.116152393690829261e-04    6.671852112957850677e-22    2.127887536028815306e-05    1.099872198371843477e-05    -1.340668449397867190e-06    5.976582184362643862e-11
2.899996358018345290e+02    9.979359744096778506e-01    7.307614679282131015e-03    1.367368665511758811e-04    3.405581182873616255e-22    2.146827666876166684e-05    1.050710344645357827e-05    4.979791556676879299e-07    6.487762394152433998e-03
2.900005594405167813e+02    1.001302155685858120e+00    -6.122142178093873538e-03    4.946479965800816645e-04    5.095662200970617036e-04    2.097370498601519039e-05    1.066302008426468999e-05    1.480411392517708523e-07    9.830685173521361286e-02
2.900008079769215215e+02    1.000637973171870421e+00    -2.055245053406852106e-03    -2.711243711136147481e-04    1.121950507131699263e-28    2.350757568970735832e-05    1.082560595373944457e-05    -6.421366734250362688e-07    1.123420775061950566e-01
2.900004866737903626e+02    1.000451773276076040e+00    -5.032558690019498047e-04    -2.461014497836990357e-04    8.053032227696122435e-05    2.173044027924508266e-05    1.087653982528790556e-05    -2.951189585795807493e-07    1.239010508748461094e-08
2.900002604036770322e+02    9.983857488370778688e-01    3.288959061466951907e-03    8.840055072649004037e-05    2.068776333145619476e-20    2.075094070668739507e-05    1.097390112593235355e-05    3.726697044738487061e-07    1.028572242903984801e-01
2.900001748130126771e+02    9.988513177104326735e-01    6.365432161237313292e-03    1.606153719744394159e-04    1.407618833423644628e-24    2.013445839294162698e-05    1.008082859036532685e-05    -3.413110963307617955e-07    2.135828610789082522e-08
2.899999913708549570e+02    1.000019539085726716e+00    -2.359794334492622964e-03    -3.421314692452416431e-04    5.292541876365461196e-23    2.060082940413614331e-05    1.099060910520940916e-05    2.503079715239524205e-07    1.201636069645950224e-09
2.900001024018541784e+02    1.000301090052867492e+00    6.172231680556109976e-03    -2.022174178003054254e-04    3.661088013044409215e-23    1.890863179176825075e-05    9.691323573390816482e-06    2.528939752399269559e-07    7.067600818051458789e-02
2.900002003783064310e+02    9.992445918734447208e-01    6.819667486708593310e-03    6.269169163209087304e-04    4.344057333618008779e-04    1.822236761060349683e-05    9.932872208940806476e-06    -1.445901035605936976e-07    1.172253981879451036e-09
2.900002254632822769e+02    9.993516252157521595e-01    -1.797455469932756136e-02    1.395695361753625501e-04    6.305238786508647671e-20    1.716674766742813335e-05    8.879577306930673344e-06    -4.755238473823581281e-07    8.692474218576145527e-11
2.899999875306488093e+02    9.986151292320351036e-01    -1.183350811992211690e-02    1.913694701641682218e-04    1.814495409647003223e-21    2.054018591842781880e-05    1.044426345504608218e-05    1.311644900658405802e-06    6.898602824798330535e-02
2.900001581347659680e+02    1.001543580136846190e+00    3.437324102214158860e-03    -4.069468702868026417e-05    1.127157124853828607e-03    2.233748324337165550e-05    1.094280977314928136e-05    4.204086287428458201e-07    1.125102844258530077e-01
2.899998880653077435e+02    9.994935545207338512e-01    -4.091787592978382050e-03    -2.876631740845836220e-04    5.517661742157323104e-04    2.090705302134465755e-05    1.061895352430649534e-05    5.476480094795052068e-08    8.073823271173709969e-17
2.900006578801627484e+02    1.002582118906161224e+00    -5.735003916532609158e-03    -1.899059468356168335e-04    3.219405736787742975e-21    2.130363759385172121e-05    9.810300242334472708e-06    4.433464093229690633e-07    1.045300273306370570e-01
2.899999537244024168e+02    9.974218347284301567e-01    7.692448991724349511e-03    -2.823591235088095553e-04    3.659430909157473184e-05    2.085961836383569282e-05    1.013027797518599537e-05    -2.354670514594740742e-08    5.292857203487432577e-02
2.900014970605431586e+02    1.001860827304736690e+00    8.222832273359725170e-05    -3.047077158699105321e-04    8.491900593515199385e-18    2.032020582677032948e-05    1.006541081358679347e-05    -6.276381573196439354e-07    3.493197380747213310e-01
2.900001459572303588e+02    1.000703828398681772e+00    5.037132770470079818e-03    4.121643181193913636e-04    3.594699346047062994e-04    2.179109509125833543e-05    1.030767039099469023e-05    3.822575050886185310e-07    2.516486550220524074e-02
2.900004451595486330e+02    9.976510644303083764e-01    -3.971030168759816410e-03    1.984690032976474470e-04    1.617328932618828617e-30    1.651389206599752349e-05    9.077017097369785949e-06    8.479641427764152490e-08    6.951725245037196355e-02
2.899999984311626235e+02    9.971267297447223843e-01    -8.200860978439718924e-03    8.851998961282073718e-05    5.829035675200649720e-04    2.130956042650859107e-05    1.042882142793494132e-05    2.027344648443133194e-07    1.906624052296903779e-13
2.900002358375536460e+02    1.003850298069997260e+00    4.747669653104057315e-03    2.267439328709869274e-04    4.638185958747944497e-04    2.082076763604039638e-05    1.071932883148795206e-05    3.586190850566974016e-07    6.686247697061192818e-02
2.899997946716383126e+02    9.975647443560858862e-01    1.468468753088912788e-02    -4.459244519396379569e-05    5.958546221277142520e-27    1.948432309190924663e-05    9.728744650303998109e-06    1.128701451048663695e-06    5.743208007582520497e-12
2.900013310255605461e+02    9.989915719817434869e-01    -3.843341131034651564e-03    -9.782524191893751176e-05    2.100306783519566227e-18    2.304698412739478625e-05    1.153047860423523616e-05    -1.184308475789803559e-07    2.453224750421318934e-01
2.899999733484248168e+02    9.992264874029218591e-01    8.443614436199368620e-03    -5.911089986970279823e-04    1.026630068084506273e-28    2.186211516463563536e-05    9.904448716969155292e-06    -4.062464022831774073e-07    7.891836493750529327e-12
2.900000503618583707e+02    9.970773529526404388e-01    -9.119117750453330923e-03    -2.803810137512633229e-04    1.670856565444824721e-03    1.828788471069718485e-05    1.050412400570349695e-05    -4.909563393283020869e-07    7.488589456155551297e-09
2.900004994828978511e+02    1.000080686473983516e+00    -4.574300685750377383e-03    2.779038392614497505e-04    1.613103814273926778e-03    2.116446430430147732e-05    1.098774168834623772e-05    -9.331515172872146964e-07    3.901059544816424390e-02
2.900001472915034242e+02    9.996886437890214472e-01    -4.853837757002432696e-03    -2.500951412698215076e-04    4.024732705806181128e-04    1.840468312509326154e-05    9.644736429171764803e-06    5.849707795924832378e-07    1.667744382699971606e-01
2.900011557388098709e+02    9.983836240182603072e-01    -5.282733584066973131e-03    -5.048074787420909262e-05    8.155810344380069052e-17    2.062525292996431265e-05    9.542710459932874715e-06    -3.114101207745780326e-07    2.012988803640697877e-01
2.899999905552076029e+02    1.001635883438309227e+00    -5.633322815763355806e-03    -2.734887286995258044e-04    2.074870509051610219e-23    2.157681210515165532e-05    1.035871143268976221e-05    -1.019687740785544657e-06    3.497441465118953207e-10
2.900000165710109741e+02    1.003505299346773239e+00    -7.368820721333072150e-03    8.107029922131414330e-05    3.129236462799935751e-17    1.902485441589597120e-05    1.032415135393863385e-05    -4.271615740943230614e-07    4.675136333858483680e-10
2.900004835425272631e+02    9.985143386581153413e-01    -5.729766581836911836e-03    -1.112855433256281163e-04    4.529032360167143946e-25    1.857782274825241599e-05    1.024649146264524494e-05    2.550934439708836552e-07    1.384597381147977535e-01
2.900007039693384741e+02    9.999618714156308652e-01    7.077630552890636605e-03    -5.413825817210548728e-04    3.530784902954556630e-21    1.982524674627658961e-05    1.027559667228300909e-05    -2.024991925773465248e-07    1.383605536789108137e-01
2.899998247013373884e+02    9.988210353437276812e-01    -8.999108983888448382e-04    3.700720691999056155e-04    1.282604057369793717e-03    2.348272769740860071e-05    1.204764883259631010e-05    -8.313862757191216374e-09    5.026377865329668768e-12
2.899999975422836087e+02    1.003562221232129570e+00    8.198463068571763303e-04    1.843961708755611519e-04    5.857373890587970425e-19    2.039846315967484841e-05    1.124626913019876882e-05    2.439854209585772459e-07    2.225900473929324384e-11
2.900001558170885687e+02    1.000208068854739230e+00    6.147303223767274904e-04    -2.635232819037865599e-05    2.545830743966114737e-23    2.233150902881225855e-05    1.086738158498929682e-05    -1.158216570150589067e-06    9.863255499273405304e-11
2.900001546590266912e+02    1.002101101208775935e+00    -5.761183135783229728e-03    5.954501488312150112e-04    1.164361727429780950e-03    1.857799985377461930e-05    9.885533448062323671e-06    -1.208506480067684500e-07    1.954701958047955213e-02
2.900001935029372930e+02    1.000557622234171662e+00    -6.426130834026766436e-03    -4.526211931709060851e-04    1.381627681680718600e-18    1.952140769257076504e-05    1.011644353186770804e-05    -4.821370386700189467e-07    1.049044142743748998e-08
2.900007365196090632e+02    9.996715502686384092e-01    -1.268284079093538221e-02    5.540806569216267770e-04    3.181142461570763703e-26    2.067889683415248506e-05    1.002437734769057600e-05    -1.182843252719343062e-06    1.323973010083809854e-01
2.900000974848338160e+02    1.001525756871155526e+00    -5.915616726222396949e-04    5.057108906392571504e-04    3.385146139866192965e-04    2.253093932274956301e-05    1.119553935553843040e-05    -2.424689450425173593e-07    5.288266079188236267e-10
2.900004738656413110e+02    1.000239813301102565e+00    1.843637908861281080e-02    -1.321082648931453177e-04    2.147572140782617611e-24    2.530934994047244404e-05    1.156331193525114748e-05    -2.148478080488395335e-07    7.116599039406248939e-02
2.899996526202663745e+02    9.983111171080381041e-01    -6.959520871334529124e-03    -4.899763881202741323e-04    1.317005722219056712e-20    1.974580267982639921e-05    1.111119654918925479e-05    3.394727559422287532e-07    8.664292442586233727e-11
2.900010731366638197e+02    1.000335533251584197e+00    3.778255600512221875e-03    -2.137229279827449662e-04    1.471022418890125132e-22    2.134692299954483511e-05    1.091254170881761572e-05    -4.305510676510772284e-07    1.832358652062600901e-01
2.899999232683641708e+02    1.002214697541159438e+00    1.237700697133835466e-03    -1.406840245590513226e-04    9.522253891859370944e-18    2.201801168269007495e-05    1.102948515810808709e-05    -2.072355246532333813e-07    2.258628640074152427e-10
2.900004287342437692e+02    1.000834832354700499e+00    9.565500247198262945e-03    3.231381313075085897e-04    1.160839102688401283e-03    1.844485947795405944e-05    9.565675375380818272e-06    1.639115072564758946e-06    2.002101660702617081e-01
2.900001639480785798e+02    9.992939692208698821e-01    6.413903190495774849e-03    -2.988201377320453211e-04    2.247593943172783416e-28    1.845503640637198177e-05    9.956319302590660428e-06    1.251826103924646740e-07    4.104031557992272866e-09
2.900005375268431749e+02    1.000246505641650518e+00    -6.232855270950755575e-03    -1.571608772366223387e-04    8.114514324280257132e-04    1.965898613189671898e-05    9.690898348076944663e-06    -8.747021744714603538e-07    9.905260995059672613e-02
2.900003796543070962e+02    1.005400112104623433e+00    5.576986970512518363e-03    -1.356342028104864862e-04    7.587990796396752703e-14    2.016803158134571392e-05    1.037484070681843058e-05    5.865809740312949442e-07    1.142245743933531094e-01
2.899997259303397641e+02    9.999467968755771929e-01    -1.210083341480215234e-03    1.050831742467678629e-04    7.337643305635075872e-04    1.953451292293131779e-05    9.866713466901013774e-06    1.035096338790263001e-06    1.559483721696819685e-11
2.900006347927350134e+02    9.962933834550589118e-01    -9.698020295791462408e-03    2.678558362984421619e-05    8.404358469282623839e-04    2.042602761940707736e-05    1.111627291207808011e-05    3.952395810861087602e-08    1.124486549496037380e-01
2.899997468322116561e+02    1.003032733007980015e+00    -6.511640174597812733e-03    4.729540672485090468e-04    7.531169976103809899e-23    2.192363076250020433e-05    1.096300374903535161e-05    1.452997935889342271e-07    7.942352284258128306e-10
2.899996625555112360e+02    9.987797124455665143e-01    2.578546803030360660e-03    -1.540228564791460927e-04    4.350741443618958674e-25    2.143988260474745185e-05    1.059888518528928739e-05    9.158051809674539588e-07    1.959885412788753787e-11
2.900000743445609714e+02    9.994760203773851437e-01    1.547678367885619568e-03    -3.917299919347875668e-04    8.341953663211787939e-18    2.141634038833831747e-05    1.052009719292324247e-05    -9.958194232249392382e-07    9.037936168008572205e-09
2.900002521963784261e+02    1.003549581351626196e+00    3.382887662381706562e-03    -6.408969060208881538e-04    6.920390429726891880e-04    2.216276001981920001e-05    1.093658221480186036e-05    5.868116716491823809e-07    1.190253311032974659e-01
2.900000571296938574e+02    1.003843897179022004e+00    -1.769961879147748324e-03    -3.700752389422990352e-04    2.270591144773594181e-04    2.210209267797183660e-05    1.054981253100076828e-05    6.763531531510771875e-09    3.148223458066082281e-02
