# f_r [MHz] A m phi D delta_r delta_ere delta_eim a
2.900001922239192140e+02    9.985239934553099550e-01    1.448260195773612207e-03    -6.938966853056858684e-05    4.780505188561053137e-23    2.464306828296473277e-05    1.408437827581485275e-05    -1.143039943278376506e-07    3.141490987731367784e-02
2.899998823562570465e+02    1.001551044146466785e+00    -8.614375153234172383e-03    2.117008219174725613e-05    3.508521639442482268e-04    2.583226873729143225e-05    1.489896466578563580e-05    1.711941300750786572e-07    6.480576803137702221e-11
2.900003681220253497e+02    9.981902093719013935e-01    -3.766792110677263938e-03    -1.735190151106488603e-04    5.107759747934530843e-04    2.458470348182169532e-05    1.497736205417574213e-05    5.077390423763390526e-07    1.097444731883426700e-01
2.900005145286585844e+02    9.968991547390435581e-01    -2.730579569603435938e-03    -6.139449212442023990e-04    1.634407992075146765e-20    2.356422784454144151e-05    1.451854440400033513e-05    -3.691662949136351143e-07    6.444746015278930706e-02
2.900004021736286290e+02    9.992160622374106627e-01    -7.808289233641367913e-03    9.406305245679515744e-05    7.658172477904721855e-04    2.170714516259253873e-05    1.428459931274669643e-05    -4.299190002645086428e-07    2.716816368165733912e-10
2.899999842747799335e+02    1.001142408984648791e+00    5.116596816753415065e-03    -1.778441769553749680e-04    1.413622134667286742e-21    2.702807863643155359e-05    1.581845703864674909e-05    6.063023502597024961e-07    1.628640816212738889e-09
2.900001081241798602e+02    9.981667513803202940e-01    3.062479068772511019e-03    2.597651284060379902e-04    8.181421259359348801e-20    2.244269907115964961e-05    1.383857630998882317e-05    -5.442144281270167687e-07    1.212864018669451206e-08
2.899999249643609573e+02    1.000636064904469213e+00    1.215510853280134642e-03    -7.444947164690381548e-05    1.855242566357858466e-22    2.465587569167166889e-05    1.616821587073259353e-05    3.477372078293801937e-07    3.372513702439731487e-10
2.900013783891071171e+02    1.001929992894874166e+00    -1.028889304953869467e-02    -5.833585901621261664e-04    8.536542833922586846e-04    2.573195590716516180e-05    1.510582355935697005e-05    -1.528251024634388766e-06    1.738141490167129932e-01
2.899998516065762715e+02    1.000144810417437746e+00    -2.105335420399501948e-03    4.293005238456010383e-04    1.307403575683712240e-03    2.644452307987194440e-05    1.528889198114785880e-05    1.902414787236613307e-07    9.933175353270191536e-12
2.900001080620181142e+02    9.979725265028928094e-01    5.946206508450595750e-03    2.036148522403461778e-05    1.695399439391537689e-03    2.370565919326042323e-05    1.478988759936084034e-05    -4.410692377686991317e-07    2.885480507115693008e-13
2.900001236756109506e+02    1.003563629516175837e+00    3.098948920014016166e-03    -4.568954355000887590e-04    1.779665488316285657e-21    2.663140807887229525e-05    1.588297919390849411e-05    1.027799349912259036e-07    2.523876657209809970e-10
2.900000606401140431e+02    9.981690903854121277e-01    8.701832068427348479e-03    -2.439746792016560370e-04    1.442659571974115492e-30    2.298228304602153145e-05    1.519641976084512331e-05    4.035834740419959667e-07    3.973044943580653781e-10
2.899999190496052393e+02    9.976784953393845745e-01    6.856334605732551310e-03    -3.032889421918414470e-04    5.423789369437158125e-05    2.224487906923780834e-05    1.358994702638388911e-05    1.113595537742070771e-06    1.023888283066876626e-01
2.900003673597424836e+02    9.981536208298582569e-01    -1.994478520118990461e-03    9.329843870906155126e-05    7.150637082662108113e-05    2.503045211083849869e-05    1.474485448871275465e-05    -4.675119839057011249e-07    5.060147242929046579e-02
2.899998701049037777e+02    1.002623632952863719e+00    8.153295964854976804e-03    6.599004413188424667e-05    5.359572553144023747e-20    2.430116552602993164e-05    1.489470194406054014e-05    -7.462313292876578773e-07    3.591098803359485456e-10
2.900006064556993124e+02    9.997458650164530169e-01    1.104618175185877529e-02    3.046290898266735517e-05    2.418019685710430966e-04    2.695441382214524515e-05    1.524685627514827267e-05    -9.312863759986349066e-07    5.413357731801249351e-02
2.900004068659046084e+02    1.003426807045757485e+00    -5.676653528647196585e-03    2.954981317462309991e-04    1.922726967550681690e-20    2.630025844191976673e-05    1.593247747240829354e-05    -1.690152599665354738e-07    5.503691036828908811e-02
2.899999962776965390e+02    9.992363635881331696e-01    3.804313212959494796e-03    -4.331228757861733231e-04    2.524798748191265426e-04    2.248976004703556335e-05    1.417218328501769267e-05    -3.359871833090892360e-07    4.915662215741438412e-02
2.899999482688580770e+02    1.000350996842870988e+00    -1.708007218559897279e-03    4.255597513646879114e-04    7.184143561708595258e-04    2.672582421124358618e-05    1.566926752918529640e-05    2.126184780423370016e-07    1.233224440225165114e-10
2.899995367672409543e+02    1.002093375797819652e+00    4.105938664441497431e-03    4.941061312448682605e-05    4.986885022256445020e-27    2.686119214827119739e-05    1.521590114312338294e-05    8.831076786093563151e-07    1.470190503655028666e-11
2.899995794122156099e+02    9.985874886356836955e-01    -1.730039372220429014e-03    8.843176784364585119e-05    3.145439339257158698e-04    2.542099719499954546e-05    1.505285256025960732e-05    1.194340520112420297e-06    1.961007469418723365e-09
2.899999573314291297e+02    9.999093443431911199e-01    3.534408792247425383e-03    6.705183912445087345e-04    3.137251981103904694e-25    2.480236832278456509e-05    1.491544879294356031e-05    3.738160381960870909e-07    2.503401854376118825e-09
2.899999878970096461e+02    9.993550197106170208e-01    -8.052940558339747451e-03    -4.906252341624964535e-05    4.274186972559538442e-25    2.587976138378452547e-05    1.555388033738762133e-05    -8.304594211715684859e-08    3.020879938985410201e-09
2.899998879167259815e+02    9.993380987767139789e-01    3.324021437400668556e-03    -3.747274876108069755e-04    5.792554021485691445e-06    2.546400495775103250e-05    1.486337622063841677e-05    -4.095540974882830450e-07    1.383534041759026749e-09
2.900000834876956333e+02    1.000220574196737156e+00    -2.533918203689976799e-03    2.102790825207405498e-04    3.131461771611344131e-18    2.637861397029667564e-05    1.582158105049452995e-05    -1.370107161522564327e-07    4.295756149954440623e-09
2.900000256726337966e+02    1.000708842189131476e+00    3.303286070962471906e-03    1.339875207902378827e-04    7.693541158954914597e-23    2.376022706533640526e-05    1.468988172905787930e-05    1.002474323717644576e-07    7.424244251436117135e-04
2.900007655916421072e+02    1.000386814970036120e+00    2.722809413956065253e-03    -5.010116460787973321e-04    1.378355149779027938e-05    2.574765031844904390e-05    1.486698336879252801e-05    -8.765724463116856773e-07    1.113554500183238233e-01
2.900004269422671541e+02    9.983009955397907920e-01    -2.587138983611398605e-03    -1.446688556444543014e-04    6.613402780048743607e-33    2.361323319425246098e-05    1.496924729369053694e-05    -3.412773488954431146e-07    3.129350197113632885e-10
2.900003627482518027e+02    9.993675270384024811e-01    4.970863814262095094e-03    2.607726535629055530e-04    2.434776708569290089e-03    2.561494616473404079e-05    1.467563181101802320e-05    2.396587021063124484e-07    4.761255640927440635e-02
2.900000813778406723e+02    9.964786106389407205e-01    2.898380834960103975e-03    -1.402660828206464744e-04    5.850576789658206388e-26    2.495531282092989319e-05    1.429359113631895181e-05    3.597786779973916994e-07    1.668206626413116719e-02
2.900002282080220084e+02    9.987775682278241529e-01    2.606088839007010896e-03    -1.725683432711852723e-04    6.336298112990772437e-18    2.440760065371611176e-05    1.540267901358676082e-05    -6.012006450283607482e-07    6.878531644552299674e-09
2.899997366837766322e+02    1.001406692583488578e+00    1.085011263877326548e-02    1.474530973430849808e-04    4.072225253245241681e-04    2.684441272875306609e-05    1.618754711928644955e-05    9.756791874357972085e-07    3.796544476098785183e-08
2.900010682513102438e+02    9.967518984242943469e-01    -3.568205895871037585e-03    -5.272177159931836507e-04    1.941886745382504730e-22    2.545084158228059807e-05    1.537950332230978099e-05    -3.820116154006952879e-07    1.416000391731090935e-01
2.900004344046784013e+02    9.993732769652872161e-01    -9.033900933881086268e-03    -4.008444651896189486e-04    3.218546387869376238e-05    2.421968189527579269e-05    1.447332217544199160e-05    4.204800132760855168e-08    4.034694208501852857e-13
2.900000573695925254e+02    9.995903353710705597e-01    2.370590854006580841e-03    -4.495747411190998484e-04    2.044435905532897627e-04    2.699143599573833560e-05    1.579968445500303296e-05    -1.384842820246756332e-07    4.859094044695507523e-10
2.899996155994573996e+02    1.001370998043397353e+00    -8.835625028353636876e-03    1.880455168830902227e-04    2.348095771976742303e-22    2.475243907815249817e-05    1.515800558983509425e-05    9.529479247318521431e-07    8.493361110222870069e-09
2.900003330305963800e+02    9.988267934898409361e-01    8.334464647115326363e-03    1.580317512253892124e-05    1.304525637658688177e-04    2.443839359269612315e-05    1.415039435645169762e-05    7.199246869856034697e-07    1.186171208804828875e-01
2.900004617767179411e+02    9.997563880856743523e-01    1.306622034382148292e-03    -5.516319681126745714e-04    1.340347131960009305e-03    2.129399999539325182e-05    1.369271247108952654e-05    3.838316300096895275e-07    9.395830672171065490e-02
2.900005066474653859e+02    1.001670309233548606e+00    -9.598122854523522852e-04    -1.036782652077648939e-04    1.102932835566732819e-03    2.486779783134500035e-05    1.500914606234568475e-05    -9.384065049934555830e-07    5.183764632974039062e-03
2.900000443212543360e+02    9.993937480884902413e-01    2.047673445569025974e-03    5.913651610284123387e-04    2.167021703869347449e-30    2.657047422620516776e-05    1.529011418858384176e-05    -1.008885217034282723e-07    9.699686282794973101e-07
2.900000395834247797e+02    1.001084876173320870e+00    -5.713619644113670897e-03    -4.445565790862191662e-04    3.095913095108830258e-04    2.378158511248173185e-05    1.448683837291299459e-05    -4.613125485938240260e-08    2.283193196015580217e-10
2.899997669233060833e+02    9.986048345440161622e-01    7.368784452178167924e-03    -3.519131377220572048e-04    3.028708072392944688e-19    2.362578411922947871e-05    1.470165604484958632e-05    7.188421209609108203e-07    3.639040681469913230e-04
2.899998945916897242e+02    9.990863075648929170e-01    4.094098500675803776e-03    2.465655144852342225e-04    3.659257701617846790e-04    2.528056152674076020e-05    1.472743109405304983e-05    4.713703797110221968e-08    1.528705321794383076e-10
2.900000029444403822e+02    9.975096416996084292e-01    4.462816481895289823e-03    -3.337036647345854775e-05    2.781346894424511313e-04    2.296134757915883030e-05    1.406528901288358008e-05    1.390797512538794337e-07    5.264273647376956082e-10
2.900001846621366894e+02    1.001458977343190115e+00    -1.307594260474631565e-02    -2.363185515702913222e-04    3.152619473249552598e-26    2.690024050343970712e-05    1.595637548303547663e-05    -4.734335087435888283e-07    9.848620980919285184e-10
2.900001076235222399e+02    1.000992968957118423e+00    -6.100679524472491606e-04    3.559155581860848068e-04    3.714209291799228297e-24    2.661238927238618475e-05    1.572989438775344515e-05    1.116552913034006687e-06    5.200330570242607531e-02
2.899997946587320712e+02    9.987295077115030395e-01    8.733000951495982142e-03    -3.621841961480321026e-04    3.071029745685736976e-04    2.313330055034528934e-05    1.477773930818011293e-05    8.173843660077949660e-07    2.779840456300510987e-11
2.900002563418945556e+02    1.000094146920725402e+00    -9.597617746798541754e-04    9.987588679845736824e-05    1.035875968614717417e-03    2.591079699143534608e-05    1.455652354986783954e-05    -5.390007552364835866e-07    1.037089199455814353e-10
2.900000298093303286e+02    9.989997247029055449e-01    -2.447882994184910795e-03    -4.820340299338258036e-05    4.165745991155308538e-04    2.314460248869751300e-05    1.429856810098107559e-05    -2.683871947454584192e-07    6.967256340513082371e-13
2.900004310117353725e+02    9.959962959276930095e-01    8.121458299681458270e-03    6.414600198086784074e-04    6.683828313297492120e-18    2.304863415611894088e-05    1.390381739047124716e-05    6.928204802851993022e-07    9.493297927180445461e-02
2.900000642686912897e+02    9.989662857620759118e-01    -3.118021710398569298e-03    7.326063198243296570e-05    2.792192616886984727e-04    2.642106483194870504e-05    1.527524662135283445e-05    2.785499223208909124e-07    1.594821257540039727e-02
2.899997237734847886e+02    9.990972069395105404e-01    1.413217786359373699e-03    -5.847362926590482339e-04    3.553428322311333585e-29    2.511897878946116582e-05    1.493776311590242348e-05    5.461624936565826106e-08    1.569985845315990307e-12
2.900003923098124119e+02    1.002607645518662549e+00    -2.035731048366401421e-03    5.805662985281451541e-04    1.434843838736649352e-04    2.630557674413079258e-05    1.531113619702371073e-05    7.614488546846951698e-07    2.151198784549952087e-02
2.899999970566634033e+02    9.986421303999033494e-01    1.732984965008090711e-03    -4.410931384714423067e-04    1.054783483838894623e-03    2.248799118201431324e-05    1.354240402282791595e-05    2.439448466906928490e-07    1.965031821678233856e-02
2.900005239883506647e+02    9.988141384624996677e-01    6.382631454124590084e-03    1.489573855971172689e-04    3.470726428466516160e-05    2.644756834433575898e-05    1.541004252280171302e-05    1.316094344327252142e-07    1.483758404332657932e-01
2.899999760255732895e+02    9.999684964689571354e-01    6.639712158348499114e-03    -2.562446369948054086e-04    2.276376469454915427e-24    2.640262087263947659e-05    1.471906277182170579e-05    6.523704312924714632e-07    5.978335310745498026e-10
2.899997127336701510e+02    1.000002487744242163e+00    -3.644349228441430989e-03    7.828305400252597100e-05    8.459149902898419549e-18    2.176391346769287289e-05    1.303839265294908813e-05    2.656415589253226429e-07    1.054794607353644799e-09
2.900005674699340830e+02    1.001202733797749378e+00    -1.477751225578087871e-02    -5.125400812540451814e-04    2.491185188846875891e-26    2.473869305138078650e-05    1.450139950395981642e-05    2.900611926352175100e-07    9.899724844172430593e-02
2.899997275434296284e+02    1.000097372831632692e+00    -2.869249963036098715e-03    -4.622484234902872816e-04    1.640052814861040083e-23    2.620580090405271402e-05    1.492981519914300071e-05    2.197775113071207768e-07    3.784474772725712953e-10
2.900003801226827136e+02    1.000337967628923241e+00    1.349565228251322193e-03    1.091239211063393331e-04    2.277470780546340385e-22    2.476968273477044808e-05    1.463236054328574275e-05    -4.657091238693795302e-07    7.684631079610023236e-11
2.900004780697214528e+02    9.980030326722477696e-01    -9.574994879274803224e-04    -1.899080414650104195e-05    5.109007054710639492e-04    2.502563844166297242e-05    1.490243570287614626e-05    2.480250354515169679e-07    1.060537697984608035e-01
2.900008074057864178e+02    1.000736623398850611e+00    2.966997310651683494e-03    1.257833925311040277e-04    3.784173425391160542e-17    2.572205943595045323e-05    1.485536865811700799e-05    1.464310949756861541e-07    1.293256034524940812e-01
2.900007208841299189e+02    9.989886126266831479e-01    -4.932706841380762181e-03    -1.645714227495740560e-04    2.030222664377788707e-24    2.444737874378670768e-05    1.510637847559231644e-05    -2.793670119925942917e-07    1.179361385121031891e-01
2.899998971062592545e+02    1.001368695371807505e+00    -1.125140691374161735e-02    2.483583477209260642e-04    6.197177378747193109e-24    2.485672389732022095e-05    1.454213330820386917e-05    3.053673299229710785e-07    1.882382977916620460e-08
2.899999859910451505e+02    9.956081520880047941e-01    3.957537820847996032e-03    -1.115919707647273481e-04    3.462522426129000682e-21    2.614651511649446615e-05    1.468265252882970583e-05    7.336307861985343894e-07    3.345005577622547910e-02
2.900000559173359989e+02    9.989598146721212490e-01    -1.921918510005301336e-03    5.533772186992243501e-05    1.570817761885658038e-03    2.491312604964387751e-05    1.469849789650292915e-05    -1.537539162517301133e-08    1.582421059361457686e-11
2.900003030272293358e+02    9.991414742844876296e-01    -2.802271282719824824e-03    2.884004664256163003e-04    6.509017115655292491e-20    2.611992874213779349e-05    1.572461154409252027e-05    2.542823913390181236e-07    6.050646011456214945e-02
2.900000782851453778e+02    9.975373094665065388e-01    -6.994782169570300245e-03    -2.260478073209625221e-04    1.350214987464147098e-03    2.469174236623289341e-05    1.490552140598872831e-05    -3.478180865487175707e-07    5.222686637922942937e-02
2.899999545584429939e+02    1.001351133330541598e+00    8.867209430804949902e-03    -2.233390855403125422e-04    7.489046900867665909e-04    2.632738705614216281e-05    1.544670790274454527e-05    7.077012260487423170e-07    4.633704696482280477e-02
2.900002918500271676e+02    9.995195897035334953e-01    9.250146977585912283e-03    -3.980142317356987603e-05    1.194587516109185573e-04    2.581701634689449740e-05    1.593576857336951409e-05    -3.571121820421307573e-07    1.362244372389279090e-02
2.900005055819481754e+02    1.001270056391806884e+00    1.643229197354518752e-03    -3.319536431325982681e-05    5.368271040180001266e-18    2.957242844889010610e-05    1.708982528979666497e-05    -1.164812112131823709e-07    3.514708858711754896e-02
2.900001920557549511e+02    1.000103455241856176e+00    -5.936317323847833949e-03    -5.835606735398089447e-05    3.742122325965417835e-26    2.269366717926540140e-05    1.416722566804110821e-05    -8.013441556405384233e-08    4.932370419113384193e-11
2.899997932730362322e+02    9.983869464043468867e-01    1.206938506901056134e-02    -2.091501747566729065e-04    1.860166060483796937e-23    2.303535128142078343e-05    1.414569055573743417e-05    3.344030718607764799e-07    2.151837163767397460e-10
2.900003696645820241e+02    1.000726792416082311e+00    -4.469647685398003313e-03    -1.169990091024847935e-04    7.635918918871063658e-04    2.471262926402021084e-05    1.460461689288317730e-05    -3.975601380539659964e-07    4.632806680849870949e-10
2.900005480740978783e+02    1.000652851551289579e+00    -2.283509984307690015e-03    -3.386648954136992095e-04    3.574753970917771053e-04    2.550566257386070330e-05    1.521432219910391138e-05    -6.279367683321815714e-07    3.699467565246893769e-02
2.899994983136288056e+02    9.973278256803462805e-01    -3.279796706222681650e-03    1.679318261754359951e-04    8.339032318511920450e-29    2.736947001787716640e-05    1.592889680586633453e-05    1.033016015853640299e-06    1.070970293246316634e-03
2.900006352447977633e+02    1.000785508144020231e+00    4.332490376137293660e-03    6.982481517139113721e-05    5.683006893306921123e-22    2.494111502566507643e-05    1.528184612419674032e-05    -8.078864859407619318e-07    9.456125468063382444e-02
2.900000167201113754e+02    1.001264645994840441e+00    1.337876590380884800e-02    9.737060085446379700e-05    2.472453631312024414e-27    2.448731186938142562e-05    1.473956676199630673e-05    -5.867565228629670971e-09    1.005848851639098255e-08
2.900002491210352673e+02    1.000346944716978381e+00    -5.547897003049834241e-03    -1.053488372552431038e-04    2.548522690127306210e-19    2.207301352232163277e-05    1.410958136297325983e-05    1.800942078480164660e-07    6.834696653697046320e-02
2.900001038930375330e+02    9.979806921968951139e-01    -9.154949149591081609e-03    -1.375388389880077399e-04    1.308870928268830535e-22    2.711791064906403823e-05    1.544820677241916883e-05    1.010643302179298547e-07    5.246323111219263947e-10
2.900010652921961309e+02    1.000754302367328652e+00    -3.741049538361793710e-03    -3.723174830180165274e-04    9.056792278716853223e-21    3.012178051561827466e-05    1.659902698070004463e-05    -1.100232649599386586e-06    1.070506862799680964e-01
2.900003174726968496e+02    9.992695557711379628e-01    -6.728148462978503393e-03    5.359419156822967892e-05    4.528046049431336764e-28    2.322738360338901309e-05    1.406418563279832890e-05    -8.016026144788504204e-07    4.482813306822672726e-03
2.900003763586638001e+02    1.000893788008776042e+00    1.834638681997592061e-03    -2.831862176561412612e-04    9.178950926737102103e-20    2.230040868357666196e-05    1.434335486058509470e-05    -6.449384882206242609e-07    8.533467839279165745e-02
2.899998479083939742e+02    9.986669138035474402e-01    -5.460554302451899955e-04    5.204358315304582865e-04    1.202902347505721059e-27    2.361843889773177364e-05    1.383771952837436505e-05    7.307647727380502334e-08    1.015371465024458274e-12
2.900004960604654798e+02    9.971136368210579137e-01    5.886553537728221423e-03    3.574435182812521570e-04    3.548570311434633030e-21    2.257379823763560340e-05    1.440296633227029102e-05    4.591700178115978106e-07    1.147529665116355235e-01
2.899999383969988571e+02    9.994921454339464884e-01    -1.407391703213832675e-03    -3.170354629102637941e-04    4.622523364004904592e-30    2.639147937867667600e-05    1.502256470459715467e-05    -2.553358205908505188e-07    1.928977275261474326e-08
2.900004256390813566e+02    9.997783259557406765e-01    -4.052336761813060684e-03    2.966686362492335690e-04    2.654900719555358612e-12    2.558632509351521669e-05    1.563875515949656519e-05    6.709304178605456808e-07    1.048827579038690838e-01
2.900007679650241244e+02    9.997243180142587615e-01    -4.228933139087767169e-03    -1.109682039370194244e-04    1.697323933533120857e-22    2.561264929224278238e-05    1.560479059361893052e-05    -4.175923671124113100e-07    1.733303811512253712e-01
2.900001123993131955e+02    1.001266044972186631e+00    -4.615564508593971577e-03    1.767020030454456128e-04    1.148236888026047803e-06    2.249348500458166187e-05    1.494823584630669718e-05    -1.200116490952772148e-06    3.523166800137601245e-11
2.900001982836733418e+02    9.966442673547794007e-01    -1.409690604768748653e-03    1.808358037999569185e-04    4.025514582126965882e-04    2.467923702697847067e-05    1.527647460462526444e-05    -3.433913921762997172e-07    3.723297984161348662e-02
2.900004680388938141e+02    1.004068203370328982e+00    5.912900495130058061e-03    6.474017302911091990e-06    2.204220823483101859e-30    2.191284910220909951e-05    1.418689375394863303e-05    -4.853418286208506301e-07    7.520105839239434042e-02
2.899999324353264001e+02    9.976933718584937161e-01    1.891811565732565582e-03    -2.338366241708661041e-04    1.322541954916926993e-03    2.643372662800184684e-05    1.618387104797238860e-05    6.815483512979952820e-08    3.766970666117198650e-17
2.900007402250763562e+02    1.001041367856037700e+00    2.133727870132313617e-03    -7.664786313651661919e-05    2.287272382970305219e-16    2.416572998277420278e-05    1.536457101260849462e-05    -4.573813593418742929e-07    1.428354329731113259e-01
2.900000071758996114e+02    9.997044046832862518e-01    2.340419888291036859e-04    4.706657942376422823e-04    1.411063464618994697e-03    2.545508495843586483e-05    1.466768773740604479e-05    -4.712418935576335142e-07    1.591166009921969951e-02
2.900000695348752515e+02    9.964150415545582895e-01    -1.122318470100940220e-02    -4.905557320568294842e-05    1.217853530401643811e-15    2.243283187031814511e-05    1.363676840628235545e-05    4.269945141080311150e-07    1.940391619285306707e-02
2.900001579423834528e+02    9.972199774682207751e-01    5.937016164860978206e-04    2.244657826460184414e-04    7.845672785144889231e-23    2.226253495701550531e-05    1.385318249410559283e-05    2.072427693039764417e-07    1.070785606940357625e-10
2.900007765875780024e+02    1.001295631909939088e+00    4.458932594144298517e-03    2.242776673603097626e-05    1.918460948189253430e-32    2.534308225369968857e-05    1.530538084545544612e-05    5.970676914382239044e-07    1.379612113844615739e-01
2.900001318569377986e+02    9.984990916142824080e-01    -2.584007686316100463e-05    2.299050924979030022e-04    6.449974159750727649e-04    2.654191387433466534e-05    1.559535429147937925e-05    1.128855902083711944e-07    1.700537674058189614e-08
2.900000973397443431e+02    1.000118639575586110e+00    -7.108591156692004899e-03    -7.551065069947406679e-05    1.212965716273668319e-04    2.661253762876308803e-05    1.572901502163120117e-05    2.980289274777317716e-07    3.389311625957899116e-02
2.899997646442688506e+02    1.001353868667427482e+00    -3.555264019171794181e-03    7.029446262279386156e-05    7.523611220886432001e-21    2.654725507745988501e-05    1.487574885964042301e-05    -2.466596648506530522e-08    9.397051690881643644e-09
