# f_r [MHz] A m phi D delta_r delta_ere delta_eim a
2.900002020110703711e+02    9.972600085034474260e-01    -1.060394879763195027e-02    1.420903205826599361e-04    8.467453841302755328e-04    2.211361126161722317e-05    1.161007903843469774e-05    -4.290891190420078115e-08    1.505467950262629111e-15
2.899999919423698316e+02    9.978811915616937478e-01    9.549183452845109651e-03    1.884704093596013548e-04    1.214526687472235565e-28    2.225796663240847258e-05    1.293955272827364183e-05    -7.491556577808229905e-08    2.572085392599263593e-10
2.899997732672525785e+02    1.000411355853154660e+00    8.627864016497331992e-03    -3.120013581515167548e-04    3.299918718982826825e-29    2.320248479437839406e-05    1.338691141257749605e-05    1.253986470474518578e-07    7.536543699513020139e-03
2.900003118684964534e+02    9.970891814524772689e-01    5.274963306409549560e-04    8.860648933949645263e-05    1.154232382115694843e-04    2.117966263877996578e-05    1.146904305010973132e-05    4.973733544624812630e-07    9.969236890264800144e-02
2.900002762799263110e+02    9.999098985872667544e-01    -5.976267876502736444e-04    4.793693051787664239e-04    5.443604272658150804e-05    2.308968950961548224e-05    1.286673234265735579e-05    -2.317964976806406795e-07    3.449026783944985391e-12
2.900010481267553359e+02    9.996052016806323826e-01    -3.103947012260632743e-03    -1.156643772337977974e-04    3.205122261998964792e-26    2.431584623885333106e-05    1.236136538426061736e-05    -1.075886822810081790e-07    1.629604855453330170e-01
2.899999806522757808e+02    1.000363176944124577e+00    -4.610736528262329541e-03    3.007121012582657325e-04    1.224329562169430382e-35    2.296043078450360288e-05    1.270038505783538274e-05    -1.396372269351965246e-07    1.560852847702780597e-09
2.900002272815621609e+02    9.997940879750973897e-01    -1.326392898263025616e-02    -2.612140494303872565e-04    8.763971357919033876e-27    2.291711084870719448e-05    1.337404160321672060e-05    -8.403230086574331478e-07    4.086158880155844814e-12
2.900010979176552155e+02    9.965161486577166494e-01    4.195430993160271030e-03    -6.249790405838390856e-05    6.488475401539809274e-04    2.292832372072381930e-05    1.243127097177207110e-05    -1.158290385218100765e-06    1.454241003863333548e-01
2.899999839973958160e+02    1.000010462823275326e+00    -3.918638988461299252e-03    -3.059402859179857136e-05    2.004585501541520739e-21    2.293940200868773379e-05    1.293098425403923478e-05    -2.868843632152038971e-07    1.612339080054579728e-10
2.899998906225277437e+02    1.001552445494812371e+00    2.105017066738287899e-03    -1.716542860681974847e-04    7.113009350752416297e-24    2.465512738131025945e-05    1.279062402874823027e-05    6.666797407024760228e-08    5.342635869306211309e-03
2.900001787814329077e+02    9.994753275999517239e-01    5.816125702874056381e-04    -1.618656023810700157e-04    6.281890833404118003e-26    2.166914251794344959e-05    1.281766217007013676e-05    -7.709562005936154555e-07    2.380534379489213406e-10
2.899997697506426562e+02    1.000873754579782782e+00    -1.028695119177569115e-03    5.944748119557648311e-05    5.291610823253517200e-04    2.320452727540800759e-05    1.234959940690219518e-05    -1.819008884096187601e-08    5.638024488269040486e-12
2.899999086763558012e+02    9.984014724346697012e-01    -2.531926289469998634e-03    -1.377469666681467933e-04    3.752677791894923711e-04    2.091468777071909979e-05    1.189209510269039564e-05    7.431725247834243736e-07    6.847277342595747482e-03
2.899999272765682008e+02    9.995749270890038618e-01    1.718658621184235638e-03    3.657726788736630620e-04    5.261854836343880797e-33    2.334238314102908717e-05    1.262223148969214812e-05    -2.656599659412242716e-07    4.439611693634224160e-08
2.899997677365092272e+02    1.001304307504438329e+00    1.776707929463995292e-02    2.893399393680258589e-04    1.167972316633550883e-22    2.316686163210934836e-05    1.328699254045860275e-05    8.768865349509145364e-07    9.980151826315374210e-09
2.900001971697940917e+02    9.997858407542327130e-01    -3.499126343647311101e-03    -4.230197100521281342e-05    8.708703518084808274e-04    1.902454944778135659e-05    1.150284875377266381e-05    -1.093030615077368567e-06    2.003517244066923059e-09
2.899999355844667548e+02    1.000729464992595963e+00    2.845459648452729282e-03    1.714948946992540097e-04    2.704490975945347751e-17    2.196650847420417784e-05    1.320327346050543572e-05    3.260224568224000834e-07    2.029998539091225806e-10
2.900003784139548202e+02    9.998798965956783302e-01    2.215940180174306041e-03    -6.333209610729536297e-05    1.730252617150075339e-24    2.257092980293189598e-05    1.289913351113039902e-05    2.662333325254499925e-07    8.250508394514506627e-02
2.900000477081238728e+02    9.975303131381135779e-01    -1.539861252088990749e-03    1.673604601513424550e-04    9.603387389200976620e-27    2.408304043323753778e-05    1.273298749078810406e-05    3.620361748555980081e-07    1.054381854222931499e-07
2.900002393744703113e+02    1.002780449554092179e+00    -3.341189537987711289e-03    -1.455216493092385290e-04    5.178904007927140297e-04    2.354663875745154213e-05    1.416425535864931440e-05    -3.589019211283742468e-07    1.073063532186932387e-14
2.900001220517372076e+02    1.000628007329844138e+00    -4.040590333287786412e-03    5.764072825090384329e-04    2.417427987353827512e-17    2.148998558987779146e-05    1.230594036225836440e-05    -8.747831913518472791e-08    8.429236512921712460e-10
2.899999774360065885e+02    9.999398474790471836e-01    1.045845095005359590e-03    -2.209747838711310117e-04    1.866979039238921926e-27    2.275185755124119568e-05    1.257559879005834658e-05    -2.119177104141927442e-07    2.349247031780613698e-02
2.900007064526533327e+02    1.000613859309330556e+00    -9.489023969388353519e-03    -2.764270305574120031e-04    9.980870333791956074e-04    2.094711884242124653e-05    1.276241804488756327e-05    -8.345587719700220967e-07    1.190054606219718980e-01
2.899998996033828575e+02    9.991959776501150303e-01    4.001052299033938837e-03    -1.706749404851483636e-04    2.269821695580689995e-22    2.338006861610491738e-05    1.325589181015651066e-05    2.565684570445946320e-07    4.633636449249192397e-10
2.900008962187413317e+02    9.989704959282675878e-01    -1.919738299711438545e-04    3.728913262828971085e-04    4.682849426671092068e-19    2.142002311901601105e-05    1.254243145071259264e-05    -6.375957389513821552e-07    9.640303082746895513e-02
2.899997902878012042e+02    1.000744289016022970e+00    -5.119044651653696827e-03    -4.020191088462333378e-04    1.092479685269319492e-17    2.312322800968713877e-05    1.290188881493620049e-05    1.810741428113065100e-07    4.470253556684615523e-10
2.900010766838271365e+02    9.985356511836982474e-01    -3.269863201684048391e-03    -1.919484434534452963e-05    6.601100196874288430e-21    2.325003370954204047e-05    1.310186486303854338e-05    -1.212695191844031352e-06    1.571267258896940078e-01
2.900005004284672623e+02    1.003862359860999476e+00    5.352774812127529536e-03    1.662825681944519833e-04    2.460076787549877293e-11    2.257186364074324184e-05    1.218496936533180648e-05    -5.625355951185288826e-07    6.969053665111564488e-02
2.900002203703550094e+02    9.977622125333307501e-01    -2.419259238191468712e-03    2.726883597708818977e-05    3.116068991515233625e-18    2.233148262007023051e-05    1.301719224436471194e-05    -1.622814761009789606e-06    9.323473219173142128e-09
2.900000639578603909e+02    9.989340566620841244e-01    -4.440930104263398313e-03    1.155981220602832676e-04    5.630286852389721495e-04    2.164238658875384125e-05    1.237738538361657846e-05    6.977337292739997257e-09    1.587241163766091485e-12
2.900003226986714822e+02    1.002151592367098054e+00    5.991369486298477043e-03    -2.971021793352687852e-05    1.626222241823214098e-03    2.270363288393710023e-05    1.259115821376965286e-05    -7.745221499859012889e-07    9.503878696805104698e-14
2.900003684931220391e+02    9.969022883883971176e-01    -4.080132328129643451e-03    -8.614368403578833073e-05    1.815179748371042047e-04    2.154263360520766287e-05    1.269112262271001820e-05    -8.455309112438689357e-07    2.145666040145679382e-02
2.899999844434764213e+02    9.999232499428736265e-01    -6.312103924128890063e-03    5.565313261296232273e-05    3.231851738286489880e-04    2.371491689606193424e-05    1.309693056333104073e-05    4.021800099692723466e-07    9.833405395397778461e-09
2.899998529225086372e+02    9.989173975388898619e-01    3.175095125881908045e-04    3.331841595300219375e-04    5.195871044735074264e-30    2.318281126404980679e-05    1.342134486367961132e-05    1.143611779789050924e-07    5.105520572477883446e-09
2.900003672863913948e+02    9.976401419656828473e-01    -2.917206594915599735e-04    6.732753438303947999e-04    2.051457621986305837e-28    2.150449785135603636e-05    1.311533941924603975e-05    1.048085140848991906e-07    3.542658428567209417e-02
2.900003047572200785e+02    9.984625464858510879e-01    1.383271294385323737e-02    -5.422049129044184158e-04    7.769200523390137197e-04    2.251412945948538669e-05    1.280741274920487690e-05    -3.718059820109903998e-08    5.230310892586820942e-02
2.900003266444481369e+02    1.002690398013529993e+00    -4.439088393561795238e-04    -3.788571207274078019e-04    1.916433985315537541e-04    2.150607307745944536e-05    1.204255249205723205e-05    -7.619551432518943490e-07    2.180390826934492153e-11
2.900002695992151303e+02    1.000822528499526465e+00    2.005825786526391468e-03    -1.988282549986292148e-04    5.401082811723247200e-24    2.197922033993560185e-05    1.260173953934475633e-05    -6.844041454784906740e-08    8.746786219765143426e-10
2.900006160754129496e+02    1.002373796401436090e+00    4.254312685615028837e-03    -2.607604294801996989e-05    1.390571279700402263e-15    2.224946988624063485e-05    1.248719585006243611e-05    -1.009288280153870590e-06    2.035563445846859734e-02
2.900000448524345984e+02    1.002298073709970261e+00    8.689555370635329568e-03    -2.761096657054179030e-05    1.009199892639468961e-20    2.140400453440654204e-05    1.251873692550139279e-05    1.836697009738104859e-07    4.437816764486169308e-09
2.899997829531538400e+02    9.997916872460164139e-01    7.200811658975812823e-04    4.291165703107221530e-04    1.331991811183414388e-26    2.164617348967579023e-05    1.315917705595789646e-05    4.854557998067775095e-07    2.501973074575550987e-02
2.900001812881416186e+02    1.002977048965767670e+00    -1.792009576505939478e-02    -2.548413031440089271e-04    4.214309674836162604e-04    2.581081085804215732e-05    1.389551561168402672e-05    -6.107881835676960447e-07    1.291245481925109629e-13
2.900003926119975404e+02    1.002015800215635188e+00    -2.128702717125025706e-03    -1.818432123069623754e-04    1.473632937594913683e-19    2.429448968657158729e-05    1.365457109993622719e-05    -4.123856453170210133e-07    6.884781261497333093e-09
2.900000571778537051e+02    9.968106622996736332e-01    8.277477715876811054e-03    -3.207441170097310575e-06    4.170189764478250054e-04    2.428605975295459934e-05    1.276362840374303750e-05    1.805290778830924926e-07    2.738506375698750865e-12
2.900010813580191211e+02    1.002175785340457370e+00    1.888964994542032200e-03    3.259260329506502205e-04    1.485162443415040599e-18    2.266739868634184610e-05    1.251715188250168653e-05    9.169316818259771927e-07    2.270983271855639973e-01
2.900007981298959407e+02    1.000342002254365203e+00    -1.862466236964982751e-04    -3.926612112432416356e-04    1.865362025940519176e-04    2.305027434270978871e-05    1.294773212531752395e-05    3.744506372697937605e-07    1.779011103873373301e-01
2.900005263164933353e+02    9.995884204532062833e-01    2.999396660394705160e-03    -1.123227299811211229e-04    4.161966238767056540e-20    2.245630454745264182e-05    1.249288955773326243e-05    -6.725715789947909099e-07    5.612681171822682391e-02
2.899996989177421369e+02    9.992408888997106331e-01    1.263647138807094325e-02    -2.712294438363562323e-04    9.857430716914493244e-05    2.276840448216134658e-05    1.316414319078536478e-05    4.966719741804997833e-07    2.237870664969675364e-13
2.899999979104106274e+02    1.000237788426041829e+00    -6.947511584271303178e-03    -2.124123671197805443e-05    9.250560010424059053e-25    2.101179758532703367e-05    1.225332874038603074e-05    -4.464214185098156895e-07    1.141814232760138991e-10
2.900005617580998774e+02    1.001883934076277516e+00    1.733232301556909350e-03    -5.469757152214811072e-06    9.420059029899536643e-21    2.371612419958739706e-05    1.336855069245930834e-05    -6.456267486625382134e-08    1.104060247423705038e-01
2.899998622303536422e+02    9.985423732960538867e-01    3.353519816694507279e-03    3.197998642878131987e-04    4.273942098083221723e-05    2.189546538408664432e-05    1.244196194533962715e-05    -3.503111932144537120e-07    3.088130131251622417e-17
2.899999093072445362e+02    1.000668124667980496e+00    1.738316446212116251e-03    1.990749719989207351e-04    6.750380840586851867e-19    1.976640742062089166e-05    1.241975935374072726e-05    -3.838796532839500266e-08    9.474956829829783876e-11
2.899999719565429928e+02    1.000787220804646882e+00    -3.017053927766618314e-03    2.590214004904226302e-04    4.387357958084909843e-04    2.352561679299265278e-05    1.296551039886201317e-05    2.289190022797705295e-07    1.070947972081756517e-12
2.900002886773607429e+02    9.974977338743968858e-01    1.281175412915669040e-02    8.551957087769969195e-05    1.276916732200452081e-03    2.051727451554572558e-05    1.174692161655504522e-05    -2.504754782476262818e-07    1.209076641438548201e-12
2.900001838546729687e+02    1.000930473651338914e+00    3.237274819646398984e-03    -2.300932896007625678e-04    2.714931826816867151e-19    2.105045683625473500e-05    1.147145672465802635e-05    3.631297381495053906e-07    9.035077039504946228e-02
2.899999351936821199e+02    1.000430387610265592e+00    1.989095019638204009e-03    3.361394230526724037e-05    3.068398558185622074e-23    2.166163141233245479e-05    1.224760758486415131e-05    9.484730040842474986e-07    1.234016037996073058e-12
2.900002960184139056e+02    9.970850952723490090e-01    -1.016149261797607423e-02    -1.402508788593622054e-04    1.089301498142425080e-03    1.974874763112892265e-05    1.244126129695860836e-05    -4.780749282563493612e-07    6.259418480868211843e-02
2.900003223770723935e+02    1.001316126806400808e+00    -4.506405299955944417e-03    6.193023884862893286e-06    1.313998184592617964e-17    2.317345971011053091e-05    1.336839340767524291e-05    1.258205460025369891e-06    1.146882562255748805e-01
2.900001678496711861e+02    9.997140754885073255e-01    8.911722419777319201e-03    4.835900155367580202e-04    6.000453619963198110e-18    2.357421842131103153e-05    1.257428225772381120e-05    -5.955977967609955874e-07    4.274980515738682069e-02
2.899994895684866378e+02    1.000575805352836634e+00    -1.000246183327290189e-03    -1.401399474041677932e-04    8.235329383823136414e-05    2.372496168717008199e-05    1.330189746198060800e-05    5.056141817214180259e-07    6.945289255652069581e-09
2.899999013002015431e+02    9.993325413355287345e-01    8.726245074290627998e-03    3.808481052092796935e-04    1.389039222109057390e-03    2.099266345575950298e-05    1.278913163119889196e-05    1.073153691899946850e-07    2.707857271088418966e-14
2.900001477956995473e+02    1.006574718428190351e+00    -5.727025182775092108e-03    1.990276214724095625e-04    3.715609243347630994e-34    2.181058191788070628e-05    1.273711614616193608e-05    -7.645879502307804207e-08    1.319308235776811933e-08
2.900007982935480300e+02    9.971076686067481543e-01    -1.483305149428792123e-03    -4.337766799132572893e-04    2.104898553546815168e-04    2.085748706332968467e-05    1.218058696055318200e-05    -1.699518243773568661e-07    1.316096671751591507e-01
2.900001621675723413e+02    1.000051583379835352e+00    -8.555413931416617221e-04    2.321443179809483403e-04    2.232877599753164749e-04    2.194700925796649944e-05    1.248439329350197584e-05    5.652488126054725321e-07    4.999391191517717214e-02
2.899997318110483207e+02    9.997891266509392194e-01    -1.483155698414491928e-03    3.506011553563432681e-04    1.746023198387040712e-03    2.292920834649697645e-05    1.240987333877344360e-05    9.934893213747917599e-07    1.340313968891350092e-09
2.899999440469374576e+02    1.002139709967867942e+00    -6.198079178249212701e-03    -4.838983115796448103e-04    1.849026377857148462e-25    2.413599211431988179e-05    1.361172241201094624e-05    1.044180512929477551e-06    5.975310151202734704e-02
2.899997307912929045e+02    1.000975651765887653e+00    3.717063438251994641e-03    8.697831456070080354e-05    4.900020714421918862e-05    2.308151353197044147e-05    1.364347035179081328e-05    7.474371607527849107e-07    2.090006111724396274e-11
2.900000437757556710e+02    1.005034745836071775e+00    6.531062366319098124e-03    2.367451603914718164e-04    1.073567762885491456e-20    2.473717278866717064e-05    1.334139566075841361e-05    -3.355175375724441772e-07    7.398612021695869827e-09
2.900002579669383636e+02    1.002659322679928522e+00    -5.251556353810035846e-04    2.600319138030790815e-04    4.193581764173707213e-04    1.993388789901600648e-05    1.147708123696150765e-05    2.360278370806152675e-07    2.779750487217833692e-16
2.900000702102547052e+02    1.002686455971311119e+00    3.517079025524181071e-03    -3.084712309854536322e-04    1.282696703428897432e-03    2.492319092227761969e-05    1.431345647409302510e-05    6.590308179997828901e-07    6.181834016343815130e-02
2.900003866597797355e+02    9.974915922962277470e-01    -2.910484445822905577e-03    2.591558769451236767e-04    1.324844762825421471e-04    2.025595535023912559e-05    1.200486530830081949e-05    -5.301184650980476390e-07    1.588477255077688777e-02
2.899999476459229300e+02    9.996520029919873096e-01    -4.907087075371430532e-03    -5.075550780155942306e-04    9.396284790297127843e-04    2.332460534867344262e-05    1.263760793359631099e-05    3.375852075440593982e-07    9.120873460424288801e-03
2.900000991563258026e+02    1.001558892773480425e+00    -1.387834383024208126e-02    6.232847191463432692e-05    5.177081146244551886e-04    2.435059482792928178e-05    1.327885177979896523e-05    -2.525706619209822654e-07    8.068699900344126606e-12
2.900002266338369168e+02    1.003089175304898939e+00    -2.215941101355227514e-03    2.771721809508405831e-04    1.506670883681552730e-03    2.142590468183583227e-05    1.246788028904730981e-05    -3.773834510583026343e-07    5.634560151674398998e-02
2.900001862457806396e+02    1.001201982811143365e+00    9.070445991469970690e-04    4.344614080671635421e-05    6.750050871119505800e-04    2.789651090394994651e-05    1.348813493917205302e-05    9.826144554946794665e-07    1.036079873709434840e-11
2.900002739479904790e+02    1.001278670575747265e+00    1.157380065446125990e-02    3.026157664639257498e-04    8.076136766270186227e-04    2.116961445030858283e-05    1.195948722630577429e-05    -6.247564117206401680e-07    1.968384508155312592e-10
2.900005802501645462e+02    9.980151924820727105e-01    4.626207182467857899e-03    -4.475326207875828893e-05    2.754472265324270364e-03    2.113612884559738130e-05    1.236293168455440762e-05    -4.901230726424494209e-07    6.491076397876438531e-02
2.900001574754401759e+02    1.001307539934817026e+00    -6.380047339839261568e-03    -8.961657231146271058e-05    3.497351800337061859e-23    1.963264421724493278e-05    1.139268317010534626e-05    4.978117400824954447e-07    3.775661461683250952e-02
2.900003780449231954e+02    1.002169555229866393e+00    -1.038355953708031305e-02    1.451008186684276215e-04    2.321948368653570127e-22    2.352745347609948217e-05    1.363945102788551867e-05    6.997771828627573779e-08    5.734502444699684370e-02
2.899998536649106882e+02    1.002444922237806013e+00    -2.258686264315972955e-03    1.698731980076416599e-04    6.497275953384423980e-04    1.986228898284229171e-05    1.151543201208507554e-05    2.256362358333092682e-07    3.138996873902550792e-11
2.900003404737717005e+02    9.978237780514201960e-01    -1.297356967252926915e-02    -2.658727121355148964e-04    5.921414415000839941e-31    2.444120575781195425e-05    1.316442876762385964e-05    -1.327318823431210466e-06    1.607134583487068529e-10
2.900003374350984586e+02    9.992232196960464385e-01    -2.416588041453641630e-03    4.884154283492605402e-04    5.539759544724440626e-19    2.274216900899680695e-05    1.272766859298169903e-05    4.998756152332063041e-07    3.657046487872728929e-02
2.900002146111345951e+02    9.995626962858793485e-01    -7.610893573858511577e-03    -2.955262819588432661e-04    1.325472513636532894e-03    2.261525698710698540e-05    1.256896470501680560e-05    -2.926891313104033563e-07    4.314291522353490976e-02
2.900002398604778477e+02    9.985250096301392375e-01    1.181166204345292930e-02    2.411775685693839824e-04    2.367988987124944516e-32    2.461584412803249542e-05    1.272170463216142539e-05    -1.328699389273025281e-06    2.666953923118100194e-13
2.899996212438340990e+02    1.001655148351105806e+00    4.170045904786235345e-03    -7.430706257401967446e-05    1.112942199465423356e-03    2.033297263285006512e-05    1.218836288676428916e-05    4.880435569797808540e-07    2.571207246167815539e-13
2.900001512139199349e+02    9.983296392215011972e-01    -8.771180867061182784e-04    -2.260057242430184781e-05    1.570434005328078741e-21    2.191302377125189916e-05    1.234666253208654381e-05    4.751430516905525518e-08    1.158799239262742704e-10
2.900000781714590516e+02    9.999592864020828697e-01    -1.541135919599028120e-03    1.456324124361841948e-04    3.995756949007432654e-23    2.351929390224602196e-05    1.224478022043441428e-05    -7.787939102750056012e-08    1.190926263211011770e-10
2.900004744155433514e+02    1.000283822086717178e+00    1.683744284408106263e-03    -2.241897044723028848e-04    2.216966954791950700e-03    2.230132529594378889e-05    1.244499617900895237e-05    -4.778605171279638496e-08    7.987473900919166148e-02
2.900007059148206849e+02    9.999533633951741551e-01    -1.592865039074667713e-03    -4.655169139071907219e-04    3.613564787689918871e-16    2.371853167675783543e-05    1.334498441323130291e-05    1.369785861756894884e-07    1.550480528852269391e-01
2.900004875079937960e+02    1.000279663229366234e+00    4.037560734130694537e-03    -8.497317300318079269e-05    4.848685971799926532e-32    2.289813315658154887e-05    1.264390041675810042e-05    -8.199729604784170666e-07    4.891526085349596921e-11
2.900000009136114159e+02    1.000719742951628577e+00    -5.209939174812197073e-03    -4.921498208835624257e-05    2.401038530136725526e-24    2.270562620471162341e-05    1.304423550530991742e-05    -3.772601539944945579e-07    3.905376012699454113e-12
2.899997131673063109e+02    1.000461170389288057e+00    4.382493072872724891e-04    -1.098130719731007416e-05    8.598921611826697900e-28    2.367432463466598205e-05    1.274049689948575064e-05    4.683638643549454845e-07    1.017166805956701637e-11
2.900000986684571558e+02    1.001860692605542447e+00    -3.566343892267641313e-03    8.128543695234369758e-05    4.555010988503692193e-25    2.122094929513404737e-05    1.245256193368540200e-05    6.178077967823701048e-08    1.096556421992493182e-10
2.900003018366977585e+02    9.983935325455620680e-01    -1.991896062019390436e-03    -4.015467953534838865e-04    2.602042312919703722e-29    2.082033761691056426e-05    1.257185963596267589e-05    2.259956474094090580e-07    5.611763342665476717e-02
2.900001075747335335e+02    9.966405061841432378e-01    1.386056974203937883e-03    -4.039551924325596372e-04    3.931805350461949847e-04    2.269423336666147136e-05    1.284504891012932374e-05    3.225822176989359227e-07    2.403964837668782703e-02
2.900004450763414638e+02    9.982541298661878892e-01    -4.240928443322854700e-03    -1.023015873734155532e-04    1.340415166093786910e-03    2.267489709810868259e-05    1.231726067692404929e-05    -9.452817144171705311e-07    5.151227666814273896e-13
2.900003290113444905e+02    9.989923172050263478e-01    3.531819004154434236e-04    -3.456518203657083497e-04    1.822474516616911164e-30    2.273355685683802274e-05    1.361075138213835120e-05    -1.392070109213523529e-07    8.725749721218204580e-10
2.900001368022479369e+02    9.967846968595592827e-01    -1.081678114447397123e-04    -1.350019265581041308e-04    8.806563162907676443e-05    2.138048883093336851e-05    1.194024736554695143e-05    1.022923503110104124e-06    6.875244260912757865e-02
2.900001658960296709e+02    9.989604997890306759e-01    -2.095025520566634863e-03    6.345286956955603847e-04    1.433739697725906629e-03    2.268037728300438468e-05    1.268969749734861372e-05    1.002024212197539943e-07    3.078408256686518407e-02
2.900000240714505253e+02    9.996954622537660429e-01    -1.235384559945182023e-02    9.811495289900715351e-05    1.285900563308297554e-03    2.418628321961389751e-05    1.268719820857197394e-05    -4.281079426963938939e-07    2.304565820029543140e-03
