# f_r [MHz] A m phi D delta_r delta_ere delta_eim a
2.900007483589909043e+02    9.980819611506324129e-01    -6.275884304792653592e-03    6.228287453205113297e-04    2.726226634944041305e-19    2.405782406710457345e-05    1.559761096486038211e-05    -3.060423626251000958e-07    1.270621374875273712e-01
2.900001866082381525e+02    1.000370096715909707e+00    1.641474687384739161e-03    1.058738833393654881e-04    1.309780998698471550e-03    2.325282174748575536e-05    1.454363403428843968e-05    -4.275575572178211172e-07    6.282555627886211949e-10
2.900000808012879361e+02    9.984410070707365747e-01    -4.857187557401777302e-03    -1.521132552909581852e-04    2.831636313446746862e-04    2.450311098342625472e-05    1.583797554560187486e-05    1.478462316063497563e-07    3.682492907900397107e-03
2.900001390685138745e+02    1.002311866814146635e+00    3.370538138229548213e-03    3.392743825934860718e-05    3.890107714559546648e-18    2.568120510016169789e-05    1.600978325393037139e-05    -5.436934619076044601e-07    2.395493607784244486e-08
2.899999848698424785e+02    1.000076332966490344e+00    2.585095818042153475e-03    6.034086923908166039e-04    9.294078379734579902e-19    2.532318166774552172e-05    1.582838333426690500e-05    4.016285215894517224e-07    1.931230413048839328e-02
2.899998077084932220e+02    1.002576576549983223e+00    8.223604147896194233e-03    3.180580485568019404e-04    2.668609554000546763e-24    2.277961811457142858e-05    1.462421367700583357e-05    1.084438981440725851e-06    8.664263928183711504e-10
2.900004943127810293e+02    9.982148085734842136e-01    2.369626465251702726e-03    -4.311356676000032583e-05    2.582371247281245582e-04    2.491595159512764515e-05    1.562740812558124440e-05    -1.015507470030012336e-06    4.434992316647229371e-02
2.900000166940527038e+02    1.000077178390112342e+00    2.015836909511040456e-02    -2.243299650791519284e-04    1.176978664019501609e-26    2.564735930591938517e-05    1.649418846685732595e-05    4.605919562022246413e-07    1.138847107667034439e-02
2.900006940879510466e+02    9.993751877685643770e-01    1.781861728488867702e-02    -5.322694092942762420e-04    7.258372811774241911e-23    2.572691764908289835e-05    1.513937818922661077e-05    4.662245505301242948e-07    1.650383965476789616e-01
2.900001140842582572e+02    9.994060361779216750e-01    -6.686261199888948042e-03    1.318028285100430249e-05    1.325299028473550549e-25    2.689697660492479606e-05    1.593223011696139773e-05    2.334966927716913096e-07    4.418690328713762056e-10
2.900001758573741881e+02    9.965194852473033826e-01    -3.154068931890944508e-03    8.013561799447504281e-05    1.473014245909931444e-03    2.442556818511377651e-05    1.577538689694752460e-05    -5.593231667666738646e-08    3.858700212047241201e-02
2.900005061684277621e+02    1.001556234787815525e+00    4.784967772591778093e-03    4.478926910557563747e-04    5.688479810561973534e-26    2.532883155419101310e-05    1.580816360685707454e-05    3.274267909492672203e-08    1.302056608551255788e-02
2.899999918445484468e+02    1.001212888467547080e+00    2.913115813708348507e-03    -5.387853357854102861e-04    8.363496159172417484e-19    2.424676147841311905e-05    1.617788777838959457e-05    -1.443682839780391197e-08    4.269530307725600913e-09
2.900005698785521986e+02    1.000756623449546634e+00    -1.029590460091071727e-03    1.921666131934737700e-04    5.773362427726288481e-12    2.551724750700972637e-05    1.631896361927311922e-05    9.446535955705916975e-08    8.339451444557045845e-02
2.900001017391064693e+02    9.983710079089020972e-01    2.281327772991058843e-03    8.827589226962350712e-05    9.729065587915641800e-04    2.699073545622035272e-05    1.541362144201537001e-05    -7.694006259372411470e-07    3.479885074975394652e-03
2.900007550939924386e+02    1.003958513054890922e+00    -8.178845539455298699e-03    3.175026561752955739e-05    8.152934269891674683e-04    2.623622926846121148e-05    1.614381936674743592e-05    5.639652282776007427e-07    2.007793351277384619e-01
2.900005654896809801e+02    1.000751020354961884e+00    9.520731674351888725e-04    1.477784223890308059e-05    4.188568043748075331e-25    2.445439316649804945e-05    1.539446926202034345e-05    -3.415830555180598922e-07    1.233045762503231918e-01
2.900003203218183216e+02    9.997663099059099778e-01    4.255641227784721752e-03    4.742682150562029414e-05    3.131062920273311739e-21    2.562078003852817014e-05    1.641720945443694439e-05    -5.201740634618210505e-07    6.820040191543468331e-10
2.900000785323881587e+02    9.995206980008169984e-01    -4.020033327280079886e-03    -4.755709048507709459e-04    4.014679457255000012e-25    2.700222001231120220e-05    1.630082135800154037e-05    1.222779132343282835e-07    4.483246816959565415e-10
2.899999435185790162e+02    1.001662795652452864e+00    6.766826501120214860e-03    6.034020112400377843e-05    4.499246746930288702e-12    2.768642645930216641e-05    1.683596063264976549e-05    -7.222112751610345945e-07    3.349997119440776411e-02
2.900006272364796587e+02    9.997760879366478504e-01    -1.779898287116685055e-03    -2.986351018119820793e-04    1.965881367105146681e-03    2.571904804760251324e-05    1.556816797729449945e-05    -3.537251044043908463e-07    9.591781893530673675e-02
2.900003020487138201e+02    1.000471178353592672e+00    1.191086250574592727e-02    5.012124211283854307e-04    9.573827346146511225e-04    2.559629291038863222e-05    1.585938028820963282e-05    -1.391641079542801883e-07    9.792640455233250774e-02
2.900002218912940180e+02    9.974386480018068157e-01    3.208432794497026105e-03    -4.054946128615193637e-05    7.198468422629596868e-04    2.667396947797522465e-05    1.626491860154863334e-05    1.281016154356044784e-07    9.815429070038987625e-02
2.900002981649171261e+02    9.982032315314869342e-01    4.056583474852952856e-03    -7.408863224796488406e-04    3.044027936657694420e-23    2.426903540487781514e-05    1.555329536051454787e-05    5.053150676571936735e-07    1.002348986256089702e-01
2.899999131190780872e+02    1.002970393851780662e+00    2.416068008624653891e-03    2.676932702911641250e-04    9.716679274982740989e-04    2.663171659808614048e-05    1.592028255473223615e-05    -6.253851322662995754e-07    4.488603077679138884e-12
2.900000133899270622e+02    1.000664783959501536e+00    1.055618377767678084e-02    2.547578641494232837e-04    7.993536906097509631e-24    2.534575861068341166e-05    1.525175784862669152e-05    -1.850887375223993078e-07    2.054650140967518272e-08
2.900006897988295691e+02    9.985725801949012492e-01    -8.021420868033290292e-05    -2.778803419938692481e-04    1.688626241685867036e-22    2.574493129751362396e-05    1.515193044406882528e-05    -2.183399966039835138e-08    1.068311957207583179e-01
2.900009324265020609e+02    1.000394892457251439e+00    1.597684107117300356e-02    -3.850155486951311592e-04    9.901801595163001933e-23    2.721931010545961631e-05    1.628948130948764991e-05    1.239446711770686776e-07    1.334147385607196423e-01
2.900002394648638528e+02    9.986032322133784334e-01    -2.100592801452962240e-03    -6.660406082600184297e-04    5.304669541768073233e-30    2.537639117249721130e-05    1.524813669149681444e-05    -9.594603545423715317e-08    1.478996482521948365e-11
2.900000117379713060e+02    9.968582081161778685e-01    7.964879679809614647e-04    4.522795982719849425e-04    1.889736268017433689e-22    2.584599125841258277e-05    1.609617578810943072e-05    -6.082034767754478267e-07    7.439682017270244675e-03
2.899999497502400345e+02    9.988471763951871640e-01    3.813221113217976545e-03    2.399272100713426608e-05    1.152478295598931800e-03    2.560235769448874048e-05    1.593799981505365147e-05    -4.451808394998768043e-07    8.953025596268917793e-03
2.900005763070327021e+02    9.974738643009541939e-01    -2.287481433923135334e-03    2.140473435260730517e-05    1.528256673284585351e-29    2.479603395790631900e-05    1.529445061363356810e-05    -8.897784259255064685e-08    2.022719210324875824e-09
2.899999726025340010e+02    9.988808730760254662e-01    -5.191301132396232594e-03    5.161553980230822603e-05    2.264183522991291207e-21    3.030369136731600490e-05    1.775490636703296393e-05    -1.961131088839892514e-08    2.936619734951750448e-10
2.900000863183605020e+02    9.980432097355769194e-01    -9.839426214615113950e-04    -2.603911940381808217e-04    2.380926876181819134e-23    2.748086968899272507e-05    1.604694684944024501e-05    2.484974727857258903e-07    2.397430434671649039e-10
2.900005088354051850e+02    1.001244330589140308e+00    -5.136431326041564736e-03    2.612436582180552346e-04    1.316313947516322286e-15    2.621669440860434626e-05    1.531016828792231154e-05    1.640875892669844283e-06    1.751854827865753084e-01
2.900002309736777875e+02    1.001631816200609482e+00    -9.027265550929865559e-03    1.756883255492217651e-04    5.152834690252159971e-05    2.805666957898468914e-05    1.626374341748764457e-05    -1.094090703443486209e-06    4.239990952331325683e-09
2.900000453478996860e+02    9.987245541392406611e-01    -7.919308003089381084e-03    -2.672488560346065559e-05    1.730492525444503559e-24    2.419647757605484061e-05    1.537586428192540039e-05    6.980779362175948152e-08    1.073873843305323439e-10
2.899998398806360456e+02    9.972141127262734717e-01    7.355222748030263401e-03    4.634157126839321132e-04    1.852996438117342217e-16    2.755940057362557470e-05    1.670893484373615093e-05    5.601652844700838154e-07    7.863400138736973126e-09
2.900004192739446580e+02    1.001855473721868117e+00    9.135736000845213426e-04    -2.651929869601359914e-04    6.367831622386036102e-25    2.383914127613650399e-05    1.571999246457254348e-05    3.440359189674181051e-07    6.856822953917991736e-02
2.900001994514460080e+02    9.992883455658718717e-01    7.992138147902021553e-03    5.792412824760345805e-05    4.896653128097758255e-04    2.583840989163348176e-05    1.531261290178368911e-05    8.624755400995677689e-07    3.324990433437376852e-02
2.900001217505648015e+02    9.984148822915999144e-01    -2.570142485917684214e-03    5.420349733012681890e-04    1.693594624819161063e-22    2.448940432791282096e-05    1.481088329468610230e-05    4.936735499779239254e-08    2.689751831219348002e-10
2.900000496237324228e+02    1.003908912781383167e+00    5.480182873181079634e-03    4.196352067423865192e-04    7.555293752754755265e-04    2.571488941900697861e-05    1.569070876704830089e-05    -5.430634791090768937e-07    1.517232493174971760e-12
2.900001671779199341e+02    9.996713823307985525e-01    7.401499153976463276e-03    -1.464991520148505445e-04    2.031278586380704986e-20    2.456903705769983282e-05    1.578509521668595129e-05    -1.662479357332210377e-08    2.920895303805956790e-08
2.900008153101907169e+02    1.001759372280002225e+00    -1.852041118803775211e-03    4.658361501907354622e-04    7.777910012897726582e-04    2.553604414243650255e-05    1.550036363606485697e-05    -2.184190747592377133e-07    8.724534222479940482e-02
2.899998778967610633e+02    1.000163685440923489e+00    -1.971032504076111747e-03    2.253391898911925515e-04    1.628752464126310322e-03    2.488185965781229637e-05    1.548970427293922946e-05    9.182768424605122460e-07    1.067735777185629320e-12
2.900001951699098299e+02    9.972975989914300010e-01    8.901938182973605966e-04    -2.378491739624338466e-05    1.997145993889969649e-04    2.523643186540489803e-05    1.614267457740406017e-05    -7.519157888325181309e-07    4.950834938543960742e-10
2.900001690556811127e+02    1.002082758562204079e+00    -3.570222037578599152e-03    2.493063633582655965e-04    7.984288793421015279e-04    2.741336121196901669e-05    1.667585930444025178e-05    -3.791343188576799670e-07    2.765706516919311561e-11
2.900005207269855418e+02    9.983935077521071122e-01    4.764477447801580140e-03    8.172521013540706182e-05    2.631526461571076416e-04    2.496698619651136427e-05    1.613320918235417711e-05    -9.277229924716035921e-07    3.445743256212172034e-02
2.900003066264554263e+02    1.000653346654539755e+00    2.720726866064303306e-03    -1.726601865329247573e-04    2.535373765717202534e-05    2.573314581791168933e-05    1.637167421772001046e-05    4.622488521662270574e-07    9.712135246738830274e-02
2.900005705992711000e+02    9.995547209095868579e-01    -4.611535402391649455e-03    1.301293629048532363e-04    1.522438087139731495e-20    2.689421448765299768e-05    1.613924584458568544e-05    -6.767232135864634269e-07    1.019427188587840317e-09
2.900001404872028274e+02    1.003088638307765734e+00    -8.742479887539563593e-03    2.264375661886773637e-04    1.785708110922280778e-19    2.719252598563752171e-05    1.574530901367945449e-05    -7.130315482212046428e-07    2.577913562511152816e-09
2.899993681040634783e+02    1.002038577656705121e+00    -3.977473135303638538e-06    5.526469616363264030e-04    4.619960553672395103e-20    2.542388528259603378e-05    1.640093575437352613e-05    9.491000198862683717e-07    1.291692735689967061e-09
2.900001854156265040e+02    1.000405209932675898e+00    -7.163603193546976347e-03    -5.526367572160696988e-04    1.914361474788387740e-05    2.669928950506624460e-05    1.646995105487806101e-05    4.403845378997035441e-07    5.039270777732548362e-02
2.900002047573551067e+02    1.000109374482705649e+00    -3.533144797651300260e-03    -2.363516615121884115e-04    5.400954063198925388e-04    2.655712922904125925e-05    1.575497764846572513e-05    6.988805113829374771e-07    6.133055616887796158e-02
2.900009777951350998e+02    1.003601155793801158e+00    -7.139464547686959033e-03    -3.463079879907553595e-04    1.615033210432627146e-03    2.616535527182956488e-05    1.548429759864208580e-05    -8.613195022600160657e-07    1.096636603884837274e-01
2.899998431672248103e+02    1.001313607111639747e+00    6.421460882356278682e-03    -3.189322974596373408e-04    5.038351417694276487e-05    2.401065829336069177e-05    1.434080764575063687e-05    -6.183925011023279199e-07    1.519368976321708537e-08
2.900005636782028660e+02    1.001677205148553851e+00    7.205716582848535091e-03    -1.286304815958908725e-04    1.635220174493647179e-04    2.611457963052030251e-05    1.478772797106408972e-05    2.944563536688342714e-07    1.012628800746457614e-01
2.900004195207044404e+02    9.949674970043330680e-01    -1.201195647618485485e-03    -8.045719349537714315e-05    5.040210530339688498e-05    2.608979579665733151e-05    1.512677724224604357e-05    -1.141342782848673605e-06    6.870538345063806340e-15
2.899997458642340575e+02    1.000668365352142875e+00    1.074601864474826821e-02    1.659428845879347262e-04    6.675432917271514844e-04    2.557883667094943927e-05    1.580594066207498196e-05    3.849935651761278189e-07    4.655679731423518347e-03
2.900000339002009468e+02    9.978581958362378046e-01    -1.098200982323317872e-03    -2.149631759298188986e-04    5.487415131784416323e-04    2.506548159645590249e-05    1.483610267040866362e-05    -3.699655715588464490e-07    1.222554699809034855e-02
2.900000400307873747e+02    1.003029788711030657e+00    -1.064840967605053864e-03    -7.281529278411399015e-06    9.427522859245944823e-04    2.694591397767424838e-05    1.697334028123576028e-05    4.802181322413092790e-08    9.092637312357210755e-14
2.900005740324022554e+02    1.001236028024395042e+00    1.765262113608163583e-02    -5.389528408826326075e-04    1.906653625334075281e-04    2.678242936329162360e-05    1.684770210157382624e-05    -6.520706835937616565e-07    7.039280562516822548e-02
2.899998657384630292e+02    9.992940098388691794e-01    1.240516415322045736e-03    4.473786421082797532e-04    6.790947525946909879e-21    2.557494412940187903e-05    1.520770516917663740e-05    1.317634854531813983e-06    3.046272735070908352e-09
2.899998437335042354e+02    1.001241152726272787e+00    -4.170197653070839539e-04    -3.079752580054507491e-05    3.507240057713306366e-04    2.475358004132669845e-05    1.520148514977600529e-05    2.340836313148641214e-07    2.169046450968287881e-10
2.900004091609647503e+02    1.000836274917564106e+00    8.272922281669109089e-04    1.946535502044946303e-04    1.087783887532802612e-03    2.465450980930402672e-05    1.635811765829313399e-05    -9.780154979857119237e-07    4.535579534341222051e-11
2.900000935334333576e+02    1.001545009953192400e+00    4.301755304058929065e-03    -1.639594871546134493e-04    7.762114213807492624e-04    2.678121091855987303e-05    1.652875633017225667e-05    -1.751996563233920475e-08    1.791598283054744029e-02
2.900003691527976457e+02    9.996990833586120173e-01    -1.309706393175316674e-02    1.433676877883170069e-04    1.286799522593240770e-23    2.364058819083624430e-05    1.493402721983675614e-05    4.266346672199743420e-07    9.344016442535393874e-02
2.900007617627011882e+02    9.993783961880741140e-01    4.518144536549260730e-03    -3.226972950060328304e-04    4.437086267196830550e-04    2.763686615757372547e-05    1.602962179911764928e-05    -1.389629368511420726e-06    2.820148645933276410e-02
2.900002019167436060e+02    1.000021970167253915e+00    -1.600985039701636591e-03    -5.416794770016704645e-04    6.080159010219752920e-22    2.659053596749170296e-05    1.657716789654920672e-05    -8.441884133624892366e-07    6.280816811561294603e-10
2.899999124997908098e+02    9.999201180572093728e-01    -1.423010077168897561e-02    7.759663133169135418e-04    2.835731322781604125e-23    2.580094480405113375e-05    1.620908992692285218e-05    -4.044575688525617454e-08    9.773838625448294468e-10
2.899999499404026437e+02    1.001891634140487763e+00    3.047665211255712325e-03    1.049364927086550165e-04    1.297477830633170853e-16    2.573556781467689289e-05    1.618791334778150296e-05    1.106312500043714657e-06    5.081258848856037846e-02
2.900004022514237931e+02    9.979860346282971584e-01    2.012984528686860564e-03    1.864965573208249587e-04    2.389645284275188042e-18    2.397087835945179156e-05    1.536136973146117005e-05    1.349153633848585854e-07    9.667799267150284370e-02
2.899998651740064588e+02    1.003379158361658918e+00    1.013626023106844500e-02    -3.402203249225512318e-04    1.265196632963592246e-03    2.408708697285786218e-05    1.508352860776322475e-05    -3.581490398337921106e-08    3.869424124560039840e-02
2.899997333023836745e+02    9.990122314221716593e-01    3.954382745435168663e-03    3.006271058223291778e-04    6.571688291889738586e-32    2.522701196232649226e-05    1.539887600036004346e-05    6.213577213201519229e-07    6.027074536415395929e-03
2.900002514430184988e+02    9.977078279170403796e-01    4.829345617169163510e-03    -4.867622079945157208e-04    2.281155350076677867e-04    2.666515810828163439e-05    1.562650937420821058e-05    -1.206338736403204103e-06    5.352804570271164127e-12
2.899999362202369184e+02    1.002084457022563102e+00    -7.387584524704218433e-03    -9.046426540860409075e-05    4.349530665000652073e-32    2.356766442258331390e-05    1.482885755396884993e-05    -3.942909301789928891e-07    1.671661678498567961e-09
2.899996558969647253e+02    1.000654254268005028e+00    -1.845493649373910897e-03    -5.712297925265182638e-06    4.630450577034838063e-25    2.514741101579682828e-05    1.491972493279973874e-05    1.199728999373541720e-06    1.160587550010716606e-10
2.900003029557190075e+02    1.002355958909146860e+00    -4.395256242848756892e-03    -4.009163534741717752e-04    6.079218906039345494e-04    2.426116511976900692e-05    1.435146830253326245e-05    -2.701551715720922839e-07    4.808563969824435069e-02
2.899998838989411638e+02    9.974244748994027798e-01    8.789579695287933619e-03    3.053578725315881292e-04    1.907882469886663624e-28    2.512752396082990855e-05    1.577750850069098158e-05    -1.160892623623540896e-07    6.310185267721191780e-13
2.900004240128087076e+02    1.001550692924015884e+00    7.324640152454227511e-03    -3.173892446791270095e-04    3.123931075733350404e-20    2.522904411716042384e-05    1.560116273492872117e-05    9.970332500228868951e-07    9.991905204966480825e-02
2.899999435784109210e+02    1.001164020057757842e+00    -6.057270694730799813e-03    -7.644105897580735212e-04    6.108851114926424058e-04    2.736602954101903678e-05    1.649130735415416696e-05    -1.965679199477148445e-07    7.326518481040246878e-04
2.900001452929305970e+02    1.000893671229712067e+00    7.821731499361434317e-03    -1.586063516544244237e-05    1.041804485447980983e-03    2.688272829492014424e-05    1.609605393677749887e-05    -4.629767517192442105e-07    4.880423729688206114e-13
2.900003590614077780e+02    9.985780362158902523e-01    -8.395734178251410560e-04    -3.880480527324904616e-04    2.698019531232631347e-20    2.500290944564092886e-05    1.546778221916476944e-05    -9.715125540955810463e-07    7.702736120422149640e-03
2.899999609759548207e+02    1.000452883724900488e+00    -2.047815317313322946e-04    -2.401757009033301366e-04    1.129935150000503571e-04    2.396246324826987168e-05    1.534854319214606794e-05    3.484763081048109126e-07    1.759163637261391557e-10
2.900010579421605144e+02    9.993692660467171640e-01    4.878051089825857257e-03    -8.249002393230842381e-05    6.823666566587228552e-22    2.730419042279717788e-05    1.653614702699236948e-05    -1.846825072717918172e-06    8.198175816414562944e-02
2.900000175415342483e+02    9.998721166589166209e-01    4.051601695201707126e-03    -2.019308103129178523e-04    6.119423910782714924e-24    2.742913908477336945e-05    1.721752347496296648e-05    -7.046508155599998372e-07    1.629055936507163550e-13
2.899998782175790666e+02    1.001008944292490543e+00    -1.966345664380503722e-03    3.547220968669237396e-04    4.853009376943020125e-04    2.454107210070172570e-05    1.546599254012011210e-05    1.114694977700148950e-06    3.044361116587619015e-02
2.900004701070971009e+02    9.993587244569642758e-01    9.119625160216804577e-04    -6.154665057241582588e-06    4.038488343541053996e-15    2.996547831635908371e-05    1.713771166989553927e-05    3.059393748776008882e-07    1.041202562834695339e-01
2.899996480760992768e+02    1.000762637924945908e+00    8.354643790928312566e-03    4.964165564399622074e-04    2.359861058107445657e-04    2.762636199232422100e-05    1.636640541447968584e-05    7.452162865983099537e-07    9.600689078693699729e-14
2.900001244171359644e+02    1.000247302378270975e+00    -2.546333807610006664e-03    2.069255835986654347e-04    2.334083861900912871e-03    2.566577643433726039e-05    1.633756797004120025e-05    7.364776985957611018e-08    3.251652854999070286e-12
2.899996488664762069e+02    1.003007361285899401e+00    -1.611245440557215573e-03    2.278050018512641829e-04    1.514474363771990502e-32    2.571591325914978217e-05    1.539141405718161677e-05    7.861710510203799359e-07    7.056465061688526295e-03
2.900001204638067520e+02    9.985459461374436296e-01    1.091545458166338044e-02    7.058318225527320888e-05    2.563112313079919191e-20    2.343161253696918525e-05    1.480531497243648205e-05    2.097502475862609155e-07    7.168298305819337231e-11
2.900004626453513197e+02    9.982735862976651608e-01    -2.877176452812461090e-03    -1.954680806360619208e-04    6.703184462012422296e-04    2.406263854989203050e-05    1.471758105940609420e-05    -1.808353235015315413e-07    1.077413916719178605e-01
2.900003832894064431e+02    1.001882051908955518e+00    2.029248599943133530e-02    -3.682428336232322899e-06    5.658600397870707447e-21    2.725960417185029641e-05    1.556680449145252657e-05    -2.040382399428397161e-07    3.577212392513950262e-02
2.899998158430713033e+02    9.982792298404167264e-01    -1.128319941501384170e-02    -1.569079061618066360e-04    2.416511499524902247e-30    2.594199599324300374e-05    1.484260925730459983e-05    2.882607300225109225e-07    5.929626756471381476e-12
2.900000788399361795e+02    9.957104772193188236e-01    -1.367118680777551314e-04    3.831897175785455137e-05    1.170108602626361136e-28    2.416091413888017526e-05    1.528318951345175488e-05    -1.075090728788515379e-07    2.031219194988467214e-11
2.900000782325855653e+02    9.995758356135503453e-01    -1.093124828929877002e-02    -1.296563345151055875e-05    6.098896840700382678e-25    2.673329999987482920e-05    1.595684738169192267e-05    -2.979480114604178634e-07    1.198914794007503606e-08
2.900005269403050079e+02    1.001308754504005805e+00    -1.101091682695078643e-02    -5.476271165571556035e-05    4.268649664577660546e-05    2.609263968643991675e-05    1.631483458732537273e-05    -8.421187410112235954e-08    9.517630834573510834e-02
2.900000526928974978e+02    1.001135546739037929e+00    -4.305236068774778019e-03    2.127919099354106736e-04    1.165013420999268983e-03    2.541468981223915367e-05    1.591518783095970167e-05    1.007565988961496500e-06    4.388694919336122435e-02
2.900002465845628308e+02    1.001550724428199812e+00    -1.882492664150244716e-03    -3.490905512850948108e-04    1.645928509038605215e-22    2.697713268908915013e-05    1.581629558876560785e-05    -8.137424141475269357e-07    6.777242277124734956e-09
2.900005592589109824e+02    9.976421089689235799e-01    4.725738287713002889e-03    -2.982068377497372274e-04    1.821570513585761488e-04    2.387327837129003867e-05    1.402730281401083501e-05    -7.948933840474511426e-07    3.552408089620199411e-02
