# f_r [MHz] A m phi D delta_r delta_ere delta_eim a
2.900000284082286726e+02    1.003110225655950316e+00    3.990561622109955672e-03    -8.160554023789733745e-06    2.644889773444504392e-04    3.260670354499646398e-05    2.419627326791188308e-05    -3.476970363997873400e-07    3.722053538764165732e-18
2.899996638057435803e+02    1.000508744020758956e+00    -2.215860423178722585e-03    -6.506005012464819142e-04    2.317371670816044567e-03    3.377133493964764427e-05    2.479465758780363389e-05    2.839103680164230861e-07    1.490224047525338545e-12
2.900003089666902270e+02    9.975126433755776567e-01    4.983363983564726395e-03    -6.474199087348896813e-05    3.515192844069334848e-13    3.495646801606488340e-05    2.563554805306887411e-05    2.923809160009177229e-07    4.733037021467337985e-02
2.899997860582824956e+02    1.000170567110723496e+00    2.971354959217228052e-03    1.782670384249274305e-04    6.493205479317862034e-04    3.591612365337685094e-05    2.468549639739864819e-05    1.313431172808444236e-06    1.266521723041532169e-02
2.900000911328355073e+02    1.002049674037105431e+00    5.755936591969715993e-03    1.837827633995988894e-04    4.042126489492728033e-12    3.466848595441123350e-05    2.474835123081586594e-05    8.434388459733375569e-08    1.879065846177917914e-02
2.900006538958386386e+02    9.976576733846771461e-01    -6.496778408131802587e-03    -2.985593873774991904e-05    5.453602454521641781e-04    3.632730988464964478e-05    2.422042242227633225e-05    -1.116179910094333395e-06    2.108316107006239296e-02
2.899996883901683873e+02    1.002607807840738108e+00    -2.203825143054643511e-04    2.625914447172688769e-04    1.019289281207666140e-03    3.537660086879059048e-05    2.459135136719375542e-05    1.155880771118577667e-06    2.777451730012639539e-11
2.900000588084948845e+02    9.994720907835953350e-01    4.289449258265096675e-03    1.731619927534867214e-04    1.336500886466861302e-03    3.249235490408000128e-05    2.438296004956470964e-05    -1.104371335283326361e-07    1.737397061407400592e-02
2.900006798611789236e+02    9.963929598272505128e-01    5.275469638633006365e-03    -1.168661646949624058e-05    7.756918952040655611e-13    3.272103171347499992e-05    2.474851578072355539e-05    -4.773619143702073854e-07    5.560584551322375613e-02
2.899997938964205559e+02    9.997790051608275164e-01    1.752854838544634641e-02    -3.065022330067134252e-04    2.497750078893016631e-22    3.496839066538835950e-05    2.489622617306994431e-05    4.830702418931602683e-07    1.717552760479960238e-08
2.900001326093634475e+02    9.989971723425395966e-01    -4.500760216893018653e-03    -4.584461527659776104e-05    7.237646334002570533e-04    3.446459432963432898e-05    2.369315910274080028e-05    1.957452558378701505e-07    1.141172244051492750e-02
2.899999972325570639e+02    1.003831946319735380e+00    -5.356421710102204567e-03    -2.823390164187176716e-04    7.067308972805353013e-08    3.403811431982707792e-05    2.391514325013959858e-05    5.889688711825369169e-07    1.108040146441476075e-08
2.899996149398106127e+02    1.001750912518902581e+00    -4.980431701223674186e-03    2.807324311505774881e-04    3.903124128377331015e-11    3.265849852784362471e-05    2.433845473819877314e-05    1.021793682162852734e-06    4.757035531713857107e-09
2.900002447241598702e+02    1.000753990933995974e+00    -2.137142947657725157e-03    1.011373968689714741e-04    3.029161311631949137e-04    3.563489718515017239e-05    2.532077051086549388e-05    -7.336470121726455595e-07    1.736058641004314352e-10
2.900002536325908977e+02    1.000029058549189998e+00    -3.256094899054895811e-03    -1.027494269830712162e-04    2.570589589713165369e-25    3.456362167015946389e-05    2.392771850768139475e-05    -6.688314289603268129e-07    4.874661711427879344e-12
2.900002014451952732e+02    1.002418404433037091e+00    1.043652264654241699e-02    -1.370032386618993687e-04    4.736202003041590646e-04    3.257938722786437138e-05    2.454242832095821628e-05    -1.854535504303771192e-07    3.045191411853866159e-03
2.899997229318169616e+02    9.972665492548250521e-01    7.856370562689091175e-03    9.815728803011714758e-05    2.797368063615122423e-11    3.452771714184362705e-05    2.385561680395686940e-05    1.498947914121515680e-06    1.478741642891127834e-10
2.900008824969224861e+02    1.000387861974429971e+00    -1.926996831980348269e-04    -3.140152858438908286e-04    4.674586253771508629e-14    3.494167598519082720e-05    2.484981311716109181e-05    -1.350387724904703781e-06    7.958706670395562788e-02
2.900001125159644744e+02    1.001498740010710042e+00    1.801870524760178574e-03    1.409141299317236509e-04    3.974145309169104380e-04    3.421336308899728307e-05    2.390912110175800356e-05    -6.216636280999192899e-07    3.202401151655534973e-12
2.900001109567588742e+02    9.986816589743852113e-01    -1.278628548216240515e-02    -2.428144643570869990e-05    1.084848097511838467e-03    3.562320175584456240e-05    2.592089278689287200e-05    -7.502609663997862167e-07    9.871047359933559586e-15
2.900001309010973500e+02    1.002973120347864011e+00    2.327767828779925177e-04    -2.669145744591839837e-04    8.573395504507256215e-04    3.643240089342282117e-05    2.502944542268952996e-05    -1.762358607156566406e-07    2.790547645942997685e-14
2.900000561291572012e+02    9.990963323921645545e-01    7.351971678232582623e-03    5.378146303042731415e-04    8.468372311981479982e-04    3.639565098206706616e-05    2.454003345761465477e-05    -4.357926000247405303e-07    5.307863100629528769e-11
2.900000299991025372e+02    9.998122119860091139e-01    -2.144557133662411928e-04    1.827510184143395103e-04    4.905552683029043570e-04    3.293583225075107822e-05    2.391855984557085269e-05    1.125460769511777258e-06    4.522402149646205628e-12
2.900001706842629119e+02    9.995407519390340223e-01    1.877726521340316755e-03    -8.515575050407698306e-05    5.466764904846990345e-04    3.629529443935275223e-05    2.471299694941331927e-05    -3.049964230360598198e-07    5.838569282400410398e-03
2.899994193802584164e+02    9.984633662874640159e-01    1.603598606056178899e-03    6.174954923167190989e-04    8.228439614244487362e-14    3.833326621510517711e-05    2.568145313696138486e-05    2.075582198690650006e-06    1.069991476231951441e-02
2.900005095492956571e+02    9.980414280102244406e-01    4.622311669374150334e-03    -1.373826961326419214e-05    6.016030575596186718e-04    3.524747591418820876e-05    2.419638847908317815e-05    3.856941231828957302e-07    6.789615071156138160e-02
2.900004536991857549e+02    1.000866745139956882e+00    -1.384615293814570828e-03    -3.741323815737773511e-04    7.181499005789127249e-04    3.375889054619338593e-05    2.362716436265677476e-05    -1.293781021448927760e-07    4.413554183905234879e-02
2.900001070106189900e+02    1.002000984378680792e+00    2.738790560894723523e-03    -3.966869619842441111e-05    2.557867963206901952e-03    3.187667049060631167e-05    2.354752614504899719e-05    3.359732007823262056e-08    1.205492397999795469e-02
2.900000100335774960e+02    9.995540538194476188e-01    -2.046518738105617199e-03    3.179513532359488112e-04    4.061883993606198585e-04    3.398828419567627689e-05    2.466252908729390004e-05    2.059266446603956370e-07    1.575502391649698289e-10
2.900002274397818951e+02    1.001312687218030684e+00    6.021604115707472962e-03    -7.768635780625799867e-05    1.848313262661170023e-03    3.301615907497953804e-05    2.346227316864293516e-05    -2.088955093354467910e-07    3.920152991285861190e-13
2.900007375371725971e+02    1.001119732555927788e+00    8.345083621399743828e-03    3.106090024063583636e-04    7.451609379279498530e-04    3.191904959016432882e-05    2.340646893321676687e-05    6.375916375030868441e-07    9.197637282363960165e-02
2.899999807523849995e+02    1.002095129470980339e+00    7.181729772075026285e-04    6.923772181072881862e-04    1.926372716773604914e-04    3.803017609569334551e-05    2.534904893796057756e-05    8.359805186777630197e-07    1.294275779805105102e-12
2.900004739768625086e+02    1.003563057294952987e+00    -1.466552751327491685e-04    -1.936598803977529612e-04    2.227703421977296095e-22    3.551224330585401516e-05    2.484230277298022426e-05    -5.627366456349730354e-07    4.896829269810358543e-02
2.900003214346664890e+02    9.954568320046452978e-01    -2.399587040083973801e-03    -2.027649803305022673e-04    7.140898811180618677e-04    3.378809070155600275e-05    2.468525444604931842e-05    7.255446754231631436e-08    2.029285926047991590e-13
2.900001341567060535e+02    1.000988137220589103e+00    5.501659403715046526e-03    -3.599948471320317685e-04    4.186585359958419096e-23    3.617155020331551483e-05    2.457145502073858904e-05    8.500902163282134087e-07    3.873460944172359144e-02
2.899997508001685560e+02    9.999925646658232026e-01    1.104411359695876317e-02    9.672003012537438570e-05    2.503425511279405140e-21    3.552374364928987110e-05    2.469932691251572638e-05    1.123268319017981096e-06    2.759892073376000759e-12
2.899999885040494405e+02    9.979018771734966542e-01    -3.044249120253594582e-03    1.258971885775377584e-04    9.484382409624867415e-04    3.605024417317410684e-05    2.441213900295457928e-05    6.245258511226325621e-07    2.453234946308075620e-02
2.900000798308775529e+02    1.002063183649690048e+00    -7.995542269826459367e-03    -4.231957551768748805e-04    1.487450240053522603e-03    3.303067476928135113e-05    2.409162469898834291e-05    -1.191251355010367016e-06    6.555043806679654374e-14
2.900001469325904395e+02    1.000064780734483794e+00    -5.304654209073753762e-03    3.120700288610797168e-04    1.933662857278003197e-03    3.362825252604396389e-05    2.383538710593526987e-05    -6.694072332922294157e-07    2.781502064218886272e-10
2.900000979383355570e+02    9.977638952530054617e-01    6.642147771575887538e-03    -2.202494287106699896e-04    4.257825551226176704e-04    3.530071152476812476e-05    2.413257070733047978e-05    -2.647017039757740852e-07    7.096699915215914922e-03
2.900004496307545310e+02    1.000568695965958765e+00    -4.572696958530715963e-03    -3.178438256604348240e-04    5.568028130369221968e-04    3.771161750271595807e-05    2.575663282275631643e-05    -4.762632698821441611e-07    3.958197980396755550e-02
2.900005645718581491e+02    1.004928097543267285e+00    -1.391562521971472172e-03    3.324623457877808443e-04    4.639939010041598455e-04    3.605849245992790456e-05    2.402794508818477349e-05    -8.672724604864351262e-07    3.665231394951938559e-02
2.900002416763526298e+02    1.001141289593373784e+00    -1.158051404374445779e-02    -4.977382602480109235e-04    1.295314392020493347e-12    3.720927826272831852e-05    2.555926890699452159e-05    2.904177074882836001e-07    1.634487827201316218e-02
2.899999808097823006e+02    1.001555030465017815e+00    -8.259887144805942022e-03    -3.529806044108261013e-04    3.751106032301626579e-04    3.565818726221883008e-05    2.469438952895309711e-05    4.857326160680924584e-07    7.065551394114929704e-04
2.900000749355279481e+02    1.001465213001187626e+00    3.647630424598685868e-03    2.137851349043003505e-04    4.203921890385357845e-12    3.341803787858605492e-05    2.345555261242584919e-05    1.304891937739798595e-07    1.176649381114247897e-02
2.899999530892979465e+02    1.003027157178987494e+00    -7.170998824681597576e-04    6.556303623086038364e-04    4.850256982165319131e-20    3.535876002641208810e-05    2.458910510267248387e-05    -7.351324794484423621e-07    1.088684112361618925e-08
2.900007742991801933e+02    1.000555359467082406e+00    7.206323820077839559e-03    -1.977100489003760200e-04    1.048636408385236152e-26    3.399387012670177459e-05    2.451506984476756136e-05    -8.952906856359733159e-07    7.984484633050298319e-02
2.900002688879007451e+02    1.001006752707390479e+00    -7.866395495981597791e-03    -3.003313851726036726e-05    4.363106324081211208e-22    3.190555698760826438e-05    2.324104257618779079e-05    -8.747282731917608812e-07    1.497920983420022480e-02
2.900004023691623161e+02    9.984732175433438384e-01    -1.302087057516215091e-02    1.141605433980404230e-04    4.564231785672690629e-11    3.701395102068350879e-05    2.550485566401581290e-05    -1.376534150772568664e-06    5.142743872258120395e-09
2.900003623022360557e+02    1.001556622821766496e+00    -4.052322818600871679e-03    -1.127715837158900172e-04    1.021118280223856141e-04    3.143245432519066159e-05    2.308446623996328128e-05    -5.855731506926390242e-07    3.221029604334608304e-02
2.899998071737255714e+02    1.000873260689231437e+00    2.849482669143450254e-03    -2.507251738520999617e-04    1.969142669377875292e-03    3.635693120469205312e-05    2.518171517294009329e-05    -3.980200197153532344e-07    1.239690141184791977e-16
2.899999318143458709e+02    9.985467525208876483e-01    4.392334235570321405e-03    -2.023763982140142418e-04    1.240036089332393568e-20    3.583832834205508095e-05    2.499772767083304183e-05    2.293710467689486106e-07    8.221088436814658756e-03
2.899998774094818259e+02    9.981447704865855641e-01    1.309793852481071046e-02    -1.081878191152144987e-04    7.193537277569138095e-04    3.265280456432841436e-05    2.354994527445759023e-05    1.479499580649404641e-06    2.826164898147262572e-02
2.899996453902821258e+02    9.985085292138712321e-01    -6.917422906921238089e-03    2.657502236604924518e-04    3.527764449746074989e-12    3.407777329429530276e-05    2.387351478806902817e-05    1.803690511699107935e-06    1.609296298121927649e-10
2.899995364554113166e+02    1.001427524299616678e+00    7.395109186940338614e-03    -4.102937908679291394e-04    6.072842193816432041e-04    3.535799298557939634e-05    2.512467406938293432e-05    1.856518021667986671e-06    1.326093727798515441e-03
2.900003080269485167e+02    9.988442151007802527e-01    -6.083496701095456732e-03    -6.949596130772242972e-06    1.064675853727720632e-03    3.514540850859851324e-05    2.415092975872926661e-05    -4.195930330211462349e-07    4.057301198028482435e-15
2.900001928980423145e+02    9.978669157911229659e-01    -3.933381692382517322e-03    1.392408850291819954e-04    1.618430216288853777e-05    3.525239421796551623e-05    2.442920546429653623e-05    -1.602446683319949058e-06    4.692129382199988091e-04
2.900010990378303859e+02    9.986609823769665439e-01    1.275766345201697488e-02    -3.609210091018376604e-04    5.652125399243468447e-13    3.648976954041002838e-05    2.534537812824309158e-05    1.578823481035727029e-07    1.268902127091312559e-01
2.899999542920898534e+02    1.001115936976633147e+00    4.609037597980978934e-04    -3.559303976543359079e-04    2.689379480411789982e-04    3.515275607383439791e-05    2.439261458955352789e-05    6.636015674776956188e-07    3.373944337913321856e-11
2.900000263097689981e+02    1.002364908606030225e+00    -6.282538277806797369e-03    4.114161523461948696e-05    1.789330969548121259e-03    3.551319489457665011e-05    2.464555464414541289e-05    -3.933415181321622872e-07    6.033495982205039947e-11
2.900005581561886174e+02    9.971304562357569123e-01    -7.262209474758750047e-03    -5.449114815577176668e-05    3.354192470874720767e-10    3.363093854909047088e-05    2.400666703136371721e-05    -1.897962139006888562e-06    6.566709409809626057e-11
2.900005042715506534e+02    1.000072103533216072e+00    -1.059120266143926108e-03    2.208883510600192471e-04    2.079348540076366903e-24    3.638228730861750132e-05    2.431318814661787960e-05    2.854490024600222548e-07    9.998344077550647135e-02
2.900002677790937469e+02    9.987389807660809193e-01    3.003102275031969970e-03    -5.281760512608794992e-05    8.843678234784709296e-16    3.287842953562783633e-05    2.391815912702207922e-05    -4.129321081333828103e-07    2.541034983925465410e-02
2.900003704301441871e+02    1.000071917977986002e+00    -5.708952527129341689e-03    1.757124016311403607e-04    1.362342951479747877e-19    3.503343953773180812e-05    2.517103907554310444e-05    -7.811267737595035810e-07    6.471492014704342821e-02
2.900001337621249036e+02    9.990772889531638334e-01    5.934179101054119429e-03    1.145359078227644586e-04    2.351003016757679118e-20    3.547758062703646045e-05    2.488158955912200902e-05    -8.501876210716857923e-07    3.804155302719620674e-03
2.899999108203446099e+02    1.001672016489674188e+00    4.995177167541365280e-03    2.353681695415026770e-04    6.747526743843373616e-04    3.590339764614005366e-05    2.515952831747072539e-05    9.671691170969576618e-07    3.453353210868357148e-09
2.900001736214354082e+02    9.985554715280618998e-01    -9.197374472121962099e-04    -2.353713880649820653e-04    1.765785157410346388e-11    3.326545589966685510e-05    2.350245263088065865e-05    -5.749458014310283968e-07    9.418648142219273808e-10
2.900002128060131099e+02    1.001740920995918716e+00    7.403689180655902320e-03    1.998726208834075262e-05    5.636280230615411122e-04    3.690574899232345094e-05    2.530152309432300844e-05    3.549313108915405614e-07    4.507987979715235433e-02
2.900004080857173676e+02    9.962080652400159275e-01    -2.561845235897030303e-03    2.229455255937612228e-04    2.935525387865662358e-04    3.535177436434639564e-05    2.516230476859708198e-05    9.398427711056763833e-07    4.484590154837962694e-02
2.900004757099364383e+02    9.992599480865708150e-01    1.139966573815638824e-02    8.996951076779167381e-05    2.565718260254279751e-03    3.525805622760769378e-05    2.511354299670319902e-05    -8.537424093334586310e-07    2.937464389605588810e-02
2.899997027689676656e+02    1.000239873218003117e+00    -8.181652686778192671e-03    -6.110323833191231473e-04    1.198377985812960162e-03    3.417107601664636228e-05    2.503580751659588834e-05    7.287760156986017940e-07    2.199405361823290290e-16
2.900008595490230050e+02    1.000192337678300847e+00    -4.310456408716976874e-04    1.317080083587987267e-04    7.367844228757502335e-07    3.365730277467837570e-05    2.448543427261224900e-05    -7.687744025407198417e-07    8.000672419371976374e-02
2.899999382282181273e+02    1.000076951221890553e+00    1.342012566426960610e-02    3.133380697635775383e-04    8.627494580606352150e-04    3.368772329592122848e-05    2.440852518580444280e-05    6.100746275506806420e-07    4.112943457778645007e-02
2.900000841000952505e+02    1.001192699297410948e+00    -1.994830675244748525e-03    -3.980354113520644783e-04    1.303116985657716590e-13    3.703501153043144259e-05    2.600367924815773856e-05    1.829695300757986415e-07    1.753481204395311577e-02
2.900003570518151150e+02    1.000939186653959201e+00    -3.781117080908388568e-03    -1.683752420447654830e-04    3.601799497781350682e-04    3.471997083095809580e-05    2.393101123204110329e-05    -4.745450416029078164e-07    5.021985631474580603e-02
2.900000920597927347e+02    1.000545986480700700e+00    -3.405866557691884008e-03    1.955574648420156940e-04    2.641587472472471409e-20    3.591316527690904098e-05    2.499312257720206362e-05    7.140393832413482660e-07    2.214615624454011056e-02
2.900003481284943518e+02    9.961550838489510173e-01    -7.278224639772627041e-03    9.352067473985002438e-05    8.135805677481768193e-20    3.234835878095864662e-05    2.384091143175388680e-05    -7.765821425406253671e-07    5.894515889425575722e-02
2.900002114857409197e+02    1.000226090850280025e+00    5.191870059323577639e-03    -1.200000488886744432e-04    5.871951074880488348e-04    3.593534027890551069e-05    2.552163171840351783e-05    -2.090873207341845948e-07    1.149160324797556944e-12
2.899997517568381227e+02    9.973835746837935723e-01    4.501095612138105925e-03    -2.356936855434042788e-04    4.031307615426472465e-20    3.412279876508673038e-05    2.484760044204662962e-05    6.620004561127262532e-07    3.737204182892546261e-09
2.899997306405940094e+02    1.000167664520735356e+00    6.819479234633721992e-03    3.381261969405268287e-04    1.640466671587995362e-15    3.517369909104392820e-05    2.549205026237542072e-05    7.749179964470882786e-07    7.045229865993784505e-13
2.900001954545240324e+02    1.001484612519140782e+00    5.383173189731499386e-03    3.446990738075967676e-04    2.004099717978084956e-24    3.306753724044156692e-05    2.386154674509828949e-05    -1.335031907913604383e-07    6.399420747869176998e-09
2.899999765147649669e+02    9.987391022254594741e-01    5.514284987917270064e-03    -3.488332520148464903e-05    9.369877715173936402e-12    3.613270018589425568e-05    2.491015747924820901e-05    1.300673371854535077e-06    1.216723600479909163e-08
2.899999832266150293e+02    1.002510175122133251e+00    1.069455730218627811e-02    -4.914874176260058047e-04    5.493032318209653195e-04    3.646779560741299453e-05    2.461696399068859372e-05    3.123458841397378965e-07    3.962308019755718272e-10
2.900015548439447457e+02    9.984651522663380296e-01    -4.746357702784248858e-03    2.194951110076373254e-04    1.376646870056629728e-17    3.308454923863097928e-05    2.345015813883185066e-05    8.920304691647766098e-08    2.069710414630930306e-01
2.899995191703155797e+02    9.993684589016296194e-01    1.584310136942421610e-03    2.554506896467372348e-04    1.520036542367567411e-13    3.526534039624123893e-05    2.532477359679999183e-05    1.701428641063985666e-06    6.259984185040646474e-09
2.900007547314464205e+02    9.972424756522748623e-01    1.820118557487387597e-04    1.521932598014736672e-04    2.147800468521857351e-14    3.513921054705762960e-05    2.473119922368385618e-05    1.452034870121176001e-07    8.143955838124029845e-02
2.900004804286821809e+02    9.992431477652370386e-01    -1.099012298541157499e-02    4.035313732132830280e-04    1.316045341461467236e-03    3.711791453271158113e-05    2.465131799445772267e-05    5.137441377302148930e-07    1.063290356046150270e-01
2.899996635252102806e+02    9.955899878419998128e-01    -5.537756708197546195e-03    1.684769308773597372e-04    1.134379376473873590e-03    3.516782096117103705e-05    2.471003299075328607e-05    6.550932662244095346e-07    6.316084075305625065e-10
2.899998771071768147e+02    1.001722781363360903e+00    1.096898499957033903e-02    -1.387428880900407643e-04    1.330169175578939378e-03    3.445425430736088785e-05    2.451920242662389475e-05    1.712616540844420262e-06    6.862056664721112864e-13
2.899997405564779456e+02    1.001624135898019574e+00    6.076285674951680330e-03    1.637656892991006690e-04    9.244468211841497512e-04    3.374210591322076284e-05    2.394767156952233299e-05    5.930670983044438220e-07    6.548325218626551870e-16
2.900000330480595494e+02    9.993623168714469429e-01    -3.149962107362857394e-04    -3.563926797305323030e-04    1.137509812502042949e-03    3.557032962587124874e-05    2.546365627237027581e-05    -3.102923638423449408e-07    5.041493072909009708e-12
2.900004220278662501e+02    1.000833494898138776e+00    2.797002239519440995e-03    -5.272918554459288731e-04    2.017199856380157960e-07    3.353618168068241937e-05    2.392555450392226294e-05    -1.165111518656122239e-06    4.400066646415442401e-02
2.900002324448579429e+02    1.000848270357918901e+00    6.862691964312972980e-03    4.495145257602582798e-04    3.019087870980097262e-19    3.802489539470578847e-05    2.648406561399197122e-05    -1.474421900602681995e-06    1.052476348941040633e-10
2.900002815903205828e+02    9.998755139289192684e-01    1.055804658302137225e-02    2.136748627177427994e-04    1.063737876378939183e-03    3.522429967180739540e-05    2.466224415512167304e-05    -2.546439193743144847e-07    3.265139769278432326e-13
2.899998531256336491e+02    9.971989995195802425e-01    1.021420981907456699e-03    -5.302562042798571358e-04    3.608841810546788544e-04    3.089166324149629625e-05    2.313899650573019175e-05    8.464789027090291324e-07    4.901570381193304411e-03
2.900004267271279446e+02    9.987528628810790066e-01    -2.299669440948841955e-03    1.184567005214752787e-04    1.675029537592390497e-04    3.475639259948168960e-05    2.428896540679809134e-05    -6.936705725053816793e-08    6.942204469749604923e-02
2.899997422356663037e+02    1.000969851415834500e+00    -9.782895595619458054e-03    -1.498318201674498609e-04    1.962743829279175311e-19    3.621640611359035471e-05    2.445295974372849629e-05    5.112867997919451567e-07    3.318637467598223735e-13
2.900000380120629870e+02    9.991685961391715276e-01    -1.072391539365287689e-03    4.784996356847535075e-05    1.201875687618928679e-13    3.511337746139703254e-05    2.477541202706085222e-05    -1.765571181925966197e-07    7.418267388922162177e-11
2.900001592526073750e+02    9.989677281970923417e-01    3.905636001369024342e-03    -3.416984306167264202e-05    4.746550252607672411e-06    3.329745935132776420e-05    2.411283159417761246e-05    -1.380067789055010789e-07    1.571072178268676057e-11
2.899998932420068058e+02    1.002023851328997628e+00    5.289494905481581044e-04    1.997604158656566338e-04    1.449879819429999131e-31    3.416386664184979384e-05    2.430099877860241359e-05    7.281498812691078305e-07    1.787172467822497127e-02
2.900001571526040607e+02    9.978225212794623600e-01    6.431641700683454928e-03    -1.461031503445945419e-04    5.899769194578799274e-04    3.380284754043431808e-05    2.467407661028721391e-05    -4.322187941373520647e-07    5.641491135231164220e-12
