# f_r [MHz] A m phi D delta_r delta_ere delta_eim a
2.900006588691742309e+02    9.992613705804138657e-01    6.360153553281976124e-03    1.023796816380006993e-04    5.124093777042432311e-13    4.890508482652600511e-05    3.708746498134549982e-05    -1.502480322755734861e-06    2.129028842821986678e-02
2.900000874482591939e+02    9.975726427250007911e-01    6.408339509457577562e-03    -8.573174505764534991e-06    4.455180386190980986e-04    4.849488492602021129e-05    3.810411478331464808e-05    2.579360825849393745e-07    2.474379865908216125e-02
2.900000994621843233e+02    9.979687694036830647e-01    -7.571228550235955916e-03    -1.264388019433005143e-04    1.170681078303721229e-13    4.683225224242593631e-05    3.852830476699783339e-05    2.345075325667349427e-07    1.274745114911630870e-09
2.899997113076193500e+02    1.000027789556026114e+00    6.694796514927754336e-03    -7.153689547044805093e-05    4.608894228733889187e-05    4.660772061724116795e-05    3.682305462363911781e-05    7.718613227961843506e-07    9.004253388535100183e-03
2.900000758238043659e+02    1.000108334563840184e+00    -8.580436663140582690e-03    -1.346792237946977148e-04    2.008183347430793960e-03    4.815338394966101662e-05    3.803324737436580350e-05    2.513420654373339459e-09    3.487884810595435342e-02
2.899998711322016334e+02    9.996476100224380712e-01    -8.831572521598541475e-03    -2.228304411146465387e-05    1.199829548516519316e-14    4.924304650560493206e-05    3.900522787399902485e-05    4.118723721692968159e-07    1.608649585903850989e-07
2.900003914138462733e+02    9.975191822074692682e-01    4.303632110459627499e-03    8.940418521133043021e-05    8.449383850262526741e-18    5.187346627258110891e-05    4.079797338138873859e-05    -1.329723545624143076e-07    1.699503215633882403e-02
2.900004562679131936e+02    1.001972790773984601e+00    2.410942873573740809e-03    3.731582844027730951e-04    1.426182459854823112e-14    4.865487269721536763e-05    3.953692628723299440e-05    3.396186630720228810e-07    4.399676889751855113e-02
2.900008362051403878e+02    9.997661710293274107e-01    -1.140510697624188603e-04    1.815807602102114922e-04    1.563142439302346518e-12    5.067787726391036895e-05    3.894046449589819603e-05    1.978665248803092203e-08    4.648336403044518034e-02
2.900000101677426301e+02    1.000207777407675636e+00    1.687023034894017098e-03    1.839887892494324929e-04    9.986371096722974376e-16    4.899309387611237209e-05    3.988873744574443183e-05    -2.090442221694694158e-07    1.947429492321891603e-09
2.900002406295147352e+02    9.997207650409671853e-01    -7.826528552910865660e-03    6.016345550957129186e-05    5.275001510174240207e-11    4.715770650770469835e-05    3.968661178506651446e-05    -7.538360734242489202e-07    7.699751418795687198e-10
2.900004711243072961e+02    1.002698151972264640e+00    5.198457487095972304e-05    -1.899463482839496139e-04    7.492857443613521037e-04    4.755130163138223082e-05    3.905098672323917454e-05    1.650363121901353020e-06    8.525439183243049834e-02
2.899998646263301225e+02    1.000801165599254361e+00    3.962952256767507050e-03    4.012377122834960000e-04    4.381393124511077800e-04    5.060791287996491052e-05    4.064748172259485050e-05    6.833686129298865917e-07    1.342005109723911445e-14
2.899998112241409558e+02    9.980024271080706333e-01    -2.282946100913076613e-03    -3.041626235212189968e-04    8.579405833105006150e-12    4.904173521792558956e-05    3.828907263284635079e-05    -1.284716209145527081e-07    3.132929952610905276e-10
2.900005643682358141e+02    1.001193850685356157e+00    6.244754388020205306e-03    -4.394702539034856035e-05    1.984623808748237680e-03    4.662291065155902504e-05    3.728536766240929254e-05    -3.603049310287098851e-06    1.890809809929736166e-14
2.900001392665444655e+02    9.990103691131730912e-01    -1.004604086457477116e-03    -2.709306815954864956e-04    9.730667601733272232e-05    4.607295980263891239e-05    3.826648612734165800e-05    9.392777450296140749e-07    1.796229496646499155e-02
2.900000369277955201e+02    9.969605138069373984e-01    -9.168813313180037726e-04    3.494688737715609330e-04    6.551300050836997758e-22    4.773673543068599997e-05    3.849197400803069122e-05    -4.141065906490221862e-08    1.379381970155599430e-11
2.899999188739355418e+02    9.980867029675566382e-01    -2.571710744706632353e-03    4.903686062895063705e-04    8.006061332119261738e-24    4.785122906155102421e-05    3.902721835085683601e-05    8.351742533170163239e-07    1.059389762262880536e-13
2.899999926493276803e+02    9.986017950781684860e-01    8.954115777176646293e-03    1.376698103208014385e-04    4.758487892335068412e-06    4.688953900912661628e-05    3.822599288006846654e-05    -3.916737576774894387e-07    1.530212942503282836e-05
2.900000703524555092e+02    1.001095625405912459e+00    -2.501131254071574297e-03    5.960992016970913742e-05    1.947345305247832917e-16    4.998616559843744087e-05    3.879515875447005679e-05    -2.415537427388404867e-07    2.916354817250777275e-09
2.900003557307762208e+02    1.001742844133618027e+00    -7.701214475712515016e-03    -1.887498995804031952e-05    2.583603414264165231e-19    5.127227298069717606e-05    4.007965771036096675e-05    -8.511099340673363943e-07    1.214778080473255201e-09
2.900002238093647975e+02    1.000795732068582300e+00    2.613706204525569803e-04    2.067193050881585233e-04    1.196585573726417035e-14    4.976821795919447733e-05    3.944932160767154587e-05    -3.341590243415729470e-07    1.879889914874660617e-02
2.900011432977267418e+02    1.000496071751237226e+00    8.528459149764753069e-03    -4.969664573476947076e-04    3.754582246215336404e-09    4.816477006556697186e-05    3.902328320427079394e-05    4.862437428705995877e-07    1.127158333978867250e-01
2.900009610239969788e+02    1.000861663176835892e+00    -2.759583114941183981e-04    -9.549082832545608649e-05    2.151769318172871118e-14    4.937836366612098751e-05    3.927250356150598971e-05    -1.708016441077420106e-06    7.452689756687971845e-02
2.900007443123347457e+02    1.002708091996191930e+00    -1.954775390277327558e-03    2.230302001430795565e-04    1.447224762369796192e-03    4.784865607672854164e-05    3.851690308271286082e-05    -2.184991362823132427e-07    5.063423176963876421e-02
2.899997303071566535e+02    9.969523375457195469e-01    9.265043163082464783e-03    1.293015511277861905e-04    1.165203091307052919e-03    5.126709461138440982e-05    3.866132909149656805e-05    1.426785314000583528e-06    3.912964905843389560e-12
2.899999995617334321e+02    1.003716341263916512e+00    -3.416320303259907671e-03    -3.620915463901981548e-04    2.481251784514418020e-04    4.941742225827862702e-05    3.967998936461064759e-05    1.038761294783146865e-06    1.659327090900129809e-02
2.900001541983563129e+02    9.993367576355522974e-01    -5.179651913142133482e-03    -2.283288472215129700e-04    1.658296391700987644e-15    4.970515151420395349e-05    3.991744257285481960e-05    -1.097069947306309887e-07    3.484497021888161420e-10
2.900000538739129752e+02    9.968886852951929223e-01    -1.282879018097902654e-02    3.515554121407142747e-04    6.511021024166824020e-10    4.762212279752927842e-05    3.885552404186965163e-05    8.944392433130166989e-08    5.421195910654278806e-11
2.899997313774049985e+02    1.001522366759927563e+00    2.021228109933481069e-03    -2.888623398057784861e-04    1.570403748181422796e-03    4.901092021756402086e-05    3.826120851433118637e-05    1.198114371388688543e-06    1.635552095927229068e-12
2.900002087684804337e+02    1.000211346011336211e+00    -7.234509895988255022e-03    -4.710959731775480838e-04    6.239255117930854510e-04    4.888489250230416641e-05    3.869352782420349703e-05    -2.309867172522939860e-07    2.578845088537509538e-03
2.899999577535057256e+02    1.000286023812020142e+00    4.145326073616713812e-03    1.697688092131467859e-04    4.602770496660341820e-04    4.762735170196508725e-05    3.807395327729072950e-05    -9.348096768440766768e-07    8.688659205385342033e-05
2.900005017311481197e+02    9.955488335153447332e-01    -1.046823787538741710e-02    -1.487459414887059119e-04    2.493703120531722082e-04    4.886184948022055999e-05    3.937728246284427164e-05    -3.069271993042648887e-07    2.987879381707582091e-02
2.900006043475116257e+02    9.981664563219653230e-01    -4.850607442027536804e-03    -6.097212509971612052e-05    1.664713456943207187e-03    4.795558236197104902e-05    3.808398505768125191e-05    -5.666887675666873043e-07    3.745310355526818707e-02
2.900004770646095835e+02    9.986354603650432482e-01    -9.273111372362117383e-03    -2.392841131853464388e-04    3.698421964061636044e-18    5.143262799892234650e-05    4.088853699590084282e-05    3.054711964506051224e-08    1.611227351528249016e-02
2.899997451138065117e+02    1.000277699558597799e+00    9.925488561955035996e-03    1.370659475830506165e-04    7.000994351537736171e-04    5.065054411766955209e-05    3.885195264779556712e-05    8.256495819423400890e-07    2.233658190922571825e-14
2.899998387214521927e+02    9.971663009793331200e-01    1.561982241016961009e-04    -3.218509363726855424e-04    1.027355338817752546e-20    4.852143782430245274e-05    3.869282062851695756e-05    1.198162718448702035e-06    1.540861793449889439e-02
2.900004627364311887e+02    1.000070081949002709e+00    5.007482777892396930e-03    3.016561589652977664e-04    4.989510080848358105e-09    4.891689292944277216e-05    3.967286335874609663e-05    -1.877314095946185140e-06    8.752686093611459025e-11
2.899996413522115404e+02    9.947370002351783036e-01    -7.077367636152673280e-03    9.311927621659569858e-05    1.876488943749348315e-27    4.794493020100441940e-05    3.827685288209749031e-05    1.042931733996935143e-06    4.110464689127785499e-11
2.899999448499162895e+02    1.000288203514114738e+00    -2.398113286722769607e-04    2.775437019113913641e-04    8.027421571227352391e-04    5.069919264970122871e-05    3.921001411896437878e-05    -1.946849540582757190e-08    2.997148778296267755e-10
2.900004833478987507e+02    1.002336858554733645e+00    -1.129291725921437520e-02    -3.356229575352487836e-04    2.520400352679446257e-13    4.952367458336526907e-05    3.918542404065390017e-05    -1.848792020265200770e-06    1.384983483552943394e-02
2.899999316036444839e+02    1.001456710198613154e+00    -2.944377573579562077e-03    -1.292486790377827557e-04    8.684108387515953639e-16    4.973429371862998614e-05    3.913794115747451318e-05    6.555780579018489399e-07    2.668581615119872477e-02
2.899999072350969982e+02    9.971492306798570571e-01    -8.682685769961430433e-03    2.213638709173735121e-04    2.838888417161469032e-13    4.778444609769692440e-05    3.801374097689255878e-05    -1.034646648645459468e-06    3.780889205271308039e-10
2.900006106521701099e+02    1.000280565228240048e+00    -3.780582372278621772e-03    4.477436240135865839e-04    6.529805286998126073e-04    4.893202320661808310e-05    3.803919883575820806e-05    -1.396792599819690149e-06    2.166149633833558061e-02
2.900010903081401352e+02    9.974783352304390505e-01    -5.710820681118279965e-03    -4.259301547574001283e-04    1.499322576852214848e-03    4.824422152827525758e-05    3.948284030138227483e-05    -6.858102865077859848e-07    7.919788114174891591e-02
2.900000905070955355e+02    9.983301245718787520e-01    3.542243725398012532e-03    2.102504150281013376e-04    1.475200553063691889e-16    5.040482614785457479e-05    3.919719120140372669e-05    -6.278930450993039465e-07    2.196931121322474558e-07
2.900000300946744574e+02    9.980842727699335004e-01    -5.328559951329521309e-03    -2.615946372570096697e-04    2.143085106037922555e-11    5.022625496771431001e-05    3.904903257688134246e-05    -1.751687904971847862e-07    1.326589926855588873e-02
2.900011076252684461e+02    9.987213874846262440e-01    4.500369920630087946e-04    -6.947160181549204457e-04    3.902000184114122038e-04    4.746743941405066929e-05    3.921943524044944673e-05    -1.088331477426792548e-06    5.976438106836890612e-02
2.900006425299891930e+02    1.000132506119435938e+00    -1.650503157975451943e-03    -3.869997092308145523e-04    1.151662825558680509e-19    4.953434549736866050e-05    3.937705401578074589e-05    5.471748468262065759e-07    6.124705784042235729e-02
2.900000301493386132e+02    1.002636716495521885e+00    -2.208534498882176733e-03    1.659726552170543486e-04    2.040253865063862242e-03    4.776410500605989662e-05    3.817600732317247248e-05    -6.705323028290604389e-07    1.534634374796795485e-13
2.900002315859157420e+02    9.984553842459242823e-01    -1.497868767392732819e-04    -6.955049592037836764e-05    2.871352323177810686e-10    4.844987446663636695e-05    3.886415688024924195e-05    1.897056900313654764e-07    6.194746085369458137e-03
2.900001376232514758e+02    1.000644489168126761e+00    8.054120240177278789e-03    4.138587150376296588e-04    5.476316826187865036e-04    4.863734042951738232e-05    3.864579514863659098e-05    -7.363924694488194137e-07    2.947538198404479216e-15
2.900007976847147120e+02    9.981737231098052332e-01    3.255713542741207802e-03    -5.155926704088511066e-05    1.755955261038722338e-03    4.995287272317365464e-05    3.948076759930840358e-05    -9.617866946507191486e-07    5.465691524678862462e-02
2.900004497209823739e+02    1.000127474560638774e+00    -2.813525322171728845e-03    -7.425822720388499660e-06    7.222749392218412731e-23    5.164077893036712007e-05    3.973820902029670147e-05    -2.358206509967617226e-07    1.252954746238153971e-12
2.899997568369041687e+02    1.002870649486852450e+00    1.031547233997649402e-02    3.435558297222100597e-05    8.000857710361829429e-11    4.894617257374230603e-05    3.907387224407787884e-05    9.361596701374080741e-07    5.705117222126169604e-09
2.900000662321510276e+02    1.002237490470828662e+00    1.177410713313469318e-02    -5.190314935946153604e-04    1.603330690767561402e-04    5.223716008722791281e-05    3.908741994816228418e-05    3.566230865791583914e-08    5.754119559165565513e-11
2.900005529508260338e+02    9.948669593334203975e-01    1.091107217480431595e-02    3.888175995803603782e-05    1.668181353940567961e-03    4.912593040293151178e-05    3.916157011223133613e-05    -4.563468445248106225e-07    6.098260844418188636e-02
2.900011076368858767e+02    9.996833069968623642e-01    -5.997881484159254400e-03    -7.866365862227813724e-05    4.416165817106844046e-16    4.934926273238885526e-05    3.957934334544947871e-05    -1.063174629838501016e-06    9.847594779619021910e-02
2.899999227845052019e+02    1.001118999301294110e+00    1.171259459034017627e-03    -1.494973520884108171e-04    8.759077363179729979e-14    4.879151562051683137e-05    3.828966932220979717e-05    3.145709354285178796e-07    4.827517129083993414e-03
2.899997800750219881e+02    1.000487429552036955e+00    -5.968762788829557733e-04    1.934477997537333103e-04    2.009728227744173646e-13    4.949497386169550000e-05    3.935437562480333215e-05    7.726825067394742610e-07    3.483525673083618285e-09
2.899999424536258630e+02    1.001218442159542921e+00    -1.291165414135822791e-03    7.959124737799511357e-05    1.125443469317011592e-12    4.956193866004389307e-05    3.902692613496663144e-05    9.993840417938413301e-07    4.583569650216832644e-03
2.900006823752028708e+02    9.992607673925752998e-01    -4.575205898417105191e-03    -2.671720275700006811e-04    3.789631032256564128e-11    4.938124382731096931e-05    3.851689115481032714e-05    -2.917202595038899022e-07    4.395984919934513291e-02
2.900004436684425286e+02    9.968263514679974735e-01    -6.573201090633125007e-04    -5.858124785264904677e-04    4.248594498726112560e-04    4.696555447894134667e-05    3.926590970817779694e-05    -3.948431136574251219e-07    9.747764391239574988e-10
2.900003922265249230e+02    1.001727023168526243e+00    5.304091109340347034e-03    -1.302690432512916769e-04    6.390126127150661840e-04    5.066099043214210247e-05    4.041952348717273207e-05    2.020386519890975826e-06    6.558616306929057616e-02
2.899998022126794694e+02    1.000083981731480831e+00    8.414209679389035232e-03    1.808684640745902156e-04    5.191037656480701575e-09    4.843091143579093734e-05    3.950885597301786382e-05    2.228400883050775280e-07    2.474782719624558155e-10
2.900001839403722670e+02    9.988386404796616436e-01    2.188288025616938297e-03    1.241369202788127958e-04    5.074144498958903917e-23    5.063282339701830526e-05    3.858869770313074057e-05    -8.622221093680685601e-08    1.636245314069643419e-10
2.900005298187585367e+02    9.992997014144615608e-01    -1.994192625313965204e-03    3.030351182031889917e-04    1.616021349206614183e-03    4.866955650806638627e-05    3.828647945083969245e-05    -4.501360540787156309e-07    4.108051103683246774e-02
2.900005884960778531e+02    1.000586310160360703e+00    5.741213719906201711e-03    -7.240300575438597241e-05    3.418503716772830145e-04    4.983187455694667553e-05    3.821340690195787596e-05    -4.650279497523051768e-07    3.293564330443997379e-02
2.899999060098425048e+02    1.001157990006737331e+00    -4.619799699988467101e-04    1.942676898019172213e-04    2.001641776266058246e-15    4.865620935023123867e-05    3.912554444810900162e-05    8.442588097272999548e-07    1.267849452406626727e-10
2.899998922201621667e+02    9.989305918312604282e-01    -1.978914805466460043e-03    -3.694923152495097301e-04    2.780950736971689074e-13    4.836748130486275194e-05    3.914044769332205865e-05    -1.767167624904070794e-07    1.202453003740817039e-10
2.900002237118214339e+02    9.989162447825373770e-01    3.054679856741370804e-03    -3.008440181779421514e-04    6.820970235702951918e-24    4.895725535516576987e-05    3.910186223179939736e-05    -9.248207036398121084e-07    6.390860832035741708e-10
2.900002302951878050e+02    9.970964492398000090e-01    4.322192309534940088e-03    6.388808190230323496e-06    7.991274810244078678e-04    4.974936238975562192e-05    3.909239390529316033e-05    1.615225725935967644e-06    5.166618726196250955e-02
2.899999606563625321e+02    9.980864138432701260e-01    -5.162126803426593004e-03    -1.730872153469262362e-04    7.667099719072266774e-15    4.789135965819827625e-05    3.755895773603415818e-05    3.379975955816003966e-07    3.591636606319241281e-06
2.899999012256664059e+02    9.992975090374105474e-01    -1.014175986024512185e-02    1.744930411167611845e-04    1.348507518243790204e-03    4.737613552573890780e-05    3.747387289077100175e-05    3.287353804195868634e-07    4.522063587030899362e-11
2.900000058287840261e+02    9.966741537170384913e-01    2.348995889825357050e-03    2.826493160021903135e-06    1.672715704821370538e-13    4.900849426608190244e-05    3.903986386547550827e-05    -7.520950493737984766e-08    3.022729010016306520e-10
2.900002029623673252e+02    1.001335574705854992e+00    -2.719354514942941801e-03    -1.744865741998341470e-04    7.093793133118709942e-05    4.657320122395099756e-05    3.800825930964944944e-05    7.239607241762376303e-08    2.866577461381086475e-02
2.900004643442652537e+02    1.000176440282862123e+00    -1.190555191743680003e-03    -3.181472070562116962e-05    6.189979733467383134e-13    4.773076570811753616e-05    3.929194077550749137e-05    3.992430804609767400e-07    2.145728429821178521e-02
2.899999888857267933e+02    9.973722780435478885e-01    -2.646178084618394221e-03    -3.605913019233670624e-04    6.131469100761607778e-13    4.983789756423406847e-05    3.901738319081360942e-05    4.141395273481394942e-07    2.158307086797098262e-02
2.900000566045594610e+02    9.976630862572425373e-01    5.233976546857697573e-03    1.696214550454491917e-04    6.709138822682509882e-18    5.002845419341225331e-05    3.868211402798097293e-05    -5.614438516565385132e-09    5.390173701724249456e-09
2.900000494941002671e+02    9.988623161037925025e-01    4.233299107451482871e-03    1.480466600049263747e-04    4.919419005989384948e-04    4.862814775368462901e-05    3.903897569873847958e-05    2.223009966733529031e-07    9.592727316384025318e-11
2.900001862033237217e+02    1.001060827376184514e+00    -1.276614009371113828e-02    -2.191148663111287256e-04    7.431345696406932346e-04    4.949600552008376797e-05    3.887449298018012301e-05    6.253618557964407167e-07    4.447731954101417223e-02
2.900000956244722943e+02    9.962890975131292182e-01    -2.466785193296551926e-03    -3.420964915083011940e-04    5.621347482747577435e-04    4.862683517033177552e-05    3.879678322288991784e-05    -4.010186609550895061e-07    9.884931988597749032e-11
2.900003064689597636e+02    1.001718754397222133e+00    -1.079787720529819597e-02    -2.824344243925638702e-04    1.165583668398262936e-03    4.944721886696503424e-05    4.006757372992954643e-05    -4.908371236732438219e-07    4.171498217614495047e-02
2.900001331002645770e+02    9.996180319817777882e-01    -1.268207564804926975e-02    1.084344581854529969e-04    3.281365380437107783e-14    4.915123979957984200e-05    3.832212470734067599e-05    1.224716535018733459e-06    2.724484760941521186e-02
2.900000949597251179e+02    1.001691281886321949e+00    -2.246153182422483668e-03    -7.388757971790956057e-05    2.845181212690355357e-03    4.826076298422421728e-05    3.920303528463955331e-05    -1.036405431432763159e-06    2.261872267002833625e-13
2.900000700375690599e+02    9.986685716974265103e-01    1.572434263390714996e-03    -3.533322868827825421e-04    3.782695931390289202e-04    4.762438195086595826e-05    3.824908819787182953e-05    8.480262669865168918e-07    2.824804745313585358e-10
2.899999299492898786e+02    1.002749325731419727e+00    -1.176210620020256073e-03    5.961414023001979394e-04    5.033123125734562285e-19    4.977344542828909428e-05    3.876530329023012821e-05    9.531041774842866831e-07    1.224531107786373807e-02
2.900008279090514520e+02    9.994866999871899749e-01    3.343103600217351128e-03    -5.003160416977909435e-04    2.043665042602098362e-19    4.833429563279697849e-05    3.782633844138574288e-05    -1.079862132133622929e-06    2.663755877989468571e-02
2.899998006404201760e+02    9.965787554191674058e-01    -7.244686112811996037e-03    -1.690717742865176004e-04    2.375150457079969765e-04    4.959555254954175433e-05    3.894437660944002297e-05    3.266019097664115202e-07    1.196449900607358258e-02
2.900005816313574769e+02    1.001351934544292943e+00    6.958482783703160736e-03    -5.531493393228421353e-04    3.839355335352993988e-04    4.889681899126538384e-05    3.878259797956374943e-05    -1.777351485506737253e-06    1.682658701555814554e-02
2.900002139152417726e+02    9.980448544763753649e-01    2.292034399178708023e-04    1.363669500600918653e-04    9.653076257900097563e-04    4.606020430867335547e-05    3.847732630643425640e-05    6.300567994953052693e-07    3.654759367875395210e-02
2.900005675563256773e+02    1.001410692345166664e+00    5.917590105351406768e-03    -5.076171129514511727e-04    8.357933678765072909e-04    4.877304930109436414e-05    3.857903774456411799e-05    1.103362841138779874e-06    8.675567240226025878e-02
2.899999881402266624e+02    9.996119191687938832e-01    9.785965156198547625e-05    1.253611474591769708e-04    1.469229551363519142e-03    4.895360701814005505e-05    3.946736194889635793e-05    1.417349696103979202e-07    3.695538555713342153e-06
2.900001444004474820e+02    1.003388143188829851e+00    -2.028748816211066106e-03    3.038937347859931867e-06    1.032241888033349078e-05    4.801197691777839407e-05    3.919357808500554668e-05    -5.477061936542106412e-07    1.355361049824683707e-11
2.900001816641075152e+02    9.991468925308972793e-01    4.099606786184293444e-03    -4.011477966714637432e-04    1.540021265327498361e-19    4.980396827710507906e-05    3.925242871093422801e-05    -7.412930189254563183e-07    5.186985549728065947e-09
2.900006536948765188e+02    1.002512216472469353e+00    2.849284040897609623e-03    -1.539588296742593000e-04    4.675834080127372942e-14    4.947069857632626060e-05    3.929541011366107157e-05    -6.914068990646762556e-07    2.770203693191319524e-02
2.899999177753925892e+02    9.988273954084879724e-01    -5.555885097231448577e-03    3.249387138980670028e-04    1.003631309457711247e-03    5.006618786727251791e-05    3.996929621835183203e-05    3.406121187992943135e-07    4.793589179729248746e-14
2.900001958780629820e+02    1.000777583406892379e+00    2.519245058316214956e-03    -1.414229203667196472e-04    2.180853250198128134e-13    4.611566780480089351e-05    3.802679705892291693e-05    3.227869066008868605e-07    1.444612450819868915e-03
2.899996534682880451e+02    9.972020912373020796e-01    4.876196120566929013e-03    3.865505169572079343e-04    1.042800260357275429e-03    4.822950115729845576e-05    3.859584194957143497e-05    7.597190028060691723e-07    5.829234366750820872e-14
2.899998900474270727e+02    9.993680111657365916e-01    1.325996611121547063e-02    -9.658785826015173876e-05    3.286506346485571516e-15    5.137000022355614991e-05    3.977279928532423110e-05    7.495517142713155144e-07    3.237473789808114483e-02
2.900006975438913059e+02    1.001732962724245057e+00    -1.350043963383096160e-03    1.599166739502285697e-04    5.340814054858017608e-10    4.986232579586719060e-05    3.928794798284023567e-05    -5.884918024422871170e-07    5.915873419434360125e-02
