# f_r [MHz] A m phi D delta_r delta_ere delta_eim a
2.900002217250325316e+02    9.982903674718739406e-01    -5.706570544476781588e-03    2.123072421512032354e-04    7.546260925682298723e-17    2.041583563426633906e-05    1.231125059755585904e-05    -1.287882791551307198e-06    2.458228313560229422e-09
2.900001881431139736e+02    9.985810523763274382e-01    1.511793721282975698e-02    -1.253578974266316098e-04    5.248675623004870304e-04    2.149317174868054005e-05    1.136522402905817324e-05    -6.027813121657100812e-07    1.283363541936965882e-09
2.899994461151704854e+02    9.988108007547091827e-01    -1.083854101685535623e-03    1.051615317275495149e-04    7.250818140785520959e-19    2.169152207264615420e-05    1.189676486518954489e-05    4.086264481173137518e-07    1.161918220752179305e-10
2.899999288277767278e+02    9.978115563523148879e-01    -9.738948868568622283e-03    9.637020365163203055e-05    8.644330012276192063e-22    2.244244809376300169e-05    1.213987726321614313e-05    7.048520338699986357e-07    7.554691888233619479e-02
2.900002380488452332e+02    1.002842781435896224e+00    -7.660116391610567559e-03    -2.559053631327433409e-04    1.653484147369347831e-03    2.379036919699174235e-05    1.207094660478285325e-05    -6.818482332743919063e-07    1.563230636781940547e-02
2.900001562158665820e+02    1.002199114281820957e+00    1.895460954565176539e-03    6.126977073609848282e-04    2.039779757434567514e-04    2.550550467352678198e-05    1.235450290044802281e-05    1.154720680843011431e-06    7.902318356976624492e-02
2.899998355147675397e+02    1.001763556086245899e+00    2.907490822330129326e-03    6.849723363283076526e-05    2.160171479272275887e-29    2.295200683946758055e-05    1.181384929718093796e-05    7.044476712132059289e-07    5.278245682203424466e-02
2.900003655543596892e+02    9.958533170201310236e-01    -3.711713344653310830e-03    2.144063298776620991e-04    9.297121898922768891e-04    2.184346180071902052e-05    1.201588624551483043e-05    -1.206305577249307634e-06    4.587799591517682796e-02
2.900000692773595574e+02    1.001771562908461144e+00    5.770303183492546742e-03    3.540622583060565971e-04    1.957568930557438205e-03    2.152492984768384179e-05    1.194413726290843308e-05    -7.101456427250223611e-08    1.048503280303050004e-09
2.899997435642307551e+02    9.997310463531743352e-01    -5.044556079131653874e-03    1.020529088986439202e-04    4.826085333018160077e-20    2.196858635733028482e-05    1.265090982609291119e-05    8.765827543558343220e-07    5.405663916464116189e-09
2.899999681373123508e+02    1.003417183400389767e+00    1.191410286846748823e-02    -4.395614450998795220e-04    7.506023076415986367e-24    2.225201449125416736e-05    1.233553545785802666e-05    3.858611270581066727e-07    8.820365502269371278e-11
2.899999281390733472e+02    1.001028823575494942e+00    -1.494741858387171191e-02    -4.162923834999320786e-04    2.111371291197139014e-31    2.559750446066658762e-05    1.314431323441171733e-05    -2.076392482859470968e-07    2.172627373309197089e-13
2.899997360309814098e+02    9.995501165628349893e-01    -4.347095331022720992e-03    9.928167010101519071e-05    4.373643786946465545e-26    2.034991513917364995e-05    1.241988388050846652e-05    8.318772169490073176e-07    4.015265618371329206e-11
2.900002543926943872e+02    9.999447092076447774e-01    2.529678942501395553e-03    3.363016101427721938e-04    5.350780179558608943e-04    2.147534436315334612e-05    1.160399740395111486e-05    2.408972378933888329e-08    6.531588170133749427e-02
2.899997168752764765e+02    9.974185974178897407e-01    3.019430327910010373e-03    -3.987123365235655382e-04    1.138782678581415743e-03    2.093096833034251652e-05    1.129876584197330121e-05    5.580556036728360625e-07    2.028748084780623119e-09
2.900006829666185695e+02    1.002946545031016656e+00    2.334294298143116311e-03    1.227280199591972805e-04    5.435172145646494481e-04    1.937280259819472244e-05    1.113705385442057744e-05    -3.694319939781470532e-07    1.256821808793143203e-01
2.900000183476645930e+02    1.001228732892975426e+00    -7.774257159560664723e-03    6.717945799692608480e-04    4.292824508703018931e-20    2.242348885688839264e-05    1.254561092182771966e-05    4.863843480748862768e-07    2.877984589530606019e-10
2.900002763841308706e+02    9.982006573363692015e-01    -5.879548760222952364e-03    3.151170242435530865e-04    5.422091591532056354e-23    1.923193156577516187e-05    1.114487663091254496e-05    4.679835785852618037e-07    1.809272442917565435e-02
2.900000200245891619e+02    1.000018389622628012e+00    1.819224375877197568e-03    2.430708396550377887e-04    1.660885536635379530e-24    2.332925182083451943e-05    1.222704391296473584e-05    1.139465689700810554e-07    1.643282172954599487e-09
2.900002543555231114e+02    1.002014229292256475e+00    4.439475312874972476e-03    9.769565829191768653e-05    1.831059117632052757e-28    2.200577175546007230e-05    1.185515372955539419e-05    -8.453880877770889607e-07    9.983493508514594496e-09
2.900002474298495372e+02    9.969507477054893041e-01    1.830643783788461071e-03    4.666710918223279984e-04    3.863787438972989664e-25    2.238673031444283047e-05    1.218814202494778943e-05    -5.424918080149403143e-07    7.557302037376655013e-02
2.900002929620360419e+02    9.994379018435347595e-01    -5.321431765001421316e-03    8.390915465746151916e-05    7.982086249172451334e-04    2.080035761088085678e-05    1.153479268138114122e-05    6.592481876941640060e-07    1.492540108456512360e-01
2.900000873562694323e+02    1.002818108360774341e+00    1.361778094508283611e-02    2.342362141712182001e-05    1.761689245265606483e-20    2.151946158313848697e-05    1.225508592665754550e-05    -6.279300432710600548e-07    8.760462045182708379e-03
2.899996997456941585e+02    9.998393806170248199e-01    3.236874694717972213e-03    7.956960128141899553e-04    7.187767016567134888e-04    2.204422792640157967e-05    1.265696199390147153e-05    9.310392617508640792e-07    3.386136106533390168e-09
2.900004999671010637e+02    9.983112428317096887e-01    2.075749201939895792e-03    3.842540868741599900e-04    1.442722497371514269e-04    2.419618221249100293e-05    1.290543544122005604e-05    1.108419054681714064e-06    1.096928530674303182e-01
2.900001943760385075e+02    9.983044095981929988e-01    -3.556256703462991678e-03    2.279931243987872347e-04    2.891041889909319380e-23    2.278345071510429231e-05    1.221654071278116272e-05    -1.089585972338575432e-06    1.434519892127011052e-02
2.899998857484520727e+02    1.001125205257474615e+00    -6.779030968478778202e-03    -4.727807197230759063e-04    3.821655985510218545e-04    2.250952266055492585e-05    1.193075203914767549e-05    1.092872054066498867e-06    5.124082616381524236e-02
2.900001874282260133e+02    1.000149884975210179e+00    8.782717771669798154e-03    2.142269378206980440e-06    6.835740863518691158e-25    2.153470882766087775e-05    1.238943262372637965e-05    3.573587107487614263e-08    1.363615954706218290e-10
2.900004009000052179e+02    1.000586385208998896e+00    -1.130461638235662376e-02    1.247718151147210832e-04    8.196778590134223439e-04    2.401983034925076480e-05    1.334640315920441610e-05    -1.364509110694916717e-07    6.028525992114083104e-02
2.900001247740868848e+02    1.002154982863938892e+00    8.332553177625412130e-03    -4.011387578776240415e-04    2.177870358496448406e-05    2.449279975940429647e-05    1.293913432114867864e-05    5.281756702525921317e-07    1.520056690658555532e-02
2.900003483516984488e+02    1.003481469197726961e+00    -8.729507121944249035e-03    5.899585165293633540e-04    3.582313259635502931e-04    2.422260639816546248e-05    1.350794951490676033e-05    -1.460101229218717370e-06    1.177161960342119152e-10
2.900003098626871179e+02    9.991190256532693770e-01    5.973610882933979259e-03    3.279732487652533093e-04    1.379780624867742337e-21    2.182685132724322246e-05    1.270300910375165096e-05    -4.067438316839417576e-07    4.559351517179006247e-02
2.899996198862153278e+02    9.991913009555158931e-01    4.896677715498938196e-03    2.007535547209324039e-04    3.554785746951304604e-04    2.320862917065525088e-05    1.275017559390964837e-05    4.796804930586989659e-07    8.738907187529272785e-13
2.899997944661053566e+02    9.994396605817329471e-01    -5.795132925698266019e-03    5.011081129894851325e-05    2.989068145377573312e-37    2.234260094855703747e-05    1.303198019485709894e-05    6.565496739661024509e-07    1.516207310338956994e-09
2.900004990814852590e+02    9.993466260647566601e-01    4.901534591005338344e-03    -3.292188233167913074e-04    1.602448587790347885e-03    2.078405025413814086e-05    1.141866881588475609e-05    -2.058443188872986723e-08    6.708357224894362369e-02
2.900005898518624008e+02    1.000262672853804879e+00    -3.230966428772621187e-03    2.156506704449132202e-04    4.424700707087681427e-04    1.964681129840270381e-05    1.212544712745984862e-05    1.171904723127389770e-06    1.510226627004826738e-01
2.900000152492223719e+02    1.001122359654542660e+00    -3.900488397035254632e-03    1.334253314115323901e-04    1.107061044907329270e-03    2.207331234583709159e-05    1.203891048283894776e-05    -1.850155916632005058e-07    3.557046673648083728e-13
2.899998281153081621e+02    1.000102319746677404e+00    3.061914666653038544e-03    -8.749355586924845531e-05    9.383091618056850795e-04    2.114998805102901502e-05    1.195729633727108147e-05    6.555488490640567847e-08    3.462527225834784284e-06
2.899999173973385496e+02    9.991331003206410655e-01    -4.152063024473340129e-03    2.358839994902199632e-04    1.526387714073996907e-03    2.425041692568944101e-05    1.230847856793519706e-05    -3.055346168806277820e-07    3.667874376886028770e-02
2.900001895686445437e+02    1.002826334314037116e+00    2.988194595808262109e-03    2.517858318022190927e-05    1.897236876023641384e-04    2.095097769695088957e-05    1.219477138571882051e-05    5.399640812279694478e-07    8.850345379305474269e-02
2.900000987440520248e+02    1.001023765863949144e+00    -5.267379703910767333e-03    -1.294942530603762198e-04    1.761256742207996124e-03    2.084768824983420499e-05    1.254770791057909975e-05    -1.141572666483306975e-07    5.048711219994005128e-02
2.900006963185973063e+02    1.002012583158585546e+00    4.827167443415734081e-03    -4.533210910719382043e-04    1.221358195864778251e-03    2.276953089283559133e-05    1.186948761248818912e-05    6.843331418334634789e-07    1.711815591706171702e-01
2.899998376938131628e+02    9.962541854942692510e-01    -9.742902798601330364e-03    3.220608838858138952e-05    1.850509429065858469e-23    2.155739953050269314e-05    1.216092413421346457e-05    -2.015160340563604675e-07    4.484854886322282561e-09
2.900002204201034601e+02    9.985289331807233326e-01    1.673219048434150232e-03    -2.496188778542314196e-05    5.941907047779734774e-04    2.095314278042342409e-05    1.217491353360815098e-05    3.929934771369390627e-07    1.313957382588064327e-01
2.900000686099522795e+02    9.980869968223391453e-01    7.833548193842436100e-03    -2.860156782063775919e-04    1.034590457761547146e-03    2.304704706543241424e-05    1.213989276762061017e-05    -1.702883884568456854e-07    1.010168569149502899e-12
2.899999661178846395e+02    1.000225475300371869e+00    5.768038916354888308e-04    1.552672851073953503e-04    3.136562816526173810e-17    2.282216135934038857e-05    1.197365497853497603e-05    1.779771706194754953e-07    1.449422930989002073e-02
2.900005901171134042e+02    9.998770563121254229e-01    -2.728346330725381092e-03    -2.834472003515198647e-04    2.231841476391205597e-03    2.335079620359627731e-05    1.301840953768726382e-05    -8.917117991582634441e-07    1.445531747092399788e-01
2.900000175110724854e+02    9.977273947219089667e-01    5.535299988099591333e-03    -3.040692164721103840e-04    1.936540302806539053e-26    2.666499879645886395e-05    1.362389758628863881e-05    -5.547012303034108800e-07    3.260807104781846685e-11
2.900000073968214451e+02    1.002979131702516735e+00    -6.026889102885225197e-03    6.008556280365614155e-04    7.302821469186480316e-23    2.458205389989159221e-05    1.245858359280300101e-05    -2.851377200849264999e-07    3.869528051279244924e-10
2.900001349404674897e+02    1.000303511188626260e+00    9.767867970104638503e-03    1.766277256305888476e-04    1.719630929548197005e-17    2.117282110096225384e-05    1.184547702583998766e-05    1.205754198571659401e-07    7.509200062623823391e-02
2.899999409183540138e+02    1.001466674725077333e+00    -1.248097733195138899e-02    -9.004477253711035351e-05    1.417716959251048240e-03    2.449631330462703771e-05    1.268876118204275692e-05    -4.214981638423257361e-07    7.033523615275679032e-12
2.900006750921355660e+02    9.999698234145992792e-01    1.901524902419825420e-03    -4.394756856237148554e-04    1.951055622023584429e-21    2.556532229277407272e-05    1.364399589964447073e-05    -9.245891775037693797e-07    9.256308924079714728e-02
2.900000471030892868e+02    9.998615355834586937e-01    -8.345335192974649610e-05    -8.892057715253165429e-05    3.069410193650050703e-04    2.376467580216836450e-05    1.233392605279267359e-05    6.259048177675192810e-08    3.294964180180040381e-15
2.900005816638721399e+02    1.000867321821873768e+00    2.598334131142807871e-03    1.251275296395937893e-04    1.114695807241001656e-03    2.520025702882451322e-05    1.375051455018221918e-05    -8.031043847693030690e-07    1.077967070372467528e-01
2.900010292223181523e+02    9.996612264313293750e-01    -7.740195784949932371e-03    3.164877441021273071e-04    2.694229084336043382e-04    2.186292164520774498e-05    1.208965383474078503e-05    -4.521918846920401913e-07    1.435001651985777504e-01
2.900002045644122859e+02    9.996125915057990641e-01    1.107928438883529383e-02    1.219256793678085733e-04    3.768650407287605365e-18    2.232788702237703285e-05    1.276545675416025825e-05    5.915146593068926036e-08    1.136866713558221526e-01
2.900003879221367811e+02    9.993330562213035284e-01    4.804371241025054071e-03    -2.965435209422107588e-05    5.682535389651677520e-04    2.312461231461300881e-05    1.211026899663297469e-05    -6.381548108242462107e-08    6.470139410721340023e-02
2.900000109075347723e+02    9.986214407723550401e-01    1.912282103096230512e-03    6.579935040664792306e-05    5.617225803787671734e-25    2.388599737359585145e-05    1.278521471555524039e-05    -1.518274166274157804e-07    5.273371326129541563e-10
2.900007894710988694e+02    9.984505435051340694e-01    1.187756234966297738e-04    -2.737150096649306711e-05    2.782779601105097790e-20    2.022049313127744687e-05    1.147918953074432942e-05    -7.516606860161896012e-07    1.609113705759655510e-01
2.900002777591977861e+02    9.984045289139062973e-01    8.631926029026340194e-03    -1.063561959164053823e-04    7.654910671956695540e-05    2.356343760437325442e-05    1.255852741705214584e-05    3.180085710776616099e-08    3.034592253885602317e-02
2.900000067855323778e+02    1.002023240089455980e+00    7.360099943388842894e-03    -1.314152086901571568e-04    4.587980812317168385e-24    2.264600466467111826e-05    1.284964442546741933e-05    -6.985798411174679104e-08    3.468540202366245280e-03
2.899998207525163139e+02    1.000963141630985209e+00    2.713346389120324664e-03    -1.735986709513336502e-04    2.191553501280102779e-19    2.094331124371655610e-05    1.206620952180625244e-05    8.031313255772021395e-07    3.302529798633695022e-09
2.900006538362683273e+02    1.002688278825464296e+00    5.164100307247562055e-03    1.350196338725529193e-04    1.881486733116107186e-04    2.288933818168353428e-05    1.206883426497113361e-05    -1.205800439813938273e-06    8.806453943258565897e-02
2.900000349813979028e+02    1.000321133136754304e+00    2.837129188844003235e-03    5.019432308135116701e-04    5.027676747886563070e-22    2.460364332843963112e-05    1.248104534272701935e-05    -4.300400311726409431e-07    2.027034274733641173e-02
2.900002305987886189e+02    9.982233435591441051e-01    -6.465163700638149394e-03    -1.563219595904463113e-04    5.897396457505167982e-25    2.454984014993302695e-05    1.298823742696238489e-05    -9.041349697095772439e-07    1.557358703406380024e-02
2.899998036396916632e+02    1.002420030851339572e+00    2.500467963067727270e-03    2.605446868290470981e-05    2.601394511111642630e-04    2.147790623383031915e-05    1.217612125778313332e-05    3.265098051349190714e-07    1.129227961029247858e-10
2.900003603006521189e+02    1.002293081684170639e+00    -5.079555733540959232e-03    -1.784437634864081816e-04    2.596005071336309324e-20    2.292213274019915784e-05    1.234751082743660180e-05    -1.007983882229843982e-06    2.063563355120872495e-02
2.899999354339138335e+02    9.992281101174086411e-01    3.660957793569122581e-03    -3.676393667381836123e-04    1.276003929487142582e-03    2.260395082412332063e-05    1.175979374381290716e-05    -9.922222756499624412e-08    6.014055002691531015e-10
2.900001262225126766e+02    9.987312800721168671e-01    2.883945687284746213e-03    2.429117961120884559e-05    7.713953717669165371e-04    2.237941605852960565e-05    1.279951418713576321e-05    -1.787639999015380035e-07    3.391440351638516718e-09
2.899998551474250235e+02    9.986946081135112951e-01    -5.046712684231505729e-03    -2.083223042357946401e-04    1.474457275647941105e-25    2.090033134139593677e-05    1.098215941888551326e-05    5.041857738816930420e-07    1.528987704629868223e-02
2.900005404528438930e+02    9.989667302670324212e-01    -2.501280215835089641e-03    -1.109772437982018599e-04    8.863204760965405667e-04    2.201420863311503591e-05    1.216593756608991420e-05    -1.188196197976316626e-06    1.237940817460650260e-02
2.900000426185074502e+02    1.001368286608181668e+00    4.533442662899121386e-03    -1.690336713682892426e-04    1.413512988240424838e-03    2.186041022958187913e-05    1.299825638265466593e-05    1.634731357983460071e-07    8.266703294293727857e-13
2.900002729460866817e+02    1.005017901468837183e+00    -1.864474917955388431e-03    4.577556086156807586e-04    2.066557376545271303e-29    2.260414268322931560e-05    1.312997688321303532e-05    -2.211702017842688141e-07    3.214426960850870379e-12
2.899997959129014475e+02    1.000132460175960469e+00    6.830349707963130276e-03    4.786621424389342155e-04    1.021090204806533546e-04    2.258735145090288440e-05    1.199171620546567089e-05    1.094046250418372530e-06    3.241694597161239033e-02
2.900006303061689437e+02    9.997208077977578489e-01    -3.184812997173159990e-03    2.863842484253669555e-05    1.209428182262195159e-03    2.230760030948333801e-05    1.156319110225538785e-05    4.705915263802051352e-08    1.546593452205246022e-01
2.900006177925823181e+02    1.001942399260247196e+00    -1.529144807330682200e-03    5.180872763995121935e-04    2.586090728258218289e-27    2.027668855914877528e-05    1.134624274916209315e-05    -6.958485368491469931e-07    1.300750156406664526e-01
2.899998488886657810e+02    1.005386015371587449e+00    1.130646019856790079e-02    2.288933057667802006e-04    8.416363118851086580e-04    2.427390687995981610e-05    1.393934068772284647e-05    1.088681489845444688e-06    1.143399263834527678e-10
2.900002166444822365e+02    1.001673619714722685e+00    -8.784706694554582015e-03    -2.133822380011722686e-05    1.498563060918347363e-04    2.165232128864220802e-05    1.280009971853156960e-05    -6.483043778299482901e-07    1.893469496110231770e-02
2.900001496871980748e+02    9.985407913534342095e-01    -5.448597795375795944e-03    2.852753849357124644e-04    5.690573046869383143e-04    2.427717714653981933e-05    1.283578523443892020e-05    2.694891963544629016e-08    1.084423034238530897e-07
2.900002704393733666e+02    9.985937257817447676e-01    -1.464736783602282530e-02    -2.137458766229985505e-04    7.572722775734233383e-24    1.956484760383970977e-05    1.189668994967354262e-05    -5.558048307505380920e-07    1.254707978808843581e-09
2.900002462418179903e+02    9.992676618552633894e-01    1.621754539026012184e-03    2.150605774724301082e-04    1.915601149266036880e-03    2.237202480506716838e-05    1.224338177571606643e-05    1.731884345760188412e-07    8.087685976774550145e-02
2.900007038158066166e+02    1.001860947477531294e+00    -2.885984371811356301e-03    -3.428219661728071680e-04    7.898574294322084048e-26    2.036519749381486642e-05    1.212004834989120143e-05    -1.262642624962442693e-06    1.006212320776795760e-01
2.900001722234641761e+02    1.000617357135262786e+00    1.087828881876159656e-02    -3.569460424608723501e-04    8.027987897353578046e-04    2.245309182379304550e-05    1.231872907372302416e-05    2.801116169610259768e-07    7.970713726898542850e-02
2.900000349576058056e+02    9.991787846969624187e-01    -3.180900743553760190e-03    -6.336391421604707554e-04    4.930548366881140144e-04    2.269329904505772348e-05    1.250782850139693559e-05    -9.576579858183971026e-08    2.120543645082537533e-13
2.900006907614546776e+02    9.961632649192382338e-01    1.527854581041319156e-03    -1.914390715987615414e-04    2.239930746166003429e-18    2.136748436987486425e-05    1.189411107999488957e-05    -5.482895634416699625e-08    1.440478931704397003e-01
2.899998701298833339e+02    1.002068149785152906e+00    4.263800552023437260e-03    -6.262388701594525937e-05    8.812434573918571153e-04    2.241467412450016156e-05    1.226378317726704119e-05    8.932554419904877430e-08    8.894180172909167871e-10
2.900005991891322310e+02    1.000632415218512206e+00    -5.523610541402812317e-03    1.666044123225985937e-06    2.972667051837115036e-19    2.102352027285752623e-05    1.218658293682498581e-05    -1.330246390958033198e-07    9.797507500865111629e-02
2.899999960954341418e+02    9.989441174121094225e-01    4.401400577098741815e-03    3.674608587587130479e-05    2.089698696156166156e-04    2.140024023896777936e-05    1.129026210554397663e-05    8.560286465859649867e-07    8.385640712723207849e-08
2.900011295376285716e+02    9.975150736466187329e-01    -9.762842825846747416e-04    2.645577193710173529e-04    6.643408885523858677e-15    2.166001100374795416e-05    1.166358421175781923e-05    8.998416992869188701e-07    2.637818401818303182e-01
2.900009236927280654e+02    1.002439564217963763e+00    -6.363110584720931343e-03    -5.095794879840741774e-04    1.805135974445354742e-26    2.232289433599637720e-05    1.205408447441331622e-05    -6.101280611940977375e-07    1.403165985930462378e-01
2.899998071388029643e+02    1.001063010656159769e+00    -7.373737250967424793e-03    -2.859660161813577057e-04    2.861359258521976059e-20    2.267230965898673139e-05    1.231086663915403967e-05    2.953975773441633137e-07    2.712710661218733459e-09
2.900010873039709054e+02    1.002999244494873210e+00    1.448047515381159511e-04    -6.556934353886896452e-05    3.578727256903165054e-04    2.119823868453733727e-05    1.139457359743432882e-05    -4.929220597923342600e-07    1.663160559625240509e-01
2.900007984752752463e+02    9.985776400656727336e-01    -2.969941109388180619e-03    -7.110711596086509174e-05    2.643480376209682744e-21    2.073517945528042616e-05    1.190608621028062962e-05    3.318795793040758757e-09    1.715370450606480690e-01
2.899997987305828815e+02    9.982756440238942375e-01    -2.308495798993217760e-03    4.007981407687140753e-04    5.868305515273003179e-29    2.036184517345838023e-05    1.168322029566717211e-05    -3.058351408680828578e-08    1.776003536094312179e-09
2.899996966627795700e+02    1.001025902044920368e+00    -2.526701636318496929e-04    1.273379800363051110e-04    1.146514145205039352e-03    2.069096688426954486e-05    1.177775769972519329e-05    2.381575472568394796e-07    6.169143188204391070e-13
2.900002721568433230e+02    9.983865432467142753e-01    1.885250523604043577e-03    2.365176376793570712e-04    1.103933247946353455e-20    2.122830438531320634e-05    1.240942915163373196e-05    9.495019286096155195e-08    2.304032155391293382e-10
2.900000751471055764e+02    1.000196772956877922e+00    -2.912226652639765979e-03    -7.091980343861886075e-05    9.358244203191756544e-04    2.137376614838301713e-05    1.197867527811874436e-05    -1.154951373768543969e-06    1.263152727475356767e-11
2.900006636257314767e+02    1.001579771263812813e+00    3.649515438569797543e-03    -4.036980279569337207e-04    6.923355079740153677e-04    2.246187192306002239e-05    1.312542645542975199e-05    -1.473053443026907028e-07    1.531277668720230356e-01
2.900003476537962683e+02    9.992695553583185175e-01    9.356168184619083903e-04    3.972419244612179182e-04    4.157792620458413213e-27    1.903383606581636321e-05    1.113038134104300572e-05    -6.421651713040899549e-07    1.258230453101158935e-08
2.900006939461747493e+02    1.001486423473392895e+00    7.392131452917147932e-03    -1.660524242299279694e-05    9.474806730938478043e-04    2.466668396504416837e-05    1.244466740877664110e-05    -3.829371717657797977e-07    7.982742232411017824e-02
2.899999768708923966e+02    9.992604506052518154e-01    2.737363838826206014e-03    -2.353712918523038870e-04    2.139565962998598680e-04    2.234840211537865372e-05    1.204859344325705859e-05    2.655684304030156666e-08    7.077745909508884048e-02
