# f_r [MHz] A m phi D delta_r delta_ere delta_eim a
2.900003168346564166e+02    9.988608796168724213e-01    1.043258895491480914e-03    1.511164147700076136e-04    2.991793984925146290e-15    4.298719010473160560e-05    3.169025683483760078e-05    6.107242437951157482e-07    6.063992166346082735e-02
2.899997423701976800e+02    1.000551805932743621e+00    -5.451237842497399372e-03    9.962927434216705725e-05    4.373516851522311682e-04    4.213727645735706101e-05    3.339150696459131860e-05    1.113591323350261030e-06    3.308436059766088241e-17
2.899996291885318556e+02    9.998680329207524364e-01    -3.723935716635994736e-03    3.535985494409252234e-05    7.929029628156530888e-13    4.188940007310280493e-05    3.214629214531581264e-05    1.416094660186908394e-06    2.892924032492673969e-09
2.900009596413809163e+02    1.001335728546797643e+00    -7.947393451650915097e-03    1.198476281046566779e-05    5.822525547950806526e-04    4.437801545973660061e-05    3.463896796189933048e-05    -1.965365438062066813e-06    5.408944992894080400e-02
2.899998397394597873e+02    1.001804793989069742e+00    -4.645708732071762714e-03    3.824688919794851853e-04    1.217195157786760427e-23    4.227102806309827497e-05    3.242084515943326721e-05    8.329917816385447325e-07    3.362449854949570087e-12
2.899999957112270295e+02    9.968096611114229955e-01    -1.030977708931487408e-02    -2.669113188031215899e-04    5.618898941099098803e-14    4.048380463373699108e-05    3.090423794111880142e-05    -2.159591834777294431e-09    6.721206036640258938e-04
2.900002813887278421e+02    9.992399855432080313e-01    2.422081805428994306e-03    2.511024688098458251e-04    3.343099359841890844e-14    4.033733304203807691e-05    3.252870318498601290e-05    1.487766833339992712e-06    3.715721800309260137e-02
2.900001688703234208e+02    9.983680211417015338e-01    -5.347065123454224946e-03    -4.211882144958767013e-04    2.490666277534468167e-04    4.617725090019509222e-05    3.432205087122210536e-05    -7.206661018406795633e-07    1.586240813031266824e-17
2.900000393229186102e+02    1.001976014495981726e+00    -5.836940453411277804e-03    -3.399775969903887925e-05    4.985509199425838502e-05    4.395693121706895453e-05    3.407876734234298148e-05    9.977146813291375133e-07    1.923194144592815444e-02
2.899997456127750866e+02    9.963489498738495875e-01    -1.846151876944518823e-03    1.580763814189873999e-04    2.077612970131930388e-15    4.260716463602256171e-05    3.296678290884383654e-05    5.578310757389502145e-07    1.663387684424889763e-09
2.899996339573632440e+02    1.001663529942093289e+00    1.112505734782257873e-02    2.231333421679204145e-04    1.833476371758819808e-03    4.274582537220399185e-05    3.204488751873302597e-05    2.173567473292269876e-06    3.285421894908081082e-11
2.900002067246892352e+02    1.000418898440502469e+00    6.430828615169165152e-03    3.537748237980069878e-05    1.229760045321816059e-13    4.488194501338468363e-05    3.350797869300999895e-05    -5.646058250050305491e-07    2.060958882888474849e-11
2.900002397514938366e+02    1.001532299838336693e+00    -5.984388075611524194e-03    4.412460159353691504e-05    6.733911211812510867e-04    4.196478424872613397e-05    3.236233026182526559e-05    -1.250046010973079634e-06    4.735077128004411620e-03
2.900000228151997703e+02    1.000030763528120925e+00    7.022775884742889392e-03    -1.157957535070658231e-04    6.867112849715543813e-14    4.253193062065290978e-05    3.319279420074512324e-05    -7.561263388880649031e-07    1.723149673878216624e-09
2.899997943317313229e+02    1.001226699263680464e+00    8.083145392805021062e-03    4.629770783611326826e-04    6.325156936630858076e-15    4.249061424629925211e-05    3.295865768660273434e-05    7.362091868365422437e-07    7.897035829166377814e-09
2.899999428237506436e+02    1.000260366269021706e+00    -3.001582090153524437e-03    5.730642911497509833e-04    1.918738504879883668e-18    4.180716044599789259e-05    3.248617395063581055e-05    1.094260447940156768e-07    5.799192689045254797e-11
2.900004963511414076e+02    9.985876880543135270e-01    -1.409305474193069596e-03    -1.244579123338446388e-04    5.052607175799740471e-19    4.510237934107739919e-05    3.417963418514479384e-05    -1.002264036824159357e-06    4.550752597081977185e-02
2.900002673982503438e+02    9.993990353580982644e-01    2.610678654523421530e-03    -1.051308486398523385e-04    4.418174862728662453e-15    4.364123348280187674e-05    3.306590097254114415e-05    -8.974908832391390519e-07    8.650238575612402558e-03
2.900005235176572000e+02    1.002144004056328530e+00    8.940775413565592994e-03    -2.162832335877957218e-05    9.512969057659816329e-16    4.303289609280259835e-05    3.321104279294825971e-05    -7.483853270960207493e-07    6.499317693451302225e-02
2.899998435599518984e+02    1.001438653542772173e+00    -6.171844813052434521e-03    2.086762741939144597e-04    3.309562395374915387e-13    4.362894848047689446e-05    3.340486337343990077e-05    1.827748644606249111e-07    2.720472239029712327e-18
2.899996854621533657e+02    9.983065706783725846e-01    1.822421668199241881e-04    2.463282544567887327e-04    1.229014145666020106e-03    4.460198470777337215e-05    3.367932063618482629e-05    4.093112100750934932e-07    8.999813199546242995e-13
2.899999918510928296e+02    9.979159861982511703e-01    1.449347666672697000e-03    -3.609216219664801862e-05    5.198633682346390775e-24    4.162858061806804432e-05    3.240944887011193171e-05    7.316656341600431475e-07    1.942533040661346418e-09
2.900000335312818720e+02    1.000071811932641275e+00    -6.048742974622660536e-03    -2.551907055537335216e-04    4.512382173902895417e-15    4.253617281720774946e-05    3.165413896081658695e-05    8.194728358910249589e-07    1.978752726449633029e-02
2.900001466723049361e+02    1.000142211772292233e+00    -1.523972164431153546e-03    -1.056045038645651705e-04    1.815835538431122189e-03    4.205686673581206041e-05    3.244925955597041287e-05    3.163406134658641365e-07    3.227202652056575108e-14
2.900003620065962764e+02    1.001823337628668931e+00    8.562822885426724442e-03    -1.215071839731871625e-04    2.022321794576771234e-03    4.039102779479445407e-05    3.114901181200748387e-05    5.914272385936278828e-07    5.176131598703882786e-02
2.899996806171857884e+02    9.943491215003646966e-01    -1.296650158419542561e-03    4.726811909380736437e-04    5.562789658506762115e-28    4.265256435553735695e-05    3.272201548260874850e-05    1.016355590476555527e-06    1.597577066734880055e-13
2.900011553307850818e+02    9.979629903671496383e-01    3.751431142206189916e-03    -3.369589065024563733e-04    2.842309889644712285e-15    4.327703157133733371e-05    3.291298394747312647e-05    -2.320406893055605082e-07    1.044516133374764899e-01
2.900005285040440413e+02    9.995322791114097383e-01    1.376571708876507668e-03    2.217519846948343642e-04    6.562800221919016077e-04    4.074030502613739768e-05    3.212966574767961729e-05    -1.900732599114195452e-07    3.779211839738059325e-02
2.900004957905031233e+02    9.992277717811545168e-01    2.677603178537288874e-03    -2.109318656537096065e-04    1.237244292695473665e-11    4.151147400093346362e-05    3.217504173830450649e-05    -2.748841742324964464e-07    3.128426266150554497e-02
2.900001737208655754e+02    1.000058326351914717e+00    4.113286443671436247e-03    -4.900264168626140761e-05    5.673284545815350645e-07    4.129673319296653047e-05    3.243575408317931258e-05    2.098034864654266899e-07    2.640609773048332738e-03
2.900006498970176381e+02    1.000818891662922372e+00    -7.398039088971527545e-03    -5.219222656667155905e-04    1.527954013977855515e-13    4.435782986327315407e-05    3.354633400645952137e-05    -3.464521500408008880e-07    6.015062043367978145e-02
2.900002743242332031e+02    1.000870639661043171e+00    4.115929795397137853e-03    -4.951666346204022177e-05    6.028708161053267789e-19    4.266422957034643313e-05    3.209689295058723709e-05    7.682463579037526363e-07    2.457907605943431689e-02
2.900004283887984116e+02    9.995184623380816147e-01    4.110185212633915390e-03    -3.272522929708873403e-04    2.025922408680656470e-03    4.036691724573387475e-05    3.210011006157100980e-05    4.480007970865420650e-07    4.133986283715851417e-02
2.899999831147672467e+02    9.981738848684011955e-01    -1.463011074272932942e-02    -7.581238294739509834e-04    6.127470964410174645e-04    4.004325576666367638e-05    3.129552492794827450e-05    2.966874902025145058e-07    6.126521265333701415e-13
2.900007352842200135e+02    9.993866922349885495e-01    -3.870304454449620922e-03    -1.019657696993855981e-04    9.518480658241003362e-18    4.202497363094860600e-05    3.283854060383078425e-05    -8.274122637770202997e-07    7.554697938573233518e-02
2.899998998179788146e+02    9.976978314161009109e-01    -5.031155473595344194e-03    -1.690248325347082801e-05    3.111512954662611205e-04    3.958589947927779147e-05    3.075953123407879568e-05    -3.284136138301476011e-07    1.997868470101763747e-14
2.899999361909054301e+02    1.001961464081831732e+00    -1.065473218677127389e-02    -1.912751117716182203e-04    1.411413787017860638e-03    4.141985801814423659e-05    3.159801222525523675e-05    -5.478086505472089129e-07    1.616931777515404819e-14
2.900005896628599658e+02    9.992158991291457681e-01    -3.797928162869495996e-03    -4.944045374074239460e-04    8.483109083126646804e-04    4.240030518833806883e-05    3.299650310823060026e-05    -3.588922824796686955e-07    3.762343587976409165e-02
2.900009664430269254e+02    1.000299101776605415e+00    2.588223605167222063e-03    -4.781055556904873220e-04    4.122392302999112568e-04    4.269909329252752432e-05    3.209959177376764882e-05    -4.510451029163273621e-07    7.957901241137164960e-02
2.900001123338752791e+02    9.983929460646517873e-01    -4.087698275119539849e-03    3.653438076204209401e-05    1.631514983233737598e-05    4.251913439673430544e-05    3.247381762540712272e-05    4.807306001227506880e-07    5.225919887464656070e-10
2.900002260665544895e+02    9.985662442885793189e-01    -2.944434742060473946e-03    1.341436716004834303e-04    1.526844879358505496e-14    4.348633645261414500e-05    3.252976903265570528e-05    -1.186288412819444740e-06    2.089901924500224695e-14
2.900009338797090663e+02    1.002313498426790295e+00    6.417397962389819778e-03    4.199835202634225875e-04    9.412772030949113520e-04    4.541805548835089784e-05    3.381437594946127135e-05    -9.883702397007019397e-07    1.004748387440164564e-01
2.900003210472221440e+02    1.000860978473255170e+00    2.926582387488399061e-03    -3.760142614020161168e-04    1.078573486863071765e-03    3.994788284589627809e-05    3.183739048926428954e-05    -7.069629049763531712e-08    1.961386826031744773e-02
2.900003996309815761e+02    9.972570528435017456e-01    6.472366933730918336e-03    1.265329265791810044e-04    7.516495389343946830e-04    4.430138842188494883e-05    3.344606115622367171e-05    -6.759868725817222061e-07    4.096447492232005438e-02
2.900003102015785998e+02    1.001686880702249205e+00    -1.103782685188734423e-02    -4.205725297730909806e-05    6.790150309355882937e-13    4.263472522863348649e-05    3.217878661362872858e-05    -1.174023479674751390e-07    3.658514710021332824e-03
2.899998018594378664e+02    9.998791081431630534e-01    -2.835048344790890885e-03    2.982757966823997107e-04    3.194020819941982231e-14    4.376241178960343215e-05    3.330316717762596640e-05    2.540105447226035401e-07    6.233184287193647145e-09
2.900007306111529601e+02    9.998996830817638015e-01    9.414067744887223005e-03    -1.836272458438883331e-04    1.146353812309396702e-13    4.285928705782936102e-05    3.289388611020585958e-05    5.287656428830689150e-07    7.975518449655759345e-02
2.899996515755004793e+02    9.995880237182571681e-01    -3.382809099557902363e-03    -2.093486972244198432e-04    1.291012187601657003e-17    4.192628667016019649e-05    3.332863114438847812e-05    4.173048220300411151e-07    4.669672758859228968e-12
2.900003163690691395e+02    9.990921022435974574e-01    1.262237907731381982e-02    2.936787165562213301e-04    6.158176537143916491e-05    4.273413735083347349e-05    3.217170335969197576e-05    -7.682867303568092965e-08    2.470084027074678085e-02
2.900003068230339522e+02    9.989252007194183713e-01    5.127032814048465906e-03    5.549182573072301578e-04    1.386005834194865849e-04    4.219932129854043340e-05    3.171358860992082686e-05    -1.691024470638163172e-07    4.057619232089048483e-02
2.899999729832622961e+02    1.001024687021871973e+00    -2.950952952847523281e-03    1.234208424875459344e-04    1.590458422526787102e-03    4.313430606856123311e-05    3.283254164762617195e-05    3.708289089890239938e-07    3.737215434172639142e-10
2.900000656227110767e+02    9.981258439245733749e-01    4.113915008829429156e-04    -9.139632841769557614e-05    1.923757122787065569e-03    3.991386597858787900e-05    3.177459766223578690e-05    3.771044868761199288e-07    5.315053993956607482e-13
2.899996995219772202e+02    1.000940130884932611e+00    2.973759079127026410e-03    9.112026988447934300e-05    1.905848260288286718e-03    4.238807625505185524e-05    3.381343266845052246e-05    8.352041591763074860e-07    4.719776830494024267e-16
2.899996081185768162e+02    9.992707149013602130e-01    -2.965389217733819063e-04    -3.371689045346812954e-05    2.839269850708749056e-04    4.200697670097187382e-05    3.128188451343883201e-05    1.375201905115403800e-06    4.483537767939992091e-13
2.900000715948329457e+02    1.002144933289045747e+00    -3.044071877719450696e-03    -8.568100726525662862e-05    4.465400163683338845e-12    4.337185741892960009e-05    3.286117018587951104e-05    8.310632677320206143e-07    1.995462079894863919e-02
2.900001091694362572e+02    1.001086750633628730e+00    -1.075722445669754015e-03    -8.009626959172290147e-05    9.421909741380704914e-06    4.415127156656326827e-05    3.396550439217087719e-05    -6.025491297375509437e-07    2.117867644298402363e-14
2.900002948326950332e+02    9.983625388075725304e-01    1.361331074487726880e-03    -1.277066813194047568e-04    9.417924741919068766e-18    4.355943039682427380e-05    3.220716573352358985e-05    -1.130404539966870386e-06    6.017259231969213648e-04
2.900003277023607779e+02    9.988162389174448652e-01    -2.010098781577371926e-03    8.793289071606910970e-06    2.004569351231577257e-12    4.028046141052144490e-05    3.190771920745393871e-05    -1.665843943484260015e-06    2.490952723774648561e-10
2.900008647966677700e+02    1.000223126602411083e+00    -1.609736356186760708e-03    -1.867029499467683782e-05    6.111803352363928088e-13    4.287320806090081168e-05    3.227983443690789699e-05    -1.033926757544144272e-06    4.440788982405308172e-02
2.900006631989886046e+02    1.002630640620087998e+00    -7.838190907241375863e-03    -1.921430973733759978e-04    5.115642770289645976e-04    4.336242198566914809e-05    3.220450209047121491e-05    -1.308138940270645058e-06    5.446141840661205408e-02
2.900004284360860538e+02    9.974518004858343723e-01    2.051555349012254472e-03    5.074297401109750116e-05    1.795373153201239411e-17    4.245896809096119483e-05    3.430147447983355200e-05    -2.167464696123475641e-06    2.043100654641515875e-10
2.900000727446812903e+02    9.992904948905191320e-01    2.405573288600482314e-03    -7.353236802708888482e-04    8.709334093668560104e-04    4.415281672054740674e-05    3.311384593251153911e-05    1.895222665617202024e-06    2.096560356965105482e-02
2.900001008029111063e+02    1.002047513178603966e+00    -2.665905106162161625e-03    3.234933218780705849e-04    2.669214640883814816e-04    4.105252505467313963e-05    3.204620938822643443e-05    3.624458658312084677e-07    2.752150171890578351e-10
2.900010166913973535e+02    1.000517689387020015e+00    -5.890165796644016537e-03    -2.982556003006196343e-04    9.158148108173591465e-04    4.392448542239526794e-05    3.287264990795783336e-05    -8.340343443109914747e-07    8.209801277071306080e-02
2.899996103408611816e+02    9.997548627003562949e-01    -8.140031971293310367e-03    -7.558493090600630572e-05    5.430170630159295193e-04    4.300652368846312647e-05    3.347252240117442988e-05    1.281397927568673910e-06    5.832711598588635391e-10
2.899999214909652778e+02    1.001803394021060445e+00    -9.631236000604384215e-03    -2.182664940917590978e-04    1.564567397086541597e-04    4.422805318143170178e-05    3.304391759215549913e-05    -2.925252476512155031e-07    1.328625742105511154e-12
2.900000252267900009e+02    1.002012780313242368e+00    1.094301115711927147e-02    2.625138990188155812e-04    3.380783142139802472e-21    4.058747590702378017e-05    3.206667085935662652e-05    -4.379407637155428127e-07    4.229590275720937696e-13
2.899998830283230973e+02    1.002672857154057962e+00    2.985546447215063973e-03    3.441720765078052832e-05    1.815012922274778781e-15    4.252100854842938817e-05    3.251984068769940507e-05    7.801952249235979472e-07    3.618766803447754263e-09
2.900000112523761118e+02    1.000638412466421601e+00    5.014868282510252621e-03    -1.792470267712850316e-04    4.938492955555911986e-05    4.339899537067722551e-05    3.240778563456563267e-05    3.373246055496503016e-07    2.828592521971228999e-02
2.900003255621899712e+02    1.000695031125052203e+00    6.157206780412527274e-03    1.724453528982493257e-04    6.932357533906855569e-05    4.370606817266521057e-05    3.348665536729091718e-05    -1.037790134403444797e-06    8.533444474582379703e-09
2.900000622273274189e+02    1.003236218440843874e+00    4.995020668062032966e-03    3.653720318881859236e-04    2.745678704182868207e-16    4.163862632083562546e-05    3.219222496971269873e-05    -9.722303780387516110e-08    8.073093003901210840e-11
2.900003878278756133e+02    1.001681557750556451e+00    -1.837458538731945052e-03    -1.546441973021269801e-04    1.365278025777804955e-03    4.149937965883298744e-05    3.081154588634474697e-05    8.005914501894834043e-07    6.975906637361993512e-02
2.900000034710875525e+02    9.993504824332438696e-01    1.306753633489790220e-02    6.402858872719388496e-06    9.316032765723555441e-04    4.406701875799074928e-05    3.386159937073907560e-05    3.636509701308880064e-07    7.686502467108919718e-10
2.900000890270268314e+02    1.001963947944033428e+00    -7.958541688902344424e-03    4.008081574138049746e-04    7.455254618241496977e-04    4.519035404944763643e-05    3.286731038732922398e-05    -6.941439615035383919e-07    6.092614376625205863e-13
2.900002598463667596e+02    1.000153313443827185e+00    -8.148284467694855496e-03    -4.922431279987005701e-04    6.669411966060140176e-04    4.388374469722351707e-05    3.348671434228849144e-05    3.588910018870234748e-08    2.911374423636503214e-02
2.899999903426796095e+02    1.003136701866687019e+00    2.716360299095187548e-03    -4.317000833903525425e-04    4.030855874106232800e-10    4.242883577467773795e-05    3.237900120144966855e-05    1.393543482495983585e-06    1.630272281495523043e-02
2.900003906494989678e+02    1.000335010601677066e+00    1.406932457180345996e-04    1.628666646318121061e-04    5.010667570049093765e-04    4.227827967204857195e-05    3.236642819557745341e-05    -1.919706396261266815e-07    4.177595706880017634e-02
2.899996862980311221e+02    9.985324552232388573e-01    4.864023198243548618e-03    4.398156518695690962e-04    9.521060903572425025e-04    4.178558600318868288e-05    3.222440092465348393e-05    7.457030466483282808e-07    1.313505325879474252e-09
2.900004404398647466e+02    1.004831621595089430e+00    7.799774248553667652e-04    2.813021444421320134e-04    2.729544786861264513e-10    4.166193344987682195e-05    3.209972920517312450e-05    3.721148771219019884e-07    9.433601399927457262e-03
2.900000338397336463e+02    9.992768982523675403e-01    6.080374762611456124e-03    -3.976699984097010142e-04    2.387658162577491801e-03    4.073146134238858076e-05    3.261070736578818501e-05    -4.246758906655326681e-07    2.793524522631854162e-10
2.900006811863595999e+02    1.000408565377298054e+00    -2.684267969025058275e-03    2.168651797684367950e-04    6.925147897748384011e-21    4.489386084032821847e-05    3.323699805499991090e-05    -8.486297288203073262e-07    4.858029937087934153e-02
2.900003272076767189e+02    9.980569154887246608e-01    6.027616447549990521e-03    1.159333688364978999e-04    4.479191423779231298e-16    4.307401088004721032e-05    3.368098797054439411e-05    -4.746060879234076643e-07    2.498302204070777105e-02
2.900003450328429153e+02    9.992211949382503455e-01    -3.090588326507092212e-03    1.075022817557561385e-04    2.537306430700156709e-18    4.567675670243443744e-05    3.372704660504610014e-05    -1.448354870697079323e-07    3.585492749681505609e-02
2.900001203417625675e+02    9.998593693548756267e-01    3.225555130071164085e-03    3.002901242085447486e-04    8.114906736837965715e-04    4.175608309082093773e-05    3.231941875060036397e-05    -3.850992668188395069e-08    3.147309459177761396e-03
2.900007816477483402e+02    9.995008472798264654e-01    -7.935979417189325744e-03    -3.416399610535174477e-04    3.246816488474653438e-04    4.199963356920119435e-05    3.199869544881890165e-05    -5.633102240810171115e-07    6.827726501778717816e-02
2.900001194595811853e+02    1.000832367808426326e+00    4.774965283183001021e-06    -3.157237792349284946e-04    3.287983709676775887e-05    4.318361998774923279e-05    3.283159979300459476e-05    6.660439556263910823e-07    4.314130940234645829e-12
2.900002681095105004e+02    9.991047010246782989e-01    -1.961602979593989743e-02    1.519998060477868317e-04    4.815770994344271099e-05    4.270149917698687190e-05    3.339439833316956897e-05    -1.121876434615340921e-06    1.272107121351939502e-12
2.899999927421655457e+02    1.000922101371566786e+00    1.477359223277653448e-03    -5.101745564477359364e-04    5.219036557810688852e-13    4.309603988926132971e-05    3.351858221880813133e-05    1.263732514898023604e-07    1.318149217984203141e-02
2.899999238271295781e+02    1.002298826755281924e+00    1.196582265082427027e-04    -8.626731365162683949e-05    3.407961582221647959e-14    4.349529205319646250e-05    3.283232205261328980e-05    1.436321919409262510e-06    8.688913202217853071e-03
2.899998862653127958e+02    1.002789641970438961e+00    -3.194431804933786472e-03    -2.326992509544051541e-04    1.828292032326935207e-03    4.212218745091872039e-05    3.187243692786762749e-05    -6.298241549439440167e-08    4.200192369472124931e-10
2.900004652736136563e+02    1.003161826480980512e+00    -2.397018530654995965e-03    3.034171363027503353e-04    1.675628041983955778e-03    4.302580272406826231e-05    3.203432136632575433e-05    -1.309700255774731386e-06    1.681131725682290246e-02
2.900007311178949294e+02    1.002909900336252269e+00    -9.611120278577106602e-03    -5.660625034339108672e-04    2.996922796523818211e-04    4.321604116881731176e-05    3.238985980923226649e-05    -3.862802588422641235e-07    5.299066464211585337e-02
2.899999636924245010e+02    9.982565630781110588e-01    1.515321712145210236e-03    -1.085416371728228078e-04    1.811654725052339640e-19    4.118675314683930904e-05    3.192872003958645017e-05    1.690126147406840321e-08    4.915382606445815717e-11
2.900003327981582402e+02    9.995391347163329332e-01    -1.058797157453617195e-02    1.654366505904090805e-04    8.384100211775437047e-04    4.338487882690547772e-05    3.208179864852774325e-05    -1.366837054332256386e-07    1.795226038511354635e-02
2.900000228658993819e+02    1.003281456738408961e+00    4.172646057108495357e-03    3.169730804054912547e-04    6.343901664550697676e-13    4.202169291313170130e-05    3.320405134197276298e-05    1.025891538417728490e-06    2.180789551265916935e-09
2.899997306416971128e+02    9.987376930646020279e-01    6.740026488664407206e-03    -2.613754285486355943e-04    4.866854160483370408e-19    4.102810979589901059e-05    3.282005076177022212e-05    5.499705162089207953e-07    1.677516127153080223e-09
2.900005318258288298e+02    1.003204472033319972e+00    2.248128592832572808e-03    -3.210488394705621217e-04    5.148194479592471890e-04    4.203376021876532149e-05    3.213161206570545224e-05    -1.230371129042588649e-07    6.753802686677452816e-02
2.899999133561838676e+02    9.977076053345619311e-01    7.020134143109779158e-03    -9.050901656826052725e-05    1.156653795368467187e-04    4.206846316313590046e-05    3.315240415418775421e-05    2.614104483053079900e-07    3.241529225216805108e-14
2.900001454753245298e+02    1.000100401746636614e+00    -1.019114213558589173e-02    -1.956533513517189917e-04    7.712224932116726848e-04    4.307035030296467448e-05    3.239019112029575711e-05    -3.925103915686116833e-07    2.778330529321218012e-13
2.899999021522890530e+02    1.001528795205676392e+00    -1.281895175233104846e-02    -4.050832260722579030e-05    2.928894599767759555e-11    4.237305824734726904e-05    3.351245084055119158e-05    3.741553168658393145e-07    1.724136271556234789e-09
2.900000876141593267e+02    9.983921175450087837e-01    4.700859242604726179e-03    -1.447376503949642922e-04    3.124265841490589109e-04    4.590677795524592881e-05    3.511953774955369465e-05    -2.507137270974520074e-07    2.161997702100903791e-10
