# f_r [MHz] A m phi D delta_r delta_ere delta_eim a
2.900006583799810755e+02    1.001334192271205126e+00    -1.310152786284067127e-03    -4.074020728685032915e-05    1.253228323461102198e-03    2.886815517214009970e-05    1.985883003166575319e-05    -4.151623516696808429e-07    9.196822354487252382e-02
2.900006341908572836e+02    9.986335407372973760e-01    5.372232541219567649e-03    1.106944837998306765e-04    7.868520527192754454e-04    2.983238974760706025e-05    1.958474831206376019e-05    -1.530943657763442760e-06    3.503769679888424100e-14
2.900002532974829705e+02    9.968749320531042901e-01    -3.280331449516620586e-03    2.201155531742732632e-04    4.754930952079076801e-15    2.895583347966642501e-05    1.955161743494924066e-05    -2.685165770449960800e-07    4.383999699197423799e-02
2.899999000990512741e+02    1.002819806574180683e+00    -4.829906031900006204e-03    -5.888810416095069389e-05    3.947089805958182765e-36    3.123057465023378764e-05    2.070493386005554945e-05    1.514242717933894741e-07    3.351703543262603789e-11
2.900003049680751701e+02    9.996492370085700019e-01    5.714543588995087825e-03    -1.471121146548188662e-04    2.650941657995424490e-27    3.144699679061108112e-05    2.030678190888443975e-05    -1.737980425446718833e-07    3.792284391335051796e-02
2.899997333919610014e+02    1.001318666847978323e+00    -4.180269242312693151e-04    1.950684101799515717e-05    1.769321610098695726e-28    3.045577749843490924e-05    2.012232435189616292e-05    9.540307327222385066e-07    1.397369723938311076e-02
2.900000797151097913e+02    1.000771210389342247e+00    -8.718408641985612648e-03    -5.342818894090939569e-04    1.632571834707480631e-03    2.807045973508888950e-05    2.042181964809544197e-05    -7.031585325420589726e-07    2.078337465275520895e-12
2.900002404355640806e+02    9.977435928191025205e-01    4.438844055097921834e-03    -4.469807682465340220e-04    7.468510083293676679e-04    2.965451782864409770e-05    1.956641539314291967e-05    1.024969919809687102e-07    2.050409655863060366e-13
2.899999225885464398e+02    1.000408425009818192e+00    1.487847451220621932e-02    -2.704311881197661973e-04    9.529097038653631772e-04    2.990455543366381841e-05    2.073042204253445819e-05    6.250133167037519454e-08    1.659278140191792236e-13
2.900005329070469315e+02    9.994705093598578172e-01    4.785314614879633902e-03    -7.804108621933518604e-05    1.540205670079908447e-03    3.133281241732400422e-05    2.186936543520019398e-05    -5.579721142956109567e-07    7.984031547344054569e-02
2.900005255694912307e+02    1.002452775617071135e+00    -3.996035659805378081e-03    -4.449400971059820609e-04    1.393101243958176431e-23    3.068647066675291756e-05    2.082214557516456826e-05    -3.162853676925098491e-07    7.498969560943676005e-02
2.899999191375255805e+02    1.002200564014186224e+00    4.295835927068582943e-03    -2.221109666094806076e-04    1.116179536459222291e-19    3.175750503899119233e-05    2.046082141269223260e-05    3.737648218421686997e-07    1.306963645676511119e-12
2.900000811569881876e+02    9.993951202214310658e-01    -1.353644380743363254e-03    -2.901180923381345374e-05    3.894137093070510797e-26    3.213033051924727850e-05    2.067944555118356338e-05    -2.998629291234122475e-07    1.145468886541533196e-05
2.900003844886424531e+02    9.985492621231840671e-01    3.531528498026454202e-03    -4.085040934720970371e-05    3.679082665688048798e-31    2.874013240128675160e-05    2.090475240516550704e-05    -1.468116327879597245e-07    4.743162824696288415e-02
2.900003882090026650e+02    9.969476145340625539e-01    2.167881649910324750e-03    1.904314169563297806e-04    9.316170974451959364e-04    2.814455340781801183e-05    2.005919461223794478e-05    -3.766042545964385113e-07    1.958774024302176175e-02
2.899996619307373749e+02    1.000994025993172887e+00    -6.229229980847060880e-03    -4.203925345170987101e-05    6.405835441222375160e-24    2.988242632447136088e-05    2.059115746080986657e-05    -6.204089510930249050e-08    1.533828731129832965e-11
2.900003398015177254e+02    9.993531058577850290e-01    -7.733378762957365642e-03    1.108596361842319802e-04    9.776018820783937562e-28    2.985903392849229232e-05    2.003479634663537476e-05    -1.242801306750216457e-07    7.911616517677017013e-02
2.899998515245835051e+02    9.975523780452004718e-01    2.129447456402928495e-03    -4.480979415505919987e-04    5.317212897747101681e-04    3.109558139342124622e-05    2.105594401808386863e-05    1.897284968208642507e-08    8.285538365282366753e-10
2.900002665888669071e+02    9.968708198582771907e-01    -9.665768158763290638e-03    -4.677110957404248060e-04    1.139593718059110162e-03    2.974130756697630784e-05    1.919380249642999595e-05    -1.702671276454082514e-06    5.935273823341188438e-13
2.899996400276709778e+02    9.989980224957725197e-01    4.221367384768235677e-04    6.794128517736564964e-04    8.132648762409503069e-04    2.788290042024123131e-05    1.984413444442871587e-05    1.231163227736770725e-06    5.691291839056932238e-09
2.900006720269983020e+02    9.993440247196243575e-01    -3.816232190837799687e-03    8.356924989945445446e-05    6.892541348445030067e-04    2.943677830073035290e-05    2.004706216686400925e-05    4.930003901836305285e-08    1.157578565934239134e-01
2.900002379811469950e+02    9.999898088160049658e-01    -1.940451613151240005e-03    3.498576007532759775e-04    1.591415012414388848e-04    3.230143265418252850e-05    2.078446475549641971e-05    4.314475083433835323e-07    7.213434702709235757e-02
2.900006733095519849e+02    1.002509450142485381e+00    4.105152403928401944e-03    4.019646729215519657e-04    2.359507526841576858e-19    3.185454068534514623e-05    2.174402893906952843e-05    -7.996800357501736106e-07    3.608001848641402554e-02
2.900003178562098469e+02    1.002354020078151553e+00    -5.120290029922853689e-03    -5.045125868198415363e-05    8.951443473374836596e-23    3.119221697182891317e-05    1.951131775323376944e-05    -1.601804635004758673e-06    5.200022028154998609e-09
2.900000860585892610e+02    1.003943212290158149e+00    8.198636751787422711e-03    2.634967322258862060e-04    8.685723500284225516e-04    3.222144518979587794e-05    2.168853070464966617e-05    -1.221408386890909781e-08    1.424945162165392387e-03
2.900003015902140078e+02    1.001271788212179992e+00    -4.893303792682950418e-03    -2.399061221694779743e-04    1.444310431407659163e-27    3.206344123577999040e-05    2.067424661399097326e-05    -5.092614063588657445e-07    8.091586782664846613e-12
2.899999944603119957e+02    1.001926760419575846e+00    1.823694099261488274e-02    -7.974408659163882164e-05    1.445479414381844324e-03    3.049053669444652532e-05    2.040861909624343935e-05    3.875319569970380665e-07    9.735528237505084101e-11
2.900004658409607714e+02    9.982994875382469324e-01    5.802440545505227650e-03    1.643025174016368207e-04    2.183254787602922340e-18    2.860060138539605192e-05    1.994472037985812584e-05    6.066492778435112693e-07    8.940576585924869812e-02
2.899999688554675572e+02    1.001990619307515207e+00    7.119844040196434028e-03    1.208460196147472329e-04    1.255323470380171073e-23    2.866882658414673802e-05    2.016082398581864319e-05    -2.505465355162504422e-07    2.032206007512845500e-10
2.899998621646053607e+02    9.993518192545255419e-01    -6.009171073648924416e-03    1.346523262424995386e-04    1.165670581020358016e-15    3.005269992581721135e-05    2.080508580989398880e-05    1.499123771649321601e-06    5.896965311554736716e-02
2.900002195664272335e+02    1.002791190942567745e+00    -3.372587419329290282e-03    -4.469151242140264745e-04    1.381989254886760154e-05    3.142522213976797025e-05    2.115455592335828918e-05    -8.300688879903528344e-07    1.530417151669420148e-10
2.899998708519989350e+02    9.961354647616933455e-01    9.092225239237354539e-04    -1.408620144384910191e-04    1.336717884290263263e-03    3.033919122632389452e-05    2.017935176912663580e-05    3.780452063058301932e-07    3.163131374645649101e-10
2.900000714809313536e+02    9.998439150393487740e-01    -3.395358601159222459e-04    2.888107205898244310e-04    1.821673791854240420e-22    3.111043301661844398e-05    2.032305289152609446e-05    1.785634920594246700e-06    7.053551797180326877e-02
2.900000529794017439e+02    1.004943502164328262e+00    9.409586185125206996e-04    2.098501112061318462e-04    7.783530524155318399e-20    3.154917396146625027e-05    2.053760976755901639e-05    -4.895748737310599000e-07    6.927352178329022227e-10
2.899999226134404466e+02    9.983775697418664219e-01    -2.664324820264729436e-03    -2.436476838040714651e-04    7.441306412339893941e-24    2.848449019701120084e-05    2.037189017288782697e-05    4.051211645723510724e-07    2.329184267097463359e-02
2.900000814031825485e+02    9.991236967884854492e-01    -1.322138717117965750e-03    -5.621184719265998097e-04    1.952200022056425629e-20    2.817295803719133417e-05    1.883403470150937597e-05    1.267846030100336306e-07    2.245934819113438205e-08
2.900003145245236169e+02    9.986436401701130894e-01    2.172627104310722278e-03    6.079767790513641986e-04    6.210534261136865586e-18    2.882658051529529008e-05    1.971382369701960450e-05    -5.611121518453488809e-07    1.917980487986073110e-02
2.900006185196040178e+02    1.003004893508887996e+00    -2.214041275944880153e-03    -6.786968824714018425e-05    9.800798394993210988e-05    3.066551106686229717e-05    2.001925297124994469e-05    3.356421486197302427e-07    1.372290519047786872e-01
2.900002272225156617e+02    1.000417029438693373e+00    -7.238582476450606748e-03    -2.740867734532401396e-04    9.732184814674715552e-04    2.945664508395880860e-05    2.040336749288652543e-05    -9.785649507947845193e-07    1.741834311226186009e-12
2.899998745005779597e+02    9.962617669688940136e-01    4.139995056256209373e-03    5.367505744918777848e-05    1.863507897060095618e-03    3.105293550372705599e-05    1.944463156521136879e-05    -2.918862534709112643e-07    2.167615789634086801e-12
2.900006069278281302e+02    9.991028725508348529e-01    -1.223095441675177983e-03    -3.599239255709380246e-05    2.536744863424397149e-03    3.115732328819671623e-05    2.058420668747298194e-05    -7.364645434931254102e-07    8.312236046200310868e-02
2.899998955658695650e+02    1.002440355529221172e+00    4.355551304802691807e-03    -3.743827287032424630e-05    2.269320573473017988e-25    3.150322951737019025e-05    2.094634670666871082e-05    4.258460591664614718e-07    7.180375920217201908e-09
2.900000413104447148e+02    1.001106761414267021e+00    -1.191241001345752330e-02    1.739273068991728402e-04    4.343356390367709657e-32    3.365999269866840895e-05    2.099415786687629533e-05    1.005633614675041365e-07    3.555093884170684239e-12
2.899998213662253761e+02    9.987757897425739717e-01    8.571571286159277965e-04    -2.961284695041707248e-04    1.497718361795846080e-22    3.004323703567672805e-05    2.052401826058427325e-05    7.374371194951134647e-08    6.091135692960306124e-07
2.899997002368971266e+02    1.000499808470651564e+00    -6.882413422821287083e-03    -9.883512527657165308e-05    1.458054406767113939e-04    2.884306714260863008e-05    2.051429642713965720e-05    6.892873868358656589e-07    4.730300169288236130e-13
2.900003617686025450e+02    9.998634685322150828e-01    4.164325085679781817e-03    -8.183309415111050616e-05    1.946061913439390896e-23    2.964743439845971077e-05    2.122440017639791769e-05    -1.054447777426427519e-06    1.812567518058408778e-09
2.900001072446660828e+02    1.001060473237699089e+00    -9.084999645606852336e-04    -2.710057857465349466e-04    4.487483597555844098e-18    3.138331454524566539e-05    2.034108883823138177e-05    5.947501766395733019e-07    3.006596761170538326e-02
2.900001427761664559e+02    1.002654852378478845e+00    1.205340093612178309e-02    -2.088217947756100014e-04    1.585554227504494080e-20    3.079480401113930617e-05    2.049912616407890070e-05    3.145881482124238643e-07    1.265606231079329349e-09
2.900002090511474080e+02    9.969653715992679022e-01    -1.795975666489613718e-03    -5.035706634753521916e-04    3.238757526025431641e-04    2.813960918366722466e-05    1.962106124886143176e-05    -8.270252514083699293e-07    3.376582311959915218e-10
2.899999946848681134e+02    1.002074219168014535e+00    5.291591993783667340e-03    3.232828000487870251e-04    1.519287755684019291e-03    3.038071039121626067e-05    2.066681194070530799e-05    1.250289879182324205e-06    8.657220861174166893e-02
2.900000100613159475e+02    9.989318430030508233e-01    -1.867685586388418296e-03    2.557461406420880642e-05    1.959714591665749856e-04    3.140487068513392869e-05    2.091225475852955492e-05    -1.840917810780629845e-07    4.706477418515007883e-12
2.899999953255031073e+02    9.962123325405518592e-01    -1.194045678860255685e-02    -3.185491761472571560e-04    3.764301241451314299e-04    3.116004089537665738e-05    2.021997816549298487e-05    1.288592182014615607e-06    1.077112202711989937e-02
2.900002495879226103e+02    1.000242988830847723e+00    -1.737407448323262035e-03    2.040675808498322314e-05    1.729649268826234819e-11    3.518491088239936789e-05    2.205834846963396494e-05    -4.111043124591686132e-07    3.158098396150803983e-02
2.900002790791527332e+02    1.000620039957322627e+00    -1.072824539996760198e-03    -4.640995357950289391e-04    6.090523657659973602e-04    3.030302452853843201e-05    2.036027610263090956e-05    -9.177728424511946297e-07    1.830114879693492749e-02
2.900002667539377512e+02    1.002439779136421905e+00    1.466743958340213823e-02    3.626069934766888183e-05    1.426429253356474062e-24    3.098660822380614984e-05    2.068320555332032134e-05    -7.188078948913059295e-07    3.111638734956009844e-02
2.900003056483556634e+02    1.000878023869056666e+00    3.218329062949924161e-03    6.837466442526590835e-04    1.093372105747419943e-15    3.098643139407962922e-05    2.077780395482377266e-05    6.799478155245603166e-08    5.537338989663897343e-02
2.900002462068856062e+02    9.993911470488177073e-01    -1.641395076521910039e-03    3.501836941505610378e-04    1.019071258196389998e-23    3.130107366822996079e-05    2.067218237860606083e-05    5.897795416841651945e-07    8.077426636509235647e-02
2.900002595313109737e+02    1.000025182706428373e+00    -7.074544431526096425e-03    -6.955942936416266474e-04    1.355173370402559480e-28    2.976197882006865336e-05    1.974391897502680677e-05    -1.471396526972168411e-06    4.666926301125322346e-11
2.900001837621387040e+02    9.985559632924427831e-01    -1.704430708500294725e-03    -7.944728050920185842e-05    6.947629780297366651e-14    3.103311860788853806e-05    2.058489660338511508e-05    -4.852595090488790003e-07    7.235179081005069408e-03
2.900001707638432435e+02    1.000836663696672124e+00    1.400377988646577757e-03    3.004389587500067254e-04    8.001402412211886080e-18    2.853432723021555846e-05    2.015564127537872505e-05    1.080081084621437880e-07    1.902034826922593264e-03
2.900004152895720608e+02    9.982066655801191679e-01    3.962176711230823781e-03    -2.848509189943468334e-04    1.479748672728203786e-03    3.057039631144412505e-05    1.995940209150674077e-05    -9.145896849527670686e-07    9.694964539823235083e-03
2.899998934393755121e+02    1.000070712945105411e+00    6.930826670427868777e-03    6.893880875453471451e-04    1.773818374785597878e-03    2.799100871731766312e-05    1.940925452707829437e-05    5.317470607053603964e-07    1.713081995315542249e-14
2.899999884298442225e+02    1.003094008452010133e+00    4.230594645801490257e-03    1.581420680513907805e-04    1.531303819616786712e-18    3.055880681761767424e-05    1.976204500405135989e-05    6.103196023774313836e-07    4.669130180727942836e-02
2.900005610539973304e+02    9.967056826092387523e-01    4.402298985696407978e-03    1.806530023128905948e-04    4.000970252548214832e-04    3.029796147366295889e-05    2.010361243280328654e-05    -1.968276318845823468e-07    7.968851986995512116e-02
2.900001576745053740e+02    9.997382160972569931e-01    -7.339703057594852871e-03    2.610236326035008579e-05    7.013352795362894944e-04    3.024355655693416041e-05    2.053448484826245036e-05    4.816347425730110374e-09    2.439210346413480113e-11
2.899996900127496247e+02    1.000349114165890452e+00    7.345371470087551195e-03    8.406363505474033265e-05    1.614116424363726038e-04    3.250380348608916263e-05    2.161298422586446346e-05    1.154932756702479970e-06    2.291914102646724384e-03
2.900008498972712232e+02    9.999176458327845296e-01    4.825134292736928468e-03    -1.057855357983997116e-04    3.170052623688815188e-17    2.797696688553823186e-05    1.901962842541997002e-05    -1.207131402643118488e-06    6.410807072480263769e-02
2.899997724023480714e+02    1.002846163756652587e+00    -4.248780700238786838e-03    -4.492006599857852837e-04    3.411357099174248820e-25    2.860254907703878500e-05    1.944461391806415006e-05    6.809477528353471923e-07    4.272803188857564223e-09
2.900000185360777323e+02    1.001986795839323596e+00    5.203176564374943809e-03    -4.382061708175760250e-04    1.668650882367234840e-32    2.863210107090110893e-05    1.963434668214065568e-05    -9.191756071093407851e-07    5.661381776903905789e-10
2.899999314434374469e+02    1.000314511434933218e+00    -1.625022196552388179e-02    3.749506204252765632e-04    1.506905113785916893e-04    3.052560362563369958e-05    2.072749088250661287e-05    -5.628928010294447870e-08    8.475630426988366162e-10
2.900004105597110424e+02    1.002365708669223920e+00    5.703571639308417998e-03    -5.582510554970073315e-04    1.437391660411880883e-03    3.258429872830463067e-05    2.064920627224907628e-05    1.929728094661780678e-07    1.066141173681502685e-01
2.900001703453398818e+02    9.984240868793997636e-01    1.019708942691226021e-02    5.638588162808128891e-04    6.490701849176260565e-11    3.070259202364791768e-05    2.061036639988734646e-05    -2.334105315301529362e-07    2.408480684279505624e-02
2.900003079073463255e+02    9.984001298332063623e-01    -4.410710005319864319e-03    -4.292230428387607574e-04    1.392320790718124771e-04    3.009374932524677760e-05    1.948550779497696626e-05    -5.358738594890390938e-07    1.938599361861390036e-02
2.900002615595822135e+02    9.991175235764154783e-01    -2.803177230296618593e-03    -1.365212838534336402e-04    5.875000014589855980e-11    2.977367036661315649e-05    2.123833207021212679e-05    3.300646600161248028e-07    5.521003949204441550e-09
2.899997645492152287e+02    1.001147940181469576e+00    7.095200282612901255e-03    -2.059147716529116201e-04    6.754649483208135553e-04    3.103912142941229368e-05    2.059060162134155556e-05    5.291972872641936586e-07    2.979605002282582432e-10
2.900001164729573020e+02    9.981879051443650619e-01    -1.388807826257199701e-02    -9.146628708471745697e-05    2.901023350145360383e-18    2.924426559727726451e-05    1.926748037080980788e-05    -1.123507650097495800e-07    1.694865932254787877e-09
2.900001781311563605e+02    1.003680988952465158e+00    -5.622663486145109378e-03    2.078472689922100615e-04    8.072176451063739662e-04    3.146310086979520301e-05    2.069779757222435821e-05    -2.888340455087110824e-07    1.901614334262715852e-02
2.900000313361634312e+02    9.955156059279780534e-01    -3.240134844381123164e-03    -3.816369564765886087e-04    2.622559166226137042e-31    3.064644632382512507e-05    1.991935240234648746e-05    -7.890323015818600195e-07    2.456585958242489195e-02
2.900002567495495782e+02    1.000448336109398317e+00    3.802505360515398645e-03    -3.011701566563560915e-04    5.743343976979799290e-04    2.972523111934230331e-05    2.070595418165094076e-05    1.008702747743750288e-06    3.241954299381225729e-02
2.899999940234213796e+02    1.001018982660568657e+00    -1.095939716004204912e-03    -4.635687327210492577e-05    5.055041858260648531e-05    3.192565748363904231e-05    2.050600351606161434e-05    2.222358279027635462e-07    3.526680339792327701e-02
2.900003489065697977e+02    1.000530553897386321e+00    -7.147094222322013767e-03    -7.413948561015656523e-04    4.276075693714127887e-21    2.978518865586474092e-05    2.065473498602563658e-05    -4.307412578497678162e-07    7.376571744372930624e-09
2.900003402259370660e+02    1.000463285648388378e+00    -6.658440201040088935e-03    -2.382380293789281012e-04    1.726125265790423130e-05    3.098551621081008895e-05    2.118607054013593754e-05    -3.468547341511236803e-07    4.910157171409186480e-13
2.900001018090688376e+02    9.986381636933552297e-01    -4.632837493037028631e-03    -2.623688048924279013e-04    5.462818786149479643e-04    3.090122518366768668e-05    2.158530473870047493e-05    1.784213977376369059e-08    1.033734974129654456e-12
2.900000361135751632e+02    1.000557832731079566e+00    8.861295383206297576e-04    8.683164938631919582e-05    2.337425597600321220e-19    3.074065792564675034e-05    2.037747791980499659e-05    9.436499044818558995e-07    1.164217634687209767e-10
2.899998105556837800e+02    9.968017642862371241e-01    -6.108009798942599759e-03    -3.558064641320009681e-04    3.622752186351715551e-04    2.918240582517729899e-05    1.984113929507649935e-05    7.968607309017126340e-07    1.370602928765464189e-12
2.900002926863154471e+02    9.959116103148176746e-01    -1.690757524396866232e-02    -1.491905562660984503e-04    5.388474077573261738e-20    2.976377941318740533e-05    2.006742781213748447e-05    -9.783267673897687070e-09    9.632170426123796633e-03
2.900003637298356693e+02    9.997176597388552910e-01    -2.519002963682601820e-03    2.819867652002865099e-04    1.309551012193441947e-03    3.200642570284866194e-05    2.169158302045241449e-05    3.916316403155793698e-07    6.493796259836946694e-02
2.900002411807354861e+02    9.985903996302666341e-01    -3.219321368839477004e-03    2.900308245190790768e-05    1.676901480419491254e-03    2.815885177514536775e-05    1.909186256029668752e-05    -1.108437049489117356e-06    1.483693287448002481e-11
2.900000620986104423e+02    1.002682488627488766e+00    3.553201968205504675e-03    -2.907034448929409669e-05    8.977266563267239296e-04    3.108846049813053140e-05    2.103701459535178806e-05    -1.644567469676616488e-08    1.768066316574476481e-03
2.899998283929608078e+02    1.001496835369638072e+00    -3.067411727443053199e-03    -2.782681830085351649e-04    1.589130420426063551e-03    2.799036145054607647e-05    1.956203819911577272e-05    7.498700563069379745e-08    1.064828492898399535e-09
2.900005927343423195e+02    9.995852642573164193e-01    -1.138221093347669679e-03    1.633381832491669736e-05    3.947860805827711588e-21    2.984380940502445867e-05    2.095217782616871260e-05    -3.941080083099460845e-07    8.207379713302687119e-02
2.899999586447306683e+02    1.001611675998839823e+00    1.363617782164782723e-02    6.096114701522583572e-06    9.172999970048034777e-04    2.834345280279382178e-05    1.964781925628259531e-05    7.275960049693971669e-07    1.560470555817361752e-12
2.899999047232902853e+02    9.987215011548857824e-01    1.056899505768186046e-02    -1.856661217755313303e-04    8.523226017767249786e-20    2.883414807987392308e-05    1.994092852343372086e-05    5.937401567108712412e-07    1.130692406198931102e-10
2.899998809816058838e+02    9.966541648161869604e-01    6.670314396261903603e-03    3.384775508920839359e-05    7.182353538979610770e-04    2.996721622938312602e-05    2.048967617981691476e-05    5.134997928227073510e-07    6.758085362253135543e-14
2.900002181903840892e+02    1.003375558335653839e+00    1.541525795313339504e-02    2.797048628747497647e-04    2.245084310349215674e-04    3.108192909588090820e-05    2.069613153651330618e-05    2.266187092780777559e-08    6.080004124473728511e-02
2.899998552601616666e+02    1.003204174193580878e+00    6.985218375960574808e-03    9.602264246208599627e-05    9.708160488605061870e-21    2.919857774830498821e-05    1.902848507398118726e-05    2.539644316872148356e-07    1.421170712072822827e-02
2.900004097407781387e+02    1.002238455831771180e+00    4.774956898102947385e-03    -3.410085802600528555e-04    3.412539396655444396e-20    3.040159281498387874e-05    2.018856950566468025e-05    -1.034372705422535169e-06    8.222689972926835843e-09
2.899994442591964798e+02    9.981551334265922337e-01    1.160094006586869474e-02    -1.048627709928399244e-04    1.981576055520128179e-31    2.920308219094284503e-05    1.992983200880502713e-05    2.107671099590353207e-06    7.896557564064189567e-10
2.899998320459586125e+02    9.972174932236462785e-01    4.619593403050846134e-03    -7.359442621623320583e-05    1.512187379012228192e-04    3.287869043352002773e-05    2.106297142644492616e-05    -3.917155298990963540e-07    1.935173845803838934e-09
2.900001156243196192e+02    1.002283321473061317e+00    -4.032773636093319423e-03    8.297580968795791403e-05    1.912538700248601323e-04    3.002074101325800454e-05    2.021545262219540554e-05    3.845199697382098052e-07    5.284017264960315013e-14
2.900001042291891054e+02    9.991272423886206067e-01    4.086605108457476605e-03    2.801344721310581785e-04    3.072867701267448042e-04    2.855516401372099403e-05    1.962073812765228732e-05    -3.929500477686316768e-07    2.936183895726141089e-12
