# f_r [MHz] A m phi D delta_r delta_ere delta_eim a
2.899996534308048695e+02    9.979068190360796953e-01    4.213302689052521137e-03    -1.876243368723396799e-04    1.044664281082422788e-18    2.006079848406434768e-05    1.079167579160968956e-05    8.749290569045646198e-07    1.441467959338492164e-08
2.899999054024524412e+02    9.975281772032075223e-01    -4.115763725460996544e-03    2.001003873253411102e-04    1.797523689038032784e-18    2.039325972869545945e-05    1.095018687280867042e-05    4.282058878414967962e-07    3.241451141704847910e-02
2.900016924844978803e+02    9.983453228308437621e-01    -2.864072153223537649e-03    -6.107550583734511901e-04    2.328136143194366822e-26    2.232622248594321517e-05    1.229385000136646154e-05    -1.476012916621586323e-07    3.484277107437228627e-01
2.900002084722891027e+02    9.987598018422898516e-01    1.084558769250254691e-02    -3.672848247099797262e-05    3.450575340998178258e-04    2.232935518980246208e-05    1.109258651330860289e-05    4.197169561745711857e-07    5.535984121224441640e-02
2.899997682697443793e+02    1.002411271019881811e+00    -6.536464411020589602e-03    -4.669057268391331407e-04    7.221517403485895408e-19    2.147413207644922545e-05    1.099778940700696789e-05    1.140216850442363417e-06    1.128327646796612017e-10
2.900001115121243060e+02    1.000242915278854339e+00    -1.021272885730282326e-02    5.656177103784005558e-04    2.747712252925390945e-03    1.953078280712213394e-05    1.091848822881071367e-05    -2.732589588571433361e-08    3.241997919363961813e-12
2.900000018419050889e+02    9.981756760871401957e-01    -1.397952652905678876e-02    -3.667171569554661810e-05    9.005417406207865240e-04    2.227680860949320113e-05    1.181884692501400749e-05    4.182354281852218626e-08    7.611972748281141204e-14
2.900002066879649192e+02    9.998934686983401710e-01    -4.075890035589769395e-03    -2.861238504096977916e-04    1.331895962371194540e-17    2.301058856297926938e-05    1.067537438223821693e-05    -3.318331645698294545e-08    2.376845769665529202e-09
2.899998746282533375e+02    9.985657279730224545e-01    2.680109047826553445e-03    -2.903341996323618047e-04    1.125574230441948313e-28    1.974457500312999233e-05    1.091765588863615368e-05    -3.194720689405867557e-07    4.296215632846386029e-13
2.899997929633601643e+02    1.001957311468571588e+00    -1.396419674499854279e-03    9.169660719219338649e-04    9.344969339596015079e-23    2.298098932081843381e-05    1.029703104028404127e-05    9.961972422367743369e-07    2.153302968777248000e-02
2.899999557836544568e+02    1.001637239204142382e+00    -6.950749242526649795e-03    1.318750179037633450e-04    5.121502726256522585e-04    2.028099120090297750e-05    1.063544757553105255e-05    8.881944743836452741e-08    1.547491836231439085e-10
2.899999614289731085e+02    9.991726615218867735e-01    2.320215443287010869e-03    1.699825413775175767e-04    3.766655658250901641e-04    1.790178432670646398e-05    1.026369475558888803e-05    -7.802126833279723364e-08    1.282873731321564551e-14
2.900001051223733270e+02    1.001323124212627702e+00    -3.351286704369601469e-04    3.634322174774669290e-04    4.038042414611079880e-21    2.065720450035641621e-05    1.111354504451905492e-05    -1.689072884743878737e-07    2.547913720719818337e-07
2.899997579772197014e+02    1.001792950799722748e+00    1.378812288330721588e-03    1.532792801592188024e-04    6.834406379587679549e-04    2.189962587617614028e-05    1.099369351065826811e-05    4.687582025866801781e-07    4.433448099948547962e-16
2.900003681068900505e+02    1.000225004612792068e+00    8.551543618882981312e-03    -1.184965642325836274e-04    1.311312831391587273e-04    1.992991235969422483e-05    1.081699950403486541e-05    -9.932978622942854583e-07    1.310222289346643296e-02
2.900006370911875138e+02    1.001729776944868089e+00    -7.549107887139852027e-04    -4.234392356511562584e-04    3.426797125820027592e-28    2.258701278184320986e-05    1.170839693770849203e-05    -4.657770252722703636e-07    1.081787034209450576e-01
2.899998005414298632e+02    9.993245905930066009e-01    3.076747938278551978e-03    2.602491113483864859e-05    5.963838943426608271e-04    1.864713519140309876e-05    1.056798203077991375e-05    -3.042203015480800540e-08    1.725773369093119963e-14
2.899999339880253046e+02    9.968574222793180617e-01    -6.305709346967057136e-03    -6.471386766778074390e-04    1.417620088058734336e-17    1.808604817622967763e-05    9.788225621292956746e-06    2.682628708832877868e-07    9.995901358172716301e-09
2.900003236300701701e+02    1.004548696924786100e+00    -1.260728996244448591e-02    -6.365715667523904079e-04    5.616796609955211315e-28    2.069212709336933810e-05    1.106171110863396728e-05    -2.779842814849201914e-07    5.885534058254815785e-05
2.899996410637565418e+02    1.001131303254189309e+00    1.883190282942710358e-03    4.845810543467158628e-04    7.689163998439111768e-05    2.299071904870925501e-05    1.152371959851616201e-05    1.076890001191429082e-06    2.394633127704743493e-11
2.899997496541656687e+02    9.976738407304517331e-01    2.040437459644897644e-03    -1.886594016828800299e-04    3.992206112219230532e-04    2.239325438633352842e-05    1.155849560400765898e-05    1.333879808421255394e-07    4.899226629048272796e-15
2.900001672480785260e+02    9.981002506927439955e-01    1.839914145213942653e-03    -2.593060063407286696e-04    6.074932107109427350e-26    1.961162211336441353e-05    1.013561923686180171e-05    -8.871745953737975602e-07    5.573808207428905000e-09
2.900006928534706390e+02    1.000389274333232770e+00    1.177211764293992734e-03    -2.006778673795308471e-04    1.005449785219164702e-03    1.842514532469870358e-05    1.020706341207491997e-05    -6.658184395594164426e-08    2.340955399646493518e-01
2.900005798584222703e+02    1.001496525640612978e+00    -3.665203166897365843e-03    -2.320757412919925418e-04    7.553682858931807575e-23    2.565111519535695164e-05    1.177036278892795181e-05    -9.549443256279806108e-07    8.099951932899807832e-13
2.900005537823643635e+02    9.989072777291870819e-01    6.836270239976203165e-03    3.938789042700039679e-05    1.139312198078559378e-03    1.899881938408945188e-05    1.019651621822235364e-05    -1.015113965891045810e-06    1.609653088190179590e-02
2.900002941829924339e+02    9.991620645881628127e-01    6.569540634575554011e-03    -1.045637476061384897e-04    3.392355712719847009e-04    2.077450018143464947e-05    1.029996458342942243e-05    -1.037125952608874285e-07    4.468994765990873252e-02
2.900001758170427024e+02    9.971709105574003695e-01    -1.420416105898833492e-02    -3.482701456947702922e-04    1.120929801447627773e-03    1.873133014298921758e-05    1.032632629664147268e-05    -1.562718387699277293e-07    1.503084185523373794e-09
2.900003888019098781e+02    1.001204004574985262e+00    -5.170016853228162103e-03    5.293821605787271082e-05    2.413115381225056274e-14    2.144598311202187366e-05    1.088196875777574180e-05    1.208675676774481855e-06    1.386957540571855385e-01
2.899998825030738203e+02    1.001071290454591090e+00    -1.850030065928454657e-03    -7.816302351966779793e-05    5.943436246381764675e-04    2.017000964651067665e-05    1.062355058999952644e-05    -3.093687544111713953e-07    4.805915441082592313e-14
2.900000387826743236e+02    1.001748864333263711e+00    -4.660680027432506298e-03    -8.606228253589855712e-05    3.603852760717037497e-24    2.100399646432632100e-05    1.036085262631911889e-05    2.847482777212051992e-07    2.267751282275980493e-09
2.900004013529217559e+02    1.001445041418381976e+00    1.904238627656310717e-02    8.057442178046562032e-05    4.612475090344135498e-21    2.020484218707768384e-05    1.065627380524045963e-05    1.536661743869098175e-07    1.154957993174601100e-01
2.899999648199251965e+02    9.989718083397303161e-01    -4.722490092999172794e-03    5.323006298075968990e-05    6.078600617919265942e-05    1.976722992722303231e-05    1.013702347333237786e-05    9.075256940612607031e-08    2.025974515181503538e-02
2.900007852956158558e+02    9.995516306479461655e-01    6.882672314139175879e-03    -2.687344225791955593e-04    7.748297533596568874e-17    2.042150407107852768e-05    1.057013843745794605e-05    -1.085652457310543510e-06    5.722779583630475259e-02
2.900003259536393898e+02    1.000238697327131554e+00    -5.871909291125312902e-03    -8.759796976533557500e-05    3.830716479799396514e-23    2.091116625874108183e-05    1.040779679853170475e-05    -4.872380217897163803e-07    1.115486073504390690e-13
2.899999797811759663e+02    1.004394144182056303e+00    -1.551006985392043959e-03    1.819523774452455589e-04    6.994340435024136654e-04    2.020749341283015359e-05    1.152942762052261925e-05    3.298332211773049803e-07    1.023916619561974111e-12
2.900002865359946895e+02    9.988669093090680740e-01    -4.544191712092685541e-03    -2.937509149911265448e-05    3.826429875162769625e-04    1.969850027830464292e-05    1.073401028082370913e-05    -6.474565527492821570e-07    2.719807992559985732e-14
2.900001505108452307e+02    1.000585126024243765e+00    -4.781929991136651785e-03    -1.802075340618227242e-04    3.275262998291496324e-26    2.298271598251101915e-05    1.134050673218937661e-05    2.696721739018182441e-07    5.761760423373122469e-02
2.900000310582164502e+02    9.999033991295421808e-01    4.934119028739802904e-03    -9.312132825978247967e-05    1.540814606605441167e-03    1.834180724579363367e-05    9.304956447723119589e-06    2.872213975210856023e-07    3.535804502952453587e-03
2.900008759933556917e+02    9.989212854188895818e-01    1.220063625006141206e-03    -3.427487403590112180e-04    4.222983170480806478e-04    2.083400014617675568e-05    1.105307682834080065e-05    3.509613331685789643e-07    1.691111083225832479e-01
2.900005491826090633e+02    1.003682118095549081e+00    -2.597281094757829516e-03    -9.579754719163382712e-04    2.315550572597861965e-20    2.026905611643965593e-05    1.081254884269288922e-05    -8.983509731201344479e-08    1.199192998290489337e-01
2.899999151582518380e+02    9.992601662919676775e-01    -1.158192868308848163e-03    1.531059198359408739e-04    2.525588289649606472e-23    2.474045351630870207e-05    1.212194729447380119e-05    2.994973536241686610e-07    3.332694668818244471e-02
2.900002994902023943e+02    1.001140546586400726e+00    -1.182227825886328874e-02    -1.655242976773116023e-04    2.406419973421330933e-19    1.767959403033682672e-05    9.771986652348469421e-06    -5.580542749620131999e-08    7.171153286989563396e-10
2.900006091841198099e+02    9.964922853379170054e-01    3.892147618067526293e-03    1.969050780841306999e-04    7.966897279156922966e-04    1.807387089287048533e-05    9.893605969778932740e-06    -1.045660387067545010e-07    1.441654818255174442e-01
2.900001035370143541e+02    9.983952886670958149e-01    -2.639529032201692535e-03    -2.999714384854607280e-04    7.411944923400629085e-26    2.113183155255855973e-05    1.095639653944448401e-05    3.019792293388584593e-07    2.644816027485983330e-11
2.900002075076630490e+02    1.002139005543817518e+00    -1.138817775063571437e-02    5.077394138103390750e-04    7.890318371107712600e-04    1.845690134351354311e-05    9.931075777495567843e-06    3.450722117970115015e-08    7.488221107008952160e-02
2.900002601033387464e+02    9.986139469539416780e-01    1.362380077535967245e-02    2.429530648390366087e-04    1.287474893622775768e-23    2.331688495493400772e-05    1.115192226242287144e-05    2.931356943702566701e-07    5.442067250565437581e-02
2.899999128596416540e+02    9.988222700690716493e-01    -1.377353499383290360e-02    -2.062872944155488104e-04    3.915051632832194322e-24    2.119638835956224676e-05    1.097524362619228838e-05    -2.470693927720887621e-07    3.834869761421033199e-10
2.899998117201904506e+02    1.000576281526510902e+00    6.013158942441289290e-03    -2.141260135259619017e-04    2.326005822935794509e-03    2.060002659169598042e-05    1.070544087407456247e-05    1.014738069370591872e-06    3.471885063500391788e-15
2.900000947884537936e+02    1.001628649763254719e+00    -3.044373349066423293e-03    2.126484508325108777e-04    2.906616664442543917e-23    2.066571106369008556e-05    1.022311902045231090e-05    7.667108715230251607e-08    6.720494375437106871e-02
2.900006907946802244e+02    9.982934912447096742e-01    -2.814112864156768836e-03    1.540227498012765924e-04    7.067760356439151517e-21    2.100364915918458296e-05    1.008197055689935726e-05    3.341570410694165029e-07    1.660441081596862045e-01
2.900002949544461899e+02    9.981432035032392625e-01    8.478550990166139681e-03    4.142041539764202036e-04    2.016279516370405879e-19    1.931919431188335186e-05    1.042381658059347919e-05    1.207787310738388558e-07    1.410669158141830692e-01
2.900007274797828245e+02    9.981120040994553300e-01    -2.527170555717989878e-03    -4.363841418035473808e-05    7.205706150259983704e-22    2.456518884261144921e-05    1.123395321494255650e-05    -2.114458178809306475e-07    1.441724529418820788e-01
2.899998860102866729e+02    9.994252861974612934e-01    5.742236885496382337e-03    3.102709169528125713e-05    6.086362981280058892e-05    2.238516255986098847e-05    1.138499441935055436e-05    7.932232018995179373e-07    2.872591772228039186e-02
2.900004783148842193e+02    1.001669815957017873e+00    -4.134030242609326201e-03    2.139435983222471292e-04    1.391489891565064048e-25    2.106186504437541234e-05    1.080486024891008554e-05    -6.632002584994432818e-07    1.255611157552332102e-01
2.900002758260339419e+02    1.001579397525832249e+00    -6.211112344256810094e-03    1.370995898956878794e-05    1.335768014479716452e-03    2.458397334997518586e-05    1.180604895498644911e-05    9.951897295642259336e-07    8.642527339935067443e-02
2.899996114501989837e+02    1.000884963755729107e+00    -8.523633789743662037e-03    5.428688449983738512e-04    1.724356340909691221e-23    2.081331500174026016e-05    1.106337157938639118e-05    8.940839487257970660e-07    2.873086889061701954e-08
2.899998762006555921e+02    9.997813312081890169e-01    6.104430402812864543e-04    -3.401588413667581701e-05    6.849342694241498724e-04    2.060499873707019960e-05    1.110928976850966293e-05    4.090357864168184303e-07    2.737002312736507015e-02
2.899999847470039072e+02    1.002830149343587829e+00    -1.623852396838644258e-03    -3.785425940095082432e-04    1.892309792462389296e-15    1.955360747488528927e-05    1.072620121790515166e-05    -5.933667499355207701e-07    1.221941163959168706e-09
2.900000914531758553e+02    9.980326945761536228e-01    -3.950149113616717618e-03    4.036483914803158245e-04    1.239526099600515868e-17    2.255068342194322268e-05    1.066095563643176285e-05    -3.021083357531895238e-07    3.153523072304101991e-09
2.900002973401113877e+02    9.994728584571702656e-01    9.551393272314624011e-03    -1.257328806746943115e-04    8.014902840445524987e-04    2.230297856533161829e-05    1.156731442162461723e-05    4.873186155443091463e-07    7.660650636998506124e-02
2.899999969687501107e+02    1.002297904530794925e+00    -2.401393946826538110e-03    -2.662001038908723717e-05    2.493915710047828562e-04    1.950554128726568142e-05    1.058680307188233964e-05    2.814625853451271086e-07    1.633869913698729503e-10
2.900010511970680795e+02    1.001384525703156614e+00    1.806414494380103751e-04    -3.170952354141789672e-04    4.731675028280538257e-27    2.156057143227727328e-05    1.119773991608409927e-05    -1.428419355340837394e-07    2.143908375605254601e-01
2.900002396455697635e+02    9.995861784838971920e-01    -5.217600572204797839e-04    5.911495943511377651e-04    3.737766976081700996e-28    2.018975527289316297e-05    1.100542112134788869e-05    2.793863902170741591e-07    3.295616864103600996e-02
2.900006360649049952e+02    9.984579032078791938e-01    5.548918446091421521e-03    -7.991840444618285983e-05    9.622221333164064075e-04    1.922480876564421225e-05    9.428931631151003654e-06    -3.682636625589747099e-07    1.699045798470490420e-01
2.899998532710349650e+02    9.999983770725860976e-01    1.620732605386269705e-03    5.505392643617084769e-04    1.290759758374677990e-03    1.810830910907472167e-05    1.063596857192449826e-05    9.338583923067130813e-07    5.079889021408874605e-02
2.899999932344267108e+02    1.001830786401247897e+00    -1.164478620748400466e-02    3.654660330997071662e-04    1.992214266164168969e-28    2.145854351789875175e-05    1.126096030085687530e-05    -2.404704145422812941e-07    8.775065220296522516e-11
2.899998544404502923e+02    9.988062863518889500e-01    6.107735223173044702e-03    -4.161604253039571455e-04    1.163639454390274425e-24    2.391599833032459138e-05    1.174563459915465517e-05    1.900898529708936711e-07    8.650288078586499754e-10
2.899998364872163279e+02    1.000659927304753616e+00    -4.543231024468144530e-03    -2.842807888172814413e-04    5.065507376409212519e-29    2.075146756596750924e-05    1.040063285933601360e-05    1.076639765007503235e-08    7.379763709581408089e-12
2.899996700795633728e+02    1.000671202211595334e+00    -3.830253357622547938e-03    2.206644186484655852e-04    1.072155361854172152e-04    1.964474821240966930e-05    1.088210082731094082e-05    3.075442799656289655e-07    3.109120056073386010e-11
2.899998322191354987e+02    9.981638922754915155e-01    1.029680655810652143e-02    3.773116567626844586e-04    1.207298020335917073e-03    2.255637646208616029e-05    1.135659836389502237e-05    8.500903562017404626e-07    9.256594341836640896e-13
2.899999524713783217e+02    1.000875019335503380e+00    -2.766873897444188397e-03    1.401007529171893057e-04    3.806147821722513777e-04    2.034560502419605264e-05    1.057450143823277785e-05    3.276008736993767203e-07    1.605872083722933679e-12
2.900001277089767768e+02    9.992668169443695847e-01    4.356990892778600652e-04    -4.163169855931174988e-04    8.389234040885971012e-04    1.864139177340821277e-05    1.013083928515338723e-05    -1.355988915054536470e-07    2.026319837657746328e-02
2.900002080095956103e+02    1.000403178447861086e+00    4.792466358476188187e-04    1.745901367688389508e-04    1.045656764228243183e-21    1.877191997804428293e-05    9.846390660749880676e-06    4.083816992195059714e-07    1.101028438569401496e-01
2.899994715946226620e+02    1.003271789671115855e+00    5.629902768868754251e-03    6.342382849413499694e-05    5.409071749084960056e-35    2.474425525572575179e-05    1.296308045016046578e-05    1.392122076636746392e-07    4.727832800095186012e-12
2.900003587413829109e+02    1.003034553370073967e+00    -6.667732421147460654e-03    -1.916006634679787396e-04    6.609715190696005791e-20    2.130433595351509659e-05    1.079046484779170680e-05    -1.100415521745950955e-06    1.928669151849840400e-10
2.899999788818317370e+02    9.996821238127655551e-01    -9.712038458053706387e-04    5.849607161324670576e-04    3.196137333072533937e-19    1.851411999597572363e-05    1.017326787244152270e-05    -4.095611747612665663e-07    2.210447113157829394e-02
2.900005609284007733e+02    9.985518667073266519e-01    1.398103794149438417e-02    2.218830205076369601e-04    2.856523289924244578e-04    2.082008165791713656e-05    1.152760148327115213e-05    -1.866811204760225515e-07    1.452378380861978902e-01
2.900000347715005660e+02    1.003715873917435664e+00    -5.814248253280767179e-03    -2.227842608485663392e-04    6.756141503454920778e-04    2.249598882413995056e-05    1.165508896193196885e-05    4.420457651047344008e-08    7.937224784738218980e-11
2.900004242449937237e+02    9.964541817309620075e-01    -6.652488090158430005e-03    7.136933673112297706e-04    3.156141122870869670e-24    2.249033928809011229e-05    1.152999057134064905e-05    4.273021867855022870e-08    6.111618973676329059e-02
2.899999730037030758e+02    9.997085567508238180e-01    -2.986822739033634074e-04    -2.149776390513273097e-05    1.132330061320877598e-03    1.883291052532042292e-05    1.001524612803027284e-05    -2.292838718881973312e-07    3.185150361117028027e-08
2.900001308696367346e+02    9.989521063164001902e-01    4.262519273114505174e-03    -1.471386393461216445e-04    3.652391962909336388e-20    2.096462287505701131e-05    1.060683274230772559e-05    -1.514178875870672332e-08    5.460131977348900434e-02
2.900012222324613163e+02    1.001114304058860593e+00    3.026724433710774060e-03    -8.147921529932252945e-05    1.710211266500227473e-21    2.248808083742674763e-05    1.116157527557846102e-05    -7.357920516236727165e-08    2.221435367600742283e-01
2.900000157312206852e+02    9.972962941515627344e-01    -1.354178706220530819e-02    1.399019927769694122e-04    3.587309501411053136e-23    2.117110055271940788e-05    1.102515912224612455e-05    -4.745547948138604343e-07    2.477870214511579287e-09
2.900001305778592950e+02    1.002711204783913068e+00    -5.200349940918546797e-04    2.667686599942462305e-04    3.460084272147311292e-22    2.113435250978120666e-05    1.115758699052483955e-05    -5.304266799503227282e-07    7.949898928525870273e-11
2.900003016143773493e+02    1.000847904119303466e+00    4.314657140943837718e-03    1.615737081042113195e-06    8.197189405462902489e-23    2.221178040103853496e-05    1.153048880977834231e-05    -3.447491157533795641e-07    6.170492477838301210e-02
2.899998708689777800e+02    9.984995572269742548e-01    -5.754918203248659582e-03    -1.311308461690015932e-04    7.062545122397068326e-04    2.041051273191718188e-05    1.079948339447375930e-05    2.701592249722846845e-07    1.284991409149978062e-15
2.899999233677592656e+02    9.985113341140683385e-01    -4.412089097729120918e-03    -2.092607252316857258e-04    3.450170860269041826e-27    1.976558284565504492e-05    1.015583620064897489e-05    4.525252658256097427e-08    4.337526778981125802e-10
2.899997485886523805e+02    9.988434630881865006e-01    5.469641786122607895e-03    3.480203737760493828e-04    5.408191160923656979e-30    1.979285031497242498e-05    1.050063088480153257e-05    1.800314578791311774e-07    7.854947728643158344e-13
2.900002810444748320e+02    9.963491119059019185e-01    -4.790758940156589728e-03    -1.094211123935152082e-05    2.393102927706931666e-20    1.925574684993319329e-05    9.901235291825964243e-06    -3.423994887204103537e-07    4.019987606630744115e-02
2.899997412057035717e+02    1.001490555203790711e+00    8.731222961314644496e-03    8.113435824278348706e-05    2.068741877071175207e-04    2.021975151905310128e-05    1.026116841028138909e-05    3.183188685032498330e-07    3.414188342609580941e-12
2.899999413304677773e+02    1.001520565355829007e+00    -3.967117700854829940e-03    -5.904422642483717830e-05    3.229216699992642387e-23    2.384697130118196946e-05    1.105955171732136858e-05    2.914191276067264257e-07    7.132388934841853746e-12
2.900004383370593928e+02    1.002953634228173518e+00    3.264805964350168694e-03    -1.814538622000509780e-04    1.044513200474177488e-17    2.039415821803622862e-05    1.048071380882693327e-05    7.276895015547887560e-07    1.233128025411231732e-01
2.900002324793342154e+02    1.000531837180952177e+00    -3.166798180645415909e-03    5.825820017227331893e-05    1.623628548860814035e-17    2.170468541853089330e-05    1.090891421012047133e-05    -3.789418361441287110e-07    5.931163670759052875e-02
2.900003509884991786e+02    9.996778643703703171e-01    -1.636278788365062506e-02    -2.583644833458115307e-04    2.171262225751032545e-18    2.097583522558111899e-05    1.049874703577206503e-05    -5.571891139035788951e-07    9.676630737333589971e-02
2.899999081717806462e+02    1.003928690105186705e+00    2.894486289679964710e-05    -2.579000652415445690e-04    9.170527463839269674e-23    2.124473600492880193e-05    1.084991918150713228e-05    5.145701583140252614e-07    7.761212077202672951e-11
2.900000406499376595e+02    1.000316857327520959e+00    -6.717077878741766102e-03    -2.460310963510708220e-05    1.242257726895723682e-16    2.043774403489515148e-05    1.032449829163229553e-05    -1.081733278988671856e-06    6.269806017566404793e-09
2.900013988776062774e+02    9.985677764375563426e-01    6.698663440860527004e-04    9.042580596111864718e-05    9.608623722661054642e-04    2.202912535503172593e-05    1.086288664931091949e-05    -4.356555767986095732e-07    1.880190229437803118e-01
2.900003130431797445e+02    1.000157919686555763e+00    -1.539566118927193986e-02    2.696937935056380902e-04    1.133153014852749481e-19    2.004368787105924042e-05    1.116377978974030342e-05    -8.053768110060202886e-07    1.975790921480278896e-08
2.900003002064029261e+02    1.001217957156495419e+00    -8.891947622041400032e-03    -1.894059907221131464e-04    2.528115971128666004e-05    2.053030824976295597e-05    1.055577243256312588e-05    -5.505908024211349940e-07    4.840051247006186413e-02
2.899999241050750243e+02    9.976912936133363052e-01    4.281659352748755495e-04    1.482832797857612126e-04    1.056192528074333583e-18    2.177331346938298512e-05    1.164630435209659850e-05    1.431065421717617300e-07    3.217315277152606959e-03
2.900011735325268205e+02    1.000448732142293684e+00    -4.200864894930012375e-03    -3.292968625590800692e-04    2.172944048706625542e-03    2.131030764296353757e-05    1.138658125394033027e-05    -7.117704778662473174e-07    2.163830335560225082e-01
