# f_r [MHz] A m phi D delta_r delta_ere delta_eim a
2.899998371324408026e+02    1.001419634130102709e+00    -2.058060323850541447e-03    2.489510600470043922e-04    8.944478722210332021e-05    2.127567436949004832e-05    1.204814864207622275e-05    -6.826416178499298192e-08    1.695622351608639962e-10
2.899999478629006830e+02    9.997075599531388690e-01    1.566450717820247517e-03    -9.936638711208035739e-05    8.222697444862310760e-29    2.155681357706759453e-05    1.170814762042799063e-05    1.477988513079196648e-07    1.725588030844690937e-09
2.900005090634608678e+02    9.985078753682599118e-01    1.016533399010026949e-02    -4.375907008276615456e-04    6.606927329200554612e-35    2.304455691597064732e-05    1.152690395157554719e-05    -4.190297183165517735e-07    1.053505888470792906e-01
2.900001143152160239e+02    9.990931609884119435e-01    5.316407645199857507e-03    2.321298801522625411e-04    1.763232782220576066e-03    1.861383663828395055e-05    1.068105976471958271e-05    3.589392621234416382e-07    7.449763214269662648e-02
2.900001966984874002e+02    1.000152451586335367e+00    6.522293375651184826e-03    -3.308579472944219346e-04    2.372578795179412520e-03    2.181070345189983206e-05    1.204675829421817294e-05    2.224887875388851366e-07    3.840143760475624168e-02
2.899998306117464608e+02    9.955791925737242920e-01    -1.032048886223123525e-02    -5.363604191289633011e-05    2.372763600805568446e-03    1.780713355037790384e-05    1.036217856597682098e-05    4.681951383219246280e-07    3.316426885707679517e-02
2.900010094014372726e+02    9.948367649630061038e-01    -5.668358199211830269e-03    5.020176573077410071e-04    1.420210869081940349e-04    2.171800299512824186e-05    1.143071481546603218e-05    -1.121532344826026309e-06    1.421248920262093984e-01
2.899997299943157145e+02    1.002324272484870882e+00    -5.643305487860040930e-03    5.574180040358708756e-04    1.565371704690142799e-04    2.079937972330834085e-05    1.164747167582359272e-05    9.747050792409945722e-08    1.020021795173037764e-06
2.900005197001300985e+02    1.002302071169550279e+00    -1.164095249396482823e-03    3.751986663317869017e-05    3.881146965282091807e-19    2.208507469756439045e-05    1.162564302970593700e-05    -6.068014918796407142e-07    2.558529566483710646e-02
2.900000880597638684e+02    9.986779022382389348e-01    9.939048160384975072e-03    -1.102352591843188138e-04    1.595938686682560533e-16    2.121689654199784901e-05    1.084401284751180481e-05    -1.082751090967086594e-06    2.630532640026342174e-09
2.900002061505266511e+02    9.983437965910825218e-01    1.521961895189994458e-03    8.603031823908279245e-05    4.763801555733327428e-05    2.014045324729666570e-05    1.108566064170294022e-05    2.750643460576918028e-07    5.060883839477325896e-02
2.899995601797654672e+02    1.000334460732728248e+00    -7.052639681438379118e-03    1.124680347746063796e-04    7.562288609621749908e-04    2.250263510857079200e-05    1.129317614391632712e-05    4.410407225239125981e-07    1.200087652137530464e-09
2.899998957596959599e+02    9.993706666707232733e-01    8.573450813072288137e-03    1.051622614388937480e-04    6.070657882946654945e-04    2.256545564987550145e-05    1.167289132693431266e-05    4.421618132538722871e-07    1.274634799052639197e-10
2.900008685972784974e+02    1.001694702950963523e+00    -7.229339623513414935e-03    -2.020005841436741908e-04    5.762619181850619490e-04    2.059765228955340834e-05    1.143768654309918140e-05    -1.811291248290188342e-06    8.514135183640320070e-02
2.900000582813918868e+02    9.981402771865283130e-01    4.867724416568628906e-03    -2.191066918071916643e-04    3.329384815967341262e-27    1.995116351206829486e-05    1.085700588710596239e-05    -3.693600672501108810e-07    6.360067868153862909e-09
2.900003485451520646e+02    1.003583641134134341e+00    -6.107389027372639272e-03    3.934286413292350268e-04    1.152313297731041505e-03    1.815174944713200469e-05    1.048609172791847469e-05    -1.721100928146618694e-08    1.166319304049803357e-01
2.900001624032732366e+02    1.000686140347309960e+00    -5.249795808834212957e-03    2.656257674623298173e-04    5.176115454266229407e-17    1.884317765296705338e-05    1.102200957472859052e-05    -1.191627539976389228e-07    2.717344311504465981e-02
2.900006048314492091e+02    1.004363347475495827e+00    -8.546560567207953487e-04    -4.178046543971616488e-04    1.323886051801215003e-15    1.829517863508462651e-05    1.094395824683053455e-05    -2.846528759972293037e-07    1.061737946073480904e-01
2.899998221401318688e+02    9.985722568591854920e-01    4.852079599083043183e-03    -1.389183787950499062e-04    1.702982458755628557e-03    2.191273708254103881e-05    1.113522171855885278e-05    2.790349241572698770e-07    8.767009903351717843e-08
2.899996514927983071e+02    1.001469654650232410e+00    -3.318257546930012910e-04    -1.141112309473916417e-04    5.383752867483028687e-22    2.173904753991723029e-05    1.210950966497956922e-05    8.055979286214860351e-07    4.914317127563636987e-10
2.899995001849555933e+02    9.964314074824638379e-01    -1.038009645054211545e-03    5.364014753123082463e-05    2.234234718336489524e-20    2.319335821946367758e-05    1.166049764748390403e-05    1.109846661584275611e-06    5.952831566923938818e-10
2.900001814278641632e+02    9.994239152563154649e-01    1.676313789919595685e-03    2.305865087557950786e-04    1.869207494156624777e-19    2.021098256693906793e-05    1.113217411892627567e-05    -3.309615027299864300e-07    7.437437171944688563e-02
2.899999452097775361e+02    9.988017616224000861e-01    2.571156227143145661e-03    -4.330199455774318205e-04    1.725629212742695237e-28    2.209604129784401672e-05    1.181290537404933821e-05    -1.584658278543601185e-08    1.094374468306520240e-09
2.899998336717864618e+02    9.992466892053529781e-01    -1.211936783520557726e-02    -7.179098632493303902e-04    2.985864749405683092e-04    2.313613452524375158e-05    1.178204903242381887e-05    -1.810648516851674086e-08    3.017207037866677019e-14
2.900001678570014860e+02    9.983302352762293275e-01    -3.151758453001626391e-03    -1.363930256911789545e-04    1.300843478225684625e-03    2.066816987495890011e-05    1.094740586604420019e-05    -3.693282069150819758e-07    1.970530693305950348e-02
2.900004150708379598e+02    9.980809963609397206e-01    1.419479515985958180e-02    -1.482800983628737373e-04    1.075402795081260139e-22    2.061059215675250026e-05    1.142974965084474376e-05    -1.656162487462324185e-07    8.459521461598736025e-02
2.899997409599412208e+02    1.000050351805161775e+00    6.915932101714706605e-03    2.982139854962512405e-05    1.299786687416781307e-03    2.078272309774781184e-05    1.135129801912069687e-05    1.234790554529886294e-06    5.378200845270909164e-02
2.900001013182680367e+02    9.979888267525965917e-01    6.173882717716546245e-03    -1.466016250188992677e-04    1.027126588970920596e-03    2.130026196408313935e-05    1.169357704078273879e-05    9.514142905356243201e-08    5.245699249658791678e-10
2.899999612979138419e+02    1.002818750042268947e+00    1.111621729068203168e-02    -4.081181212366769592e-04    1.721795919275088483e-03    2.019934628158465554e-05    1.099357590270750557e-05    2.948128326648347643e-07    6.092439783607110441e-14
2.899998323646183280e+02    1.002346205057629058e+00    2.571865803193888137e-03    6.224250277313657788e-05    8.713527795060087202e-04    2.232052173454985680e-05    1.152102760148297222e-05    1.258886129191829675e-07    4.193742939178969788e-15
2.900002278066851318e+02    9.996490073331510962e-01    6.585839141540142036e-03    1.762597181734904114e-04    6.590757749295529717e-25    1.969802972491636254e-05    1.093013188108352983e-05    -2.902952260036612923e-07    3.302312607197303157e-02
2.900001249330289284e+02    1.003690779486403839e+00    1.403153148964040404e-03    1.098995544606487664e-04    1.441338986135709132e-17    2.240800222050459237e-05    1.192129712564269488e-05    -3.517114303015912855e-07    3.181538944162180110e-02
2.900004048341623957e+02    9.991420377149579091e-01    -6.553097702612477662e-03    -1.515106492350942247e-04    1.263768958704498133e-03    1.940167267378127986e-05    1.006564228677880879e-05    6.423473975111684609e-07    9.943004515688434741e-02
2.899997470926950314e+02    9.964304352955595245e-01    -8.362177566393158221e-03    -3.051926214458291781e-04    9.872362821888499119e-19    2.402302790207195630e-05    1.155997448058922834e-05    -7.885072947540412917e-08    9.858760156193205087e-10
2.900003888843508548e+02    9.994159644134463782e-01    1.748183503899019674e-03    1.354096001345223899e-04    3.700869251752314305e-26    2.182080149885580448e-05    1.157107439110952731e-05    -7.348895299854638299e-07    7.298093624732969464e-02
2.900001645876197927e+02    1.000227975318063178e+00    -2.692860766185830538e-03    -2.486599779058405930e-04    4.464042839419411031e-04    2.000373477923609060e-05    1.113773046625230685e-05    -4.792279286119441260e-07    5.291430722316962931e-02
2.900000384126551012e+02    1.001187834222556639e+00    -5.532507216530897255e-03    3.373865017309709093e-04    1.637249630312368181e-03    2.014821412602478022e-05    1.094212903387945524e-05    6.965410589519454839e-07    2.032497544294648711e-02
2.900018259220486812e+02    9.992677520438160155e-01    3.689360161151868361e-03    -1.067806720939465408e-05    1.630019879198978290e-03    2.186711025959112934e-05    1.097813894521502620e-05    -9.797628999549744991e-07    3.393495239113454853e-01
2.899998615439656646e+02    1.000323432741624385e+00    -3.186589587089005537e-03    -1.352588073266481857e-04    9.430384128403751991e-25    1.977017884614785782e-05    1.046911605661987149e-05    1.881787189765445395e-07    3.952298646045214413e-10
2.899997951773699469e+02    9.999590989880556835e-01    -9.715768284039170283e-03    -1.117216358848633159e-04    5.149772771263564615e-22    2.091419914569826028e-05    1.166139369104996557e-05    5.226927369879446097e-07    2.290104319242862553e-10
2.900000248090994432e+02    9.997808922708643076e-01    2.418858365313380533e-03    -1.346823343853645132e-04    1.961686892430592737e-30    2.195980160083324843e-05    1.239673038559691411e-05    -1.896880235665987365e-07    8.931864140086252790e-03
2.900004318527681448e+02    1.003133008467207654e+00    -1.155566325371015952e-02    1.654327427999583669e-04    8.449756735623230547e-22    1.934718264589923523e-05    1.123686760962275352e-05    4.836957234057625241e-07    1.139941194186012696e-01
2.899997992804452451e+02    9.988028021343924312e-01    -8.335920565974203403e-03    1.630629466988403381e-04    6.659778616016520217e-21    2.234210289377821506e-05    1.196555347656624116e-05    -1.472783624030525215e-07    7.631403599882183262e-11
2.900002367796461158e+02    9.983585264659149416e-01    -9.429909474359622970e-03    -4.437403233682554889e-04    1.233703086452258226e-23    2.155308115781141997e-05    1.187255990260709739e-05    -2.165391302121277543e-07    5.589227540905804485e-09
2.900008985357854954e+02    1.002468203443818373e+00    -7.305145154245066240e-03    -2.801029072235930797e-04    2.481487495097581090e-03    2.088465133070088967e-05    1.128856064576801671e-05    3.327970875650533333e-07    1.931627687960591477e-01
2.900001056474525853e+02    9.995448797154450338e-01    -2.023408714290512132e-03    -6.143976439071589086e-05    5.685970017183270908e-04    2.294117294774634366e-05    1.168988691371615614e-05    3.867954246037003594e-07    8.856301986199418262e-11
2.899999703771852637e+02    1.001718991186887564e+00    5.338518393039797319e-03    2.959135254026928397e-04    9.119534296906146020e-20    2.153833234028442530e-05    1.128863394609418150e-05    6.575967582282523550e-07    4.725563937305506113e-02
2.900001443854562240e+02    9.997024032164416596e-01    -2.061260785405411369e-03    -5.295934582476836917e-04    3.602491832379012379e-04    2.144653620936588429e-05    1.140862049342863598e-05    3.156079508712176240e-07    5.767760800868285131e-02
2.900001359945489980e+02    1.000237031466997273e+00    1.037176203736963655e-02    -2.094312304508018818e-04    2.754597816423654064e-03    1.993082431663967033e-05    1.090469115208171248e-05    -3.272577833230114467e-07    8.682101156851649085e-12
2.900000462872677076e+02    9.976766987232933426e-01    -4.079303579708373588e-04    -2.424487528623190432e-04    7.874308871638513755e-04    2.471981062171906696e-05    1.251871855295402809e-05    5.202615647064225500e-07    3.680460846759267855e-10
2.900001758805987038e+02    1.000159988363891639e+00    7.444754737468991732e-03    3.389174904198790717e-04    9.765824601705253103e-04    1.930888981196708155e-05    1.128916471960953579e-05    1.617463518245785809e-07    9.518162995036388857e-16
2.900005941858848928e+02    9.993846372264955091e-01    -2.510044280044533473e-03    -6.810818549348446457e-04    1.073042132281399556e-03    2.122879698507443335e-05    1.171509523404039092e-05    7.821158484197172048e-07    1.315950183067843005e-01
2.900001098257480976e+02    9.995703130232204137e-01    -6.585913155080782948e-03    -1.680714907191778820e-04    3.193145670044557696e-04    1.983741509105884233e-05    1.200437772598736363e-05    -4.021082249047147876e-07    9.465490147458115958e-13
2.900000443888828272e+02    9.988783259820123162e-01    -6.117573727772994928e-03    -2.403775019697567284e-04    2.404749859718929156e-03    1.980367913141416737e-05    1.092992003255598902e-05    7.107529472699654193e-07    4.240291989668237838e-02
2.899999253670522990e+02    9.987115494970705276e-01    -8.638762106166857774e-03    -2.445408466313471821e-04    9.294644380903094348e-04    2.134931464009557882e-05    1.145925504572947663e-05    1.085020816363912624e-07    6.669770094963092778e-11
2.900001921917070149e+02    9.995357558153494804e-01    1.823238906116641037e-02    -2.209259622455319423e-04    7.292405342677263369e-04    2.261909678225357579e-05    1.176922583009123710e-05    2.285117884252464593e-07    8.463057132418874695e-02
2.900001453572695596e+02    9.993946577138369536e-01    -5.181713674549056486e-03    -8.932494406293190142e-05    1.056578273370105286e-21    2.124440039955946750e-05    1.159310288382018750e-05    2.812306617926512581e-10    2.474732271055103793e-09
2.900000551512314928e+02    9.973527513483947393e-01    -4.780348990443187771e-03    1.124559045504355917e-04    6.618191329822692589e-19    2.174860779209526740e-05    1.178098345045331366e-05    -7.260831702780242303e-08    2.895648728969572790e-09
2.900002741652981513e+02    9.999220264984334250e-01    -3.781230734419119277e-03    -2.374810381683130182e-04    8.602020059527192355e-04    2.058312829099164629e-05    1.049310273564782502e-05    -2.379633928135384230e-07    5.798380516838913534e-02
2.899998595750078607e+02    1.000463473030072770e+00    3.790756346008903547e-03    -8.446008114655459192e-06    3.484798745706108188e-04    1.862912242156225114e-05    1.074603477520205436e-05    1.730946076530988839e-07    8.132663890935914824e-15
2.900000459771898704e+02    1.001961377773883388e+00    -9.960791892821015125e-03    -8.718208537057938671e-05    1.555553024181561585e-03    2.201062515188826490e-05    1.133537813877794558e-05    1.620224735633319556e-07    2.338131885316013694e-10
2.900002711583236419e+02    1.000440618000410398e+00    -1.437503709851528167e-03    4.303984368268746075e-04    3.061557192604390893e-04    2.358385212836629647e-05    1.178764036461875069e-05    -6.768020895493701969e-07    5.346227684972331556e-02
2.900010505826226108e+02    9.994466338949334894e-01    -9.150544230376742028e-03    -3.442982636287700618e-04    2.173325650119210441e-15    2.119294170296566400e-05    1.083597206655621794e-05    -1.300918390952232019e-06    1.471356553050530702e-01
2.900001134339638611e+02    1.000224732752651224e+00    -1.603831512361911932e-02    -1.118212454334396432e-04    4.535256762208205658e-26    1.965802120523221856e-05    1.080349143354732022e-05    1.471183852964514742e-07    1.050943653053917752e-12
2.899997782464644729e+02    1.000987283566148411e+00    -6.956013061590828397e-03    -3.704107081376700023e-05    8.726543224145181510e-29    2.015872468382104478e-05    1.096769607828777817e-05    -3.342202653024443828e-07    7.331326216468632653e-10
2.900001162248177025e+02    1.001141627301874726e+00    1.418845314091471410e-02    -4.482347643672332364e-04    4.303758496774404791e-04    2.025575258150847296e-05    1.111739020971106046e-05    -1.544549932662659883e-07    9.200181263750569862e-15
2.900001702506823449e+02    1.000679796572419233e+00    -1.042163301176087138e-02    -1.652513005796132223e-04    2.541881592890143406e-03    2.059695643254478686e-05    1.059298132743601505e-05    4.587897493720392740e-08    1.005391141743358326e-07
2.900001380483363960e+02    9.981476705728163923e-01    -3.380245891694045896e-03    -7.792029449006569568e-04    1.107408564019285262e-27    2.252194922422269866e-05    1.180117235284840626e-05    -6.099765965920748656e-07    5.105740677723181972e-14
2.900005509098601806e+02    1.000800423651452054e+00    -8.273573953239082499e-03    4.438732678901657902e-04    4.046062277729817371e-20    2.381126112422507973e-05    1.179096965503284115e-05    -5.016434660216315377e-07    5.505964312574442021e-02
2.900005821148954510e+02    9.988607593994464073e-01    -5.125314163999796988e-03    3.796671113717629766e-04    9.850676188767816966e-04    2.212025459857887465e-05    1.194944475324184942e-05    -1.169314338929563701e-06    6.569837944981436750e-02
2.900001530121110704e+02    9.993796966403234450e-01    4.778195297383154832e-04    -1.626061738514246111e-04    3.578384743477561963e-25    2.134879576789158354e-05    1.081395655128889136e-05    2.734616710182367135e-07    1.563072300904320550e-09
2.899997488679559297e+02    9.994512155505559381e-01    9.121113642523088257e-04    -1.386193156239911716e-04    1.281858936424155128e-18    2.025167775438667053e-05    1.131393598682423515e-05    1.284602783916091529e-06    4.799728501109259277e-02
2.900004582625971352e+02    9.999804241549454797e-01    3.092205662026813792e-03    5.175197581069105029e-04    3.952624530291809122e-04    2.222309962824965430e-05    1.186630693110322033e-05    -1.324200107312646879e-06    9.999204058979732537e-12
2.899998353048070499e+02    9.984362317205519588e-01    -8.232618942933632791e-03    2.696057807779727840e-04    3.392101788927631787e-04    2.191852721076069371e-05    1.123715293574087665e-05    -2.996037574951327843e-08    9.871496436591746157e-09
2.899997438329488659e+02    1.000768321071777489e+00    -5.310163313970076189e-03    -4.673506126382019447e-05    7.345453408969194202e-23    2.112805573801089491e-05    1.207329742605299871e-05    2.794664375378216570e-07    7.380961220588551179e-09
2.900002937468497066e+02    9.981767381029540420e-01    -2.004679941213839169e-05    -2.340557584603826828e-04    1.370185585553358001e-24    1.861523858417676506e-05    1.051186493750216122e-05    3.568509099667755443e-07    9.810987126065026653e-02
2.900002478076604007e+02    1.001121918892160068e+00    -9.915151037756581368e-03    1.784698312473186738e-04    2.082539683507025343e-04    2.144463645707241883e-05    1.152954474013990907e-05    1.900054871789263723e-07    4.780765650728074911e-02
2.900003151551284191e+02    1.002232162592620712e+00    -4.211761153574095453e-04    1.977418834101515930e-04    1.516859951866566388e-24    2.409990107918045239e-05    1.278940752859146203e-05    5.758754350472364232e-08    5.052223920205922703e-02
2.900001113093468348e+02    9.962248282026168189e-01    5.975761027996150110e-03    9.651723776919537566e-05    6.581076340310662619e-04    1.988905515184527146e-05    1.135024924728227606e-05    7.929363161793063222e-08    1.187654515332369525e-10
2.900007092447360719e+02    9.998239950562248790e-01    5.993961524186110223e-03    1.595714776934813227e-04    5.986140337852561879e-24    1.830194562381065633e-05    1.039880107717597095e-05    -4.050805091438197541e-07    2.028657801878516187e-01
2.899999753198766825e+02    1.001633203993307353e+00    2.304752086882654039e-03    -3.045354701851825472e-04    1.205373560920413175e-21    2.052062924577302406e-05    1.125596367109771661e-05    -5.221066864400513546e-08    5.800012196112376429e-11
2.900002786601259572e+02    1.001357274534986130e+00    -2.668835958533418914e-03    2.496504151388177144e-05    6.962057622964303023e-21    1.951605969918275565e-05    1.016566485745209095e-05    -1.070486149501898413e-08    8.028793349703934601e-02
2.900000110088630549e+02    1.002830056983239793e+00    3.385797447767516493e-03    2.974948911144120593e-04    8.432020641704230258e-04    2.056322448493947663e-05    1.106857462719808010e-05    7.410073556068735666e-07    9.222252360334994709e-03
2.899998964619627486e+02    9.994720024156402705e-01    -5.414853163076113231e-03    4.962783821492482888e-04    1.442486932218874128e-03    2.019433494534676762e-05    1.130952358191297000e-05    1.605472331426515315e-07    5.071531860812188145e-10
2.899999797993999096e+02    1.001865907547885071e+00    -6.916280711201081878e-03    1.938216930755162759e-04    8.275736416036357350e-24    2.172447885256139063e-05    1.192242337524883050e-05    -1.121261119868458731e-07    1.224759797030486696e-09
2.899997920886078759e+02    1.000859260809195295e+00    -3.561668321461608673e-03    4.969866324074720268e-04    1.415255203422909439e-27    2.050640358319549505e-05    1.110945861677918298e-05    -1.136162476502285336e-07    1.472303296626294851e-09
2.900003292944386430e+02    9.989946879302570304e-01    1.487287523993101844e-03    -2.663969517689127216e-04    6.232975500781292674e-24    2.115787864764519564e-05    1.163487081066597963e-05    -6.279937257927049555e-07    9.825334457561365716e-09
2.900000001859011149e+02    9.980990043746479357e-01    5.988668212378582545e-03    5.750695294672942192e-04    2.200892654952068189e-22    1.976518589908023930e-05    1.071983773762334450e-05    1.802130601495623344e-07    4.741166470861137895e-11
2.900005178289927130e+02    9.983690909246834000e-01    -7.892540471967720087e-03    -6.022970830320413223e-04    6.416714028972783819e-04    1.864633319017872565e-05    1.055733542523371141e-05    -5.747348250413052356e-07    9.089301602683458325e-02
2.900002087813325602e+02    1.001629527978110223e+00    -7.607378465991441324e-03    4.079164533151264055e-04    3.462149251647008908e-27    2.021970231563185668e-05    1.135500459663645364e-05    3.526734817731051511e-07    3.213403878225408491e-10
2.900006048121447293e+02    9.984364967671590652e-01    1.272315909138349230e-02    -8.922322587023867341e-05    1.319393465778869552e-03    2.014576311666761943e-05    1.120853669448929095e-05    -3.515176810130638080e-07    9.926913798874333061e-02
2.899999703352726783e+02    1.001851757583908320e+00    2.742853780708153898e-03    3.266176773346948087e-04    2.099663838638570357e-03    2.192411003046089015e-05    1.141448027114236744e-05    -4.718432154475724055e-07    1.557382400383817804e-02
2.899999544605656752e+02    9.976122386548765819e-01    -1.616570940992242359e-03    -5.395854083129273516e-05    8.457480968652894516e-05    2.425893375543158837e-05    1.241270691138853735e-05    -5.108466141522070008e-07    1.324741078637222392e-09
2.900001995407710638e+02    1.002448235050489966e+00    5.997976959935705926e-03    4.924548024486220072e-04    3.294903223348214548e-25    2.280781088917760289e-05    1.258632958184907063e-05    -8.770282874545179248e-07    1.449865228872203060e-10
2.900000421846737595e+02    1.002517279786804494e+00    1.125373294283390536e-02    1.409336576639092398e-04    1.747302471601103528e-30    2.087757737487696042e-05    1.096125588029740134e-05    3.076560195133770359e-07    1.467145727484922408e-08
2.900003570366616827e+02    9.997798343999183546e-01    -2.053563198113885976e-03    -1.951684549962964842e-04    6.233887345279532201e-04    2.090765167043258054e-05    1.112914676979897105e-05    -1.081496964179954414e-06    6.050955383680912424e-11
2.900000536910055189e+02    1.000612455069922468e+00    -1.547907546144293260e-03    -3.048662729268202410e-04    4.950698071379074815e-20    2.021513915541531852e-05    1.079765040380192903e-05    -3.520862731693905005e-07    2.275724045687625113e-09
2.900002360372931207e+02    9.976299736628936321e-01    4.580420371999357619e-04    2.635496799997174709e-04    1.021464338846107757e-21    2.139151024184669781e-05    1.171287271687647310e-05    -1.140468757102113830e-07    1.908714664162969855e-10
2.900005428181368075e+02    1.002304816944081800e+00    -6.981204362922408674e-03    1.962668443561318141e-04    1.237206049199179960e-26    2.325562934553735070e-05    1.266154891682539445e-05    3.415756113661325649e-07    6.962270945365330033e-02
2.899999081174775029e+02    1.000992754008273034e+00    3.211906980245213174e-03    3.344853775219594743e-04    3.306117833282998177e-04    1.776896336202680893e-05    1.044794006233115707e-05    2.901037915618706478e-07    6.177204623404997097e-02
2.900001010954653680e+02    1.002009155980448929e+00    8.524467224007077626e-03    5.267394976584963617e-04    1.531549930478789043e-21    1.963782565938541720e-05    1.147759901829121973e-05    -3.280376177560637289e-07    1.200835828058571116e-10
