# f_r [MHz] A m phi D delta_r delta_ere delta_eim a
2.899999380344194719e+02    9.977368192127357149e-01    5.748640654543879123e-04    5.504759904282096380e-04    5.052767905467430093e-04    5.488389482728347460e-05    4.670185168112754494e-05    8.698264953359125065e-07    1.621698592057993537e-11
2.899999780315758358e+02    9.970899313053009916e-01    5.030483594425134855e-04    -5.845092630337747847e-05    2.263065192755392801e-09    5.642550119062872871e-05    4.667806031395016670e-05    3.765957358405974136e-07    6.737249488142274433e-10
2.900007848865690789e+02    9.946650972954405034e-01    3.477787783392857074e-03    -2.103682036414989570e-04    9.353668443287207587e-10    5.244874242788410723e-05    4.520146592304831489e-05    -1.704103752465541985e-06    5.174618752670202826e-02
2.900001496434074397e+02    9.982778610163803856e-01    6.998757944708457494e-04    3.134161884581778920e-04    2.332953342293718310e-23    5.489903625281576947e-05    4.644562770224553491e-05    -9.359274425472784980e-07    9.202326429079385641e-10
2.900000876924427757e+02    1.001424020172533957e+00    -7.779197201482010177e-04    2.272872892179881622e-04    5.760412783821504473e-15    5.720534584673123656e-05    4.708672052927039957e-05    1.095247538371969205e-06    2.604508141843677599e-02
2.900001763008428384e+02    9.985627932339931068e-01    -3.363798038068345660e-03    -9.935680645625980640e-05    3.270732667371472757e-11    5.955960054985230993e-05    4.756456441204454750e-05    6.540248827267036093e-07    4.830701789792864187e-02
2.899995291249368847e+02    9.965667670950336676e-01    3.336768329270748193e-03    -2.369154701624344612e-05    4.002130783740090595e-20    5.513399233852479716e-05    4.545036318301042634e-05    1.784465797154677260e-06    7.844574665783108357e-12
2.900000311801379667e+02    9.993641788018676753e-01    -2.211834490007206881e-03    1.362927123320824144e-04    1.553840013035437954e-05    5.294651122411061530e-05    4.500545366555621225e-05    3.985453242915576446e-07    3.584529647944630009e-11
2.900000121255966974e+02    9.984509755538409914e-01    4.715835775871405136e-03    4.564273055042410176e-04    2.473472290078663501e-07    5.580612726428912099e-05    4.647269870452338180e-05    4.148507681338021078e-07    5.361338059387843816e-03
2.900004100042507957e+02    1.002070448990811657e+00    -3.720047488642013768e-03    -3.239314756577628103e-04    4.007758513678495618e-04    5.627377205636028472e-05    4.597775479146526130e-05    -3.687942044626480845e-07    1.695206719076570653e-02
2.900001184557133342e+02    9.995105617218988936e-01    3.448385130148100622e-03    -5.321780738191290858e-05    2.472552919611407246e-03    5.664110002666969515e-05    4.625688769156638424e-05    -1.135592423181777844e-06    6.202424338726782580e-12
2.899998090667592692e+02    1.000793610002011169e+00    6.085306588537628750e-03    -5.041034854676411657e-05    7.644917976969722529e-18    5.770639679489752999e-05    4.643511348941375402e-05    1.172104542131957918e-06    1.799052552508492512e-10
2.900004217759750986e+02    1.002029912962135283e+00    7.214559130088784959e-03    2.080013790904217832e-05    4.981863707219205727e-04    5.548374115919169487e-05    4.500777885224465231e-05    -7.517530644257165778e-07    1.933146173740636631e-02
2.899998948905508200e+02    9.995032753635909595e-01    -1.021899072608952776e-02    -2.103717665892919321e-04    1.705921669614212716e-17    5.784830672618591929e-05    4.724448608200042591e-05    -1.445665719189863933e-08    7.472978745430524511e-03
2.900010613134340360e+02    1.003473653879473515e+00    -2.292337352242809767e-03    -1.786313552336011386e-04    3.052003598927313130e-14    5.890184291552253446e-05    4.794537530040765647e-05    8.944173061894052817e-08    6.678780323085992121e-02
2.900002575150023176e+02    1.001742061858609700e+00    7.278088882163929844e-03    2.825893604065456729e-04    8.212705464034196132e-15    5.726901647079903231e-05    4.616758050141159557e-05    -1.618112864160640316e-06    3.910457785349390870e-10
2.900000664587707320e+02    9.998522878227724675e-01    -6.752063856349217220e-03    -4.929845868801916017e-04    2.445966447880829039e-06    5.753462655641545598e-05    4.704137500263908179e-05    5.204505297755003183e-07    3.479842312828699494e-03
2.900000710993851953e+02    1.000040690508592789e+00    9.283781546475907559e-03    6.163020378406860382e-05    1.099875738675479709e-13    5.562620028399963668e-05    4.635308626858421032e-05    -1.126654571706879281e-06    1.475908516890316090e-03
2.900002852678991871e+02    1.000743775284882453e+00    -5.612970825949098507e-04    1.805586232820078079e-04    1.030265842840060158e-03    5.620567144471070529e-05    4.621994614891108255e-05    -6.136577013348911803e-08    1.643344026673943664e-02
2.900002675522484310e+02    1.003635905839819431e+00    -6.064923091418503225e-05    6.982181337198628079e-05    1.576591384091016604e-04    5.594365859727489084e-05    4.614442782916471818e-05    1.503376327932013509e-07    7.231083985831528359e-11
2.900013569534580711e+02    1.000161886311023762e+00    -8.991971736066058443e-03    -4.569213704814525348e-04    1.088445877903248529e-03    5.402598007969834583e-05    4.472901289699954041e-05    -5.475454942758810818e-07    9.466332549275877084e-02
2.900007303231272999e+02    1.002151767882629052e+00    -2.620992409999218543e-03    2.425679161445239423e-04    7.681056034730029524e-04    5.924843673578656587e-05    4.709682794501174189e-05    3.149388371930248356e-07    5.662909532665822560e-02
2.900002877286444232e+02    1.002028092130137660e+00    1.076420919351152999e-02    1.142692881998554056e-04    9.046077878635306897e-04    5.400394513854321220e-05    4.488474479680097402e-05    -5.012829274817026370e-07    1.697580927260283279e-03
2.900002678162823599e+02    9.995582314944427837e-01    1.071572205648604545e-02    -9.934897660368263261e-05    7.512982684822865590e-19    5.791369417753666689e-05    4.613888947818137415e-05    3.473645917604454667e-07    2.394967071486927071e-02
2.900003472736045183e+02    1.007188306812129452e+00    -4.437499225926209295e-03    -1.755005172798190056e-04    3.507101648488293530e-07    5.537148100355743474e-05    4.596531409374099073e-05    -8.191178234377199286e-07    4.653133189854691265e-03
2.900007284683662192e+02    1.000412188749181031e+00    -5.186046400439149433e-03    2.827645650069232652e-04    4.083062332509701238e-04    5.387853622378293444e-05    4.453756015758907294e-05    4.065796824812804575e-07    5.624551768670756069e-02
2.899993770326906315e+02    1.000817492270434261e+00    7.904435980376099333e-04    8.851373784388655915e-05    4.364131717349226064e-17    5.654985679696126382e-05    4.662887720687079621e-05    2.663456153025411064e-06    3.010989823397326093e-10
2.900003797103463512e+02    1.000434507556327679e+00    1.012991744544829154e-02    4.312403603492089119e-04    2.233850575108316174e-04    5.593140049096906606e-05    4.674960307000908775e-05    1.134101603483012348e-06    6.829438462767281615e-02
2.900002313007348675e+02    1.000304764514942990e+00    -2.161226230681839982e-03    -1.367189735733976013e-04    1.513038747963894840e-20    5.573642910019839693e-05    4.535034423446356364e-05    6.943979946922374644e-07    2.471805037922795642e-02
2.900001462746544689e+02    9.987922084063932671e-01    5.111559859074222244e-03    -2.247406161786372680e-04    9.996679935417730322e-04    5.471797068384712178e-05    4.602417674409366329e-05    1.275584501687212772e-06    1.022556516600616784e-02
2.900003490231990781e+02    1.003013943263651564e+00    2.103615746265606254e-03    -2.903429700311138304e-04    9.275594249673436052e-10    5.621718300519745640e-05    4.513243408984093724e-05    -1.594860378602706105e-06    5.682559981652688028e-09
2.900008084119883733e+02    1.003466127356462900e+00    3.567864983763905534e-04    -1.536379128459412855e-04    1.706556128526854480e-08    5.601479859134494478e-05    4.688390234788417565e-05    -1.090613017063148300e-06    3.320375661274687501e-02
2.900008094096332343e+02    1.001449206428092209e+00    3.988184864520533807e-03    -1.831303511563099661e-04    2.776783624815878444e-08    5.516984869704865340e-05    4.521223762004369104e-05    7.284359894167592536e-07    8.410057821358861430e-02
2.899996940909687169e+02    9.999923266612792405e-01    6.749476585875322128e-03    5.182563578047419402e-06    8.962322047760891593e-04    5.395015893965329193e-05    4.486518743042507400e-05    6.220038379882141556e-07    4.157175203229966615e-11
2.899996539235177693e+02    1.000188917656386511e+00    9.611436743357118159e-03    -3.047896270793320084e-04    3.668078330208255278e-23    5.640640478286171100e-05    4.624999862910423860e-05    1.489643365190836491e-06    1.474988033691279218e-11
2.900013831089183896e+02    9.972211688021161979e-01    7.605527701615254557e-03    -1.303797061475451343e-04    1.115031811493732545e-17    5.280965933891436690e-05    4.589932278045021785e-05    -2.033111788226009407e-07    1.104823455562576051e-01
2.900002455017295233e+02    1.001594085575825410e+00    -9.629763770329469869e-03    -4.878661658818366355e-04    3.976091794938178608e-04    5.619009285215709074e-05    4.569024609715462913e-05    -7.445555914540942427e-07    1.523357920532779835e-09
2.900003863528445436e+02    9.994097975947178192e-01    -1.106674699872884022e-03    2.986612840730344968e-04    1.531231629473023162e-04    5.526551507744339808e-05    4.703540805850728518e-05    1.984032364567837346e-07    3.893935254974063148e-02
2.900003713635998110e+02    1.001075369498437784e+00    6.138583364025189089e-04    -5.803376694899633559e-04    2.918723420370648427e-14    5.927941048174197345e-05    4.783949355042719224e-05    -4.060101143392776282e-07    2.581772917450259747e-02
2.900002126382475467e+02    1.001129370908869998e+00    -4.155022415341215816e-03    2.236964832631919498e-04    1.353020904785108515e-03    5.266307033319840613e-05    4.477981999151824148e-05    -1.033870342395701026e-07    2.671214834564151347e-02
2.900002109689938266e+02    9.997532733679143080e-01    -7.067141870140067512e-03    -3.411518259479434352e-04    1.987154037513549099e-18    5.514441648163200438e-05    4.710830793983299271e-05    -9.374133928984099395e-07    5.164500065980100957e-11
2.900000023214785188e+02    9.963086585462478384e-01    1.036893845787945599e-02    -3.226612792986851110e-04    1.018971953097322433e-15    5.815031034265801587e-05    4.685487021898453462e-05    1.398468453343003717e-06    3.496415782675752620e-02
2.899999383941965903e+02    9.994789096354491642e-01    -3.895867003026413228e-03    1.166027053558931523e-04    8.939755872819160013e-04    5.686933144960254656e-05    4.566752509682854881e-05    -4.373286934030029067e-08    1.507170346617395830e-11
2.900000460348176148e+02    1.002107093902479873e+00    3.545396781092133819e-03    -3.268901607125230245e-04    2.390774559080970291e-04    5.396041742106931320e-05    4.518931720812683478e-05    -2.706716205578513211e-07    2.582308777075194295e-10
2.900000928530977262e+02    1.001408541825457243e+00    2.316366658100976316e-03    -7.846915514724284993e-04    4.699803200638540879e-18    5.894902040006213363e-05    4.792942452437329098e-05    1.897354898151809333e-07    1.782397728351460542e-02
2.900005578032480003e+02    1.001828657001198941e+00    -1.845924605149894043e-03    -1.701880818494460755e-04    9.672238868570044116e-04    5.644976191880731690e-05    4.669832669920331348e-05    -1.767546157322160568e-06    3.238164528865116089e-10
2.899993550337099464e+02    1.002042597824728709e+00    7.582554349901374398e-04    2.092554190253981890e-04    9.007230410336196598e-20    5.768351132283491302e-05    4.682153735378193169e-05    2.784791330864873682e-06    1.218868705325614469e-08
2.899999776664775482e+02    9.995942130371102685e-01    -9.032366729575977762e-03    -1.948037923228542021e-04    1.543430649909567718e-03    5.643693750313222036e-05    4.586843315513422633e-05    -7.895261406148380059e-07    1.677326120385444784e-12
2.899997971939465629e+02    9.994288333164856875e-01    -5.333689851805593039e-03    -1.553271899933757400e-04    2.398712048955289368e-03    5.386845231369579551e-05    4.490656358457240251e-05    1.516776142689444480e-08    1.447406035680326572e-14
2.900003014695603838e+02    1.000241103289433831e+00    6.455325223373904915e-03    4.673659287022614915e-04    9.034630627480752562e-04    5.520503515836809664e-05    4.651624447053082795e-05    4.786433593230406034e-08    1.048401281715848593e-10
2.900000054839438803e+02    1.001359867826442596e+00    -2.176079331809575943e-03    -1.965857690928060045e-04    2.010777529640967419e-03    5.682663696831093575e-05    4.512341308408069626e-05    1.197602150352595828e-06    1.791158530563009268e-08
2.900001705878269718e+02    1.002774912093474136e+00    -1.989392196391103125e-04    3.049602732139187816e-04    1.952352189178543787e-03    5.619450165628006518e-05    4.633620327743576226e-05    -8.216841238759920612e-07    7.962134406242285523e-03
2.900001979884674483e+02    1.003456981650379776e+00    -1.927008862950331178e-02    2.171256426514203935e-04    5.716552138768574250e-09    5.749103638186888761e-05    4.740304219161767192e-05    -2.875563997167179100e-07    4.635139543424630927e-11
2.900002084391215931e+02    9.998337308332937434e-01    -8.596692856436674579e-03    5.611523877849823854e-04    4.474922042641280907e-04    5.722916875826456184e-05    4.752236144061955034e-05    -2.178121972768085061e-07    9.910197898005568273e-03
2.900004163522644944e+02    9.958521662448948097e-01    -6.841160151856052899e-04    -2.905650365667548939e-04    1.296044979106443077e-14    5.710843468106427135e-05    4.694447926711631914e-05    -1.357883878017463826e-06    3.077509867937576615e-09
2.899999705757515471e+02    1.001465636232707679e+00    6.158965950446034128e-03    2.550347956999386755e-04    1.672500565293293118e-15    5.624006521920346809e-05    4.605785412023275486e-05    6.200699389978969331e-07    2.189253833024293674e-02
2.899997854578009537e+02    9.984281724102408440e-01    1.280551003735620752e-02    -6.598662276302982377e-04    1.254354119847814674e-03    5.466624467815879817e-05    4.542013599619567775e-05    1.885070990266141745e-06    2.778600471172326816e-11
2.900002899597649844e+02    9.972893669239627501e-01    6.650633393824510742e-03    4.225661542357321294e-04    2.389940344291345336e-04    5.707662960142549272e-05    4.649088866523822943e-05    -8.221893562421196817e-07    1.530762512450855928e-17
2.899997913088922132e+02    9.998916178985725045e-01    4.360716060351969674e-03    -2.073722068079950651e-04    1.132924067166039710e-12    5.539957176617447531e-05    4.709976511711733149e-05    7.547273928489994384e-07    7.941278875168609761e-09
2.899996695210679718e+02    9.990711610073107485e-01    2.064510436704451550e-03    6.601585668312043602e-05    6.331795108656339664e-26    5.803950082629982929e-05    4.701008907124842266e-05    7.108002462118204717e-07    5.527029137728291534e-09
2.899999587131683256e+02    1.002326153167435896e+00    -4.231518684560857738e-03    -1.347882826191914478e-04    1.781304481619704254e-21    5.947193507542277281e-05    4.796803460356727060e-05    -2.795097974956847372e-07    4.612202647592190843e-09
2.900013948504772543e+02    1.000489581500481284e+00    -1.064283805221323542e-02    -4.689466589507125505e-04    6.512365236154752214e-04    5.537919252403282797e-05    4.613920208813046368e-05    -1.337613760565813197e-06    1.171516584431292196e-01
2.900004771745315111e+02    9.976054904427681391e-01    -1.197721677384638340e-02    -6.386472164757352318e-04    1.132521454875866839e-03    5.573667512505211857e-05    4.619632390793020456e-05    -5.132723936506557052e-07    2.580252522791038478e-02
2.899999986117212529e+02    1.002416932325678189e+00    8.946803209773275273e-04    -2.540896184655531704e-04    5.182758507414360729e-04    5.644758913909030584e-05    4.573357224709663645e-05    -6.357011147851918385e-07    1.002158543260497708e-13
2.900000200678496185e+02    9.971658273782467719e-01    -3.973768219053088087e-03    -6.791659884878011814e-04    3.876363164772043062e-08    5.378626134588600260e-05    4.538445722885781400e-05    1.965989903608243252e-07    6.496257612361187005e-03
2.900000784223475421e+02    9.968297246036342818e-01    1.615415021283352287e-03    -1.440008801607828022e-04    2.712957366552417541e-03    5.356804620816261439e-05    4.396260005098639426e-05    -1.146972593659488407e-06    1.327410196118604831e-13
2.900003391976969169e+02    9.992710891000519124e-01    2.053494027784231405e-03    1.534761763890538815e-04    4.453247765041656374e-14    5.765012334172525964e-05    4.690736770801254052e-05    6.491019424646444885e-07    4.433694955209528665e-02
2.900006651396935808e+02    9.997978229852961807e-01    2.944390217278950546e-04    7.167996215523084343e-05    1.463303894975488142e-04    5.434824604389630511e-05    4.541581152349539416e-05    -3.217384309197971970e-07    6.101166725154610893e-02
2.900002353571983917e+02    9.997405196550394058e-01    5.132116496056111921e-03    -2.172081198680842471e-04    2.930467356026304925e-09    5.494676983767029469e-05    4.544057769007193862e-05    -8.321538266904441308e-10    2.356029161410168327e-02
2.900004462642958174e+02    9.998347626375295727e-01    -5.061661249702284308e-03    4.140809523564858204e-04    1.311640633980725164e-14    5.294368579930658949e-05    4.441401794239165741e-05    4.111460158325282849e-08    3.839992664287493473e-02
2.900001851124379186e+02    9.978229565615197583e-01    6.257912851522555615e-03    -5.581823565856129557e-05    1.327688971809023273e-03    5.696820481640878150e-05    4.628874426618243118e-05    1.161595520553331129e-06    2.178581773698057278e-02
2.900007170363387559e+02    9.979789089231891897e-01    -1.422288888134861512e-02    -4.405284298947288453e-04    3.103654706719602831e-04    5.738935854355066614e-05    4.578415803179456713e-05    8.361315411628519458e-08    6.372251251388751092e-02
2.900004288817236215e+02    1.001552574674655194e+00    1.429586592833457289e-03    8.414204771109751218e-06    1.086031911262316145e-03    5.662940347216328187e-05    4.670475813050791483e-05    1.382652492686514853e-06    3.808408773750518450e-02
2.900006079494070832e+02    1.000056853353732622e+00    -7.039649879577962802e-03    -4.360730645319481824e-04    5.967998450242862924e-04    5.637118833518169839e-05    4.585027968420229435e-05    8.167502377616827749e-08    3.948075914986376445e-02
2.900002518683708672e+02    9.981025497861715223e-01    -7.354185513347684736e-04    3.361278605492100456e-04    1.046301594992918565e-03    5.533483479091706584e-05    4.509671560601691081e-05    -5.492345218950615588e-07    3.326648648368709120e-10
2.900011202736571931e+02    9.971078880115352705e-01    -4.448205174601215645e-03    2.010901189552460856e-04    6.757128286850452512e-04    5.504694387144631456e-05    4.558514525441841568e-05    -9.231632395459403287e-08    1.062009949985042584e-01
2.899997846547501581e+02    1.001012496074255020e+00    -1.463489859713696609e-03    9.278900758184705150e-05    6.043554455548963596e-04    5.844900067580979970e-05    4.732253665238818932e-05    1.311804858668116640e-06    3.080021513833289153e-11
2.899999832998601050e+02    1.000177546681626728e+00    -2.164989130343403147e-03    -2.607092825072584996e-04    9.213983884623210430e-04    5.433465858309299346e-05    4.625138496611527501e-05    3.628421365813369274e-07    3.013857817651585003e-11
2.900004436354065547e+02    1.006854154112385213e+00    -7.453101781642184308e-03    2.642154470839613140e-04    2.488899209001501467e-07    5.382554854168435912e-05    4.507531860843000810e-05    -1.043523399405880094e-06    3.833439350855849265e-03
2.900004955417258543e+02    9.999607538000698792e-01    -2.132302565504119209e-03    4.529504839787811834e-05    1.520786417696404474e-03    5.631352812422874422e-05    4.611523226063387704e-05    -2.815888838960249030e-07    1.841493114803499295e-02
2.900003478950788462e+02    1.000527837450185364e+00    6.103556429214679856e-03    -3.041006930041784215e-04    4.601072053441954722e-09    5.690881592203638731e-05    4.728969596469655238e-05    -1.255347038385057396e-06    4.167611388115418986e-14
2.900006907130413083e+02    9.986377612197784304e-01    4.601960457024812517e-03    -3.581009547959236160e-04    2.601386799462805655e-03    5.449939491202516757e-05    4.506330839462086745e-05    -9.092214538851952902e-07    4.385398671066099985e-02
2.899996550131414210e+02    9.991097058186980684e-01    2.853071087613475061e-03    2.857539020079021539e-04    3.705953969930036197e-19    5.700419304401458954e-05    4.691229353669933584e-05    1.455301924892682788e-06    3.695007619800330352e-04
2.900001434963253928e+02    9.998977411138548765e-01    1.489299647877967946e-02    -1.628455839730892087e-04    3.411404949979994588e-08    5.463178692727162889e-05    4.629581401749914820e-05    6.147863912732052881e-07    1.902737329432894613e-08
2.900004306297710741e+02    1.002308523480688329e+00    -4.340263599139156277e-03    -4.556154714119235293e-04    4.587331664003854090e-15    5.534635651777885585e-05    4.595551924099405605e-05    8.342763621001801899e-07    2.081825781924287466e-02
2.900000740048893704e+02    9.988408303365812202e-01    4.564120153387658980e-03    -4.320855624441324676e-04    2.801325689643016470e-11    5.607118075886428969e-05    4.574933015957173863e-05    -3.567355678517007505e-07    3.910806976270692036e-09
2.900000731488601105e+02    9.997561164633257391e-01    4.875387275480344389e-04    -1.463217711520305349e-04    1.623229921133370983e-14    5.411894688983339368e-05    4.584825399968736381e-05    -1.106243370300407521e-06    6.290047415055935164e-09
2.900002205020343808e+02    1.000555193627462813e+00    -1.097269630269868523e-03    -3.077212700431128747e-04    7.414943343285119668e-15    5.450482575544462522e-05    4.526072749379207900e-05    9.152276378160937204e-08    1.767610214693796024e-09
2.900010111077153283e+02    1.000569730122973677e+00    1.028641789166335856e-03    -1.813942838807722203e-04    4.032646903061483512e-17    5.395033181528010349e-05    4.530038949926176549e-05    -7.844903656110690560e-08    9.180276495011577276e-02
2.899998952020537217e+02    9.995142191667044651e-01    5.763936764487610689e-04    9.008580377718252048e-04    1.773949984987806955e-03    5.595470407135780857e-05    4.563796789666324581e-05    -6.712830619930548622e-07    1.814344912985290195e-13
2.900001734728854785e+02    1.003114252105965054e+00    1.060790919578052417e-03    1.782740092487551374e-05    2.972435512216538319e-05    5.589064097719646562e-05    4.743956092670339195e-05    -1.061494378766867907e-06    4.291774951063020537e-05
2.900008207781349938e+02    1.003673200068177396e+00    -3.248663670019229927e-03    3.034766924074514221e-04    1.291625339133082315e-03    5.647061601489426611e-05    4.721961910819260559e-05    -9.418434958842351049e-07    2.552022355096100412e-02
2.899999164765982300e+02    9.980095593309290525e-01    -7.715818171790324309e-03    1.618343358804080908e-04    1.411093224376118416e-04    5.433757593205183756e-05    4.484827088518723479e-05    2.156375066249004326e-07    5.312385573627766849e-09
2.899999627177105026e+02    9.999923618040871265e-01    -9.533434677843075425e-03    -1.122010490438467886e-04    5.478729363877851874e-09    5.823299986574824211e-05    4.614296886868192454e-05    1.573832628627624371e-06    2.633711319589017881e-10
2.900002024613468734e+02    1.003702126652465054e+00    -8.163757672465443357e-03    -3.525755683429285920e-04    3.102832985994724698e-04    5.676090184276408757e-05    4.620899521387724615e-05    -1.079718068317090717e-06    6.695166100447851867e-13
2.899997406878227366e+02    1.001972337070882624e+00    2.144014375778816994e-03    3.058598772778407039e-05    1.353956479085093121e-03    5.518716698988786537e-05    4.572722038148315437e-05    5.857692193227456086e-07    1.097113792795420539e-02
2.900000813592006352e+02    1.000813075939860353e+00    -3.178728418302343740e-03    -9.041253867977381610e-05    8.953291598417571729e-04    5.656778390526162164e-05    4.668728543857573858e-05    6.339190561840442368e-07    4.727062071733790756e-13
2.899996498740129027e+02    1.000548887195250369e+00    -1.128922241045247389e-02    3.742881176543197365e-04    1.903004768884154635e-11    5.414353012079358270e-05    4.514036938459508019e-05    8.410266402742890101e-07    3.080363165542120401e-03
2.900005853959171986e+02    1.001091600699894668e+00    -1.504262107815435966e-03    4.407872550239108904e-04    1.169248016802613611e-18    5.561678165484971017e-05    4.702513684759963592e-05    -1.554052229798942131e-06    4.688048441838918700e-10
2.899999641615918335e+02    9.987275953660779138e-01    -1.533223523367803313e-03    -5.084401959706613336e-04    5.610715851992022565e-04    5.656134144177383735e-05    4.709670876897855058e-05    3.237932922314901275e-07    8.087340299636105883e-13
2.900003395462098297e+02    1.000876763373205414e+00    4.802261558970072862e-03    7.535250500839769027e-04    1.021333755415641635e-03    5.403707244548131336e-05    4.543081570206451177e-05    -1.979646627757106863e-07    4.013527429785500303e-09
